group,stor_Losses (%)_day0,stor_Losses (%)_day3,stor_Losses (%)_day6,stor_Losses (%)_day9,stor_Losses (%)_day12,stor_Losses (%)_day15,stor_Water (%)_day0,stor_Water (%)_day3,stor_Water (%)_day6,stor_Water (%)_day9,stor_Water (%)_day12,stor_Water (%)_day15,chem_Ash (%)_day0,chem_Ash (%)_day3,chem_Ash (%)_day6,chem_Ash (%)_day9,chem_Ash (%)_day12,chem_Ash (%)_day15,chem_Proteins (%)_day0,chem_Proteins (%)_day3,chem_Proteins (%)_day6,chem_Proteins (%)_day9,chem_Proteins (%)_day12,chem_Proteins (%)_day15,chem_Lipids (%)_day0,chem_Lipids (%)_day3,chem_Lipids (%)_day6,chem_Lipids (%)_day9,chem_Lipids (%)_day12,chem_Lipids (%)_day15
AG,0.003724553461831121,97.22820356784172,96.63298754530626,92.5167170036482,82.6850622277721,84.40478272742122,77.54036093260946,78.47665567902683,77.23231742361749,72.17726820380435,66.26175606862735,74.88252031678292,1.0638909742956326,1.0832281241136976,1.2088381813839606,1.1425631272657435,0.9281629792001712,1.0125618995988759,16.2175927824623,20.232821970870354,14.62771116195793,12.874199712654429,12.21108592213175,13.707211711996377,3.7047669800577223,3.0513355890801197,2.521471561832805,3.446399354232395,1.6341588903190523,2.6636616169314733
AG,0.024002545362209585,97.01114001698073,90.38084809807002,80.95557659699531,94.614146335976,83.83437432838738,82.046809265478,73.77878055928123,72.6369489702839,62.812756022768276,73.5038691359821,62.055721675596104,1.0632445952012153,0.9993130706154646,1.0546589374041229,0.9661991617833144,1.2280016973546635,0.9904359354082669,19.310500667664574,18.995840671917854,14.303167933663433,17.520758503198785,13.26496233699749,12.370628532256168,3.52951873607214,3.121074901701745,2.990246465319744,3.506558775981743,2.7405972956270404,2.1943832569335546
AG,0.011779887407297181,98.39936385712163,90.31852330520148,83.96119359858379,82.50244772303034,97.95057938921693,77.74133368936157,77.2978890342371,71.84041797151325,67.06087275748617,65.49830099819219,81.41900591412656,1.073268782068026,0.9897710039942079,0.9298723395798199,1.1005118113883416,1.0999434924746558,0.9979744819548427,19.66823315099058,16.940573688505744,15.770966976960798,13.283858752268284,12.922213684325742,10.431958776960265,2.2456598182213634,3.9530472306887647,3.644783841747154,3.0680641315577173,1.8516194335512688,2.6673935753486666
AG,0.02640208865664349,97.45579111271914,86.68711878683831,95.70275162555063,86.3920123530495,81.88514429504754,81.4733496245829,80.55557701638809,70.50734625472585,77.1845228074029,71.0129162264218,68.13535757382998,1.0792793885297667,1.0897381012300973,0.8936999442803815,1.030789718026758,1.0282441489746017,0.988312295098703,19.333977380116064,18.49031319644116,13.28685525907464,12.157483826704643,12.423553938389484,11.964042024854525,3.248277293909579,2.509083856919699,2.844975192643704,2.840490161175681,2.318762712596371,2.976086519687234
AG,0.006398636755666473,98.51235564621525,87.28772507546823,92.42215475156772,86.44564561958245,79.65806022325258,77.65302543525951,81.25956605684075,66.41460684546938,74.54345976026181,71.60343711553185,66.19913749812962,1.0660770635463617,1.0586085749528833,1.0011588158467364,1.1728479519279946,1.1932463967474718,0.9970857106806229,23.028129904521194,16.76582042762161,17.292869340313388,14.530808105443112,12.158290739275923,10.24186293319222,2.892490346585631,3.273656523621698,2.8935094294141392,2.594237122200787,2.606967404526237,2.559980850928919
AG,0.0012423098168594692,96.41724661646815,97.1191285225971,90.88230446149508,87.24448660905277,87.18896934719247,76.50966424876742,74.59550601046188,79.97496578901546,75.64962160087317,74.2916094519638,71.67586774898275,1.0641885950402248,1.0963641095619705,1.0360653818620036,1.0665684417290344,0.7620253502228789,0.9951843761064331,17.366346656051586,14.472888928068794,15.71953985264588,14.767714077396732,10.336078874567857,11.381796451373381,2.6627197461560113,2.7757974857792185,2.9897805039918737,1.8322878351182774,3.038727263018524,2.237628327780309
AG,0.008561631187868514,96.26786089502113,86.0385538610838,99.05446100659637,87.19486889707045,82.819948678669,76.66831540608221,76.90452951178925,68.38656274539139,81.94879387252412,65.57739548326511,65.75197771284788,1.0727792733432595,1.0715488684518444,1.1637889947253288,0.8948498676159704,0.9718969249472047,1.003322359415162,17.50130654563873,17.158363794714916,16.018021297537246,13.22291793520308,12.901013063850844,10.383229405388514,2.4922342143514253,3.4635822521294255,2.8282251855585003,2.8531886839079252,2.9311161157758057,2.189749224026651
AG,0.007109660136762615,97.74441066248183,81.46013214131803,95.74021546887528,83.92476023277862,88.80946630119418,78.96832442905706,75.93822905887403,58.03215886406788,81.46421428984507,65.57016288926172,75.92647755502355,1.068161712697228,1.0611676921602409,0.9561354965842135,1.0305561302707358,1.002830997505947,0.9912324468684035,21.891294489780794,13.966292260655013,13.664360547616791,12.782296935402524,13.293326575760197,12.343886871131735,3.299001335991851,3.3535647066892316,2.9831842245707145,2.976751061258581,3.6881570086163507,2.2095513135202833
AG,0.0010672312042430004,98.13197057947639,91.83800302817089,90.14230059659619,90.44637745817998,90.14862292285898,74.15516160442927,77.74978704429724,74.12721800022683,70.66839740663677,76.94528537923067,78.89849670675125,1.0693373244812263,0.9799427361330908,0.9500902164513538,1.2153663217952873,1.13410097811783,1.0112569018874877,18.298028716141474,12.598637193566237,14.401492419514435,10.269211378645474,15.004609653708133,13.061039483156915,3.4874185533824735,3.501875512646455,3.190430924024579,2.141544228962726,2.5437810248310018,2.6731711682678254
AG,0.01419940997491573,96.35463404249192,91.6168990055813,81.22763329999094,90.83510319963533,87.82894900223573,79.37309090004149,73.53380217477411,79.67563382123492,66.31473686294085,72.23282023151313,72.0509971073778,1.0672299783324966,0.9530281323483143,0.8572827272997752,1.1318608423178385,0.8324529268971348,0.9999693857487509,17.32895680923602,14.388383584690558,17.443914505628,14.783586252593741,10.246295344151076,11.563034083800462,4.017980660623866,3.272033335651406,2.675098247500638,3.9739026798991306,2.0935603605896924,2.5999002296184015
AG,0.009403760723462802,95.67546624656543,87.30761640786942,92.2551289173288,83.44123056391378,73.20784445385509,81.47237538366048,74.0163491653923,66.25033354796507,72.28306949619639,70.55085108923579,60.63600143834247,1.0790224167493707,0.9673446750275089,1.1097158401456684,1.1078522253343586,0.8463846884465468,0.9979835593940858,19.460137794004492,16.64234546359066,13.207854862955077,14.599428918248293,11.153911833566491,12.976754981987717,2.750060438492809,3.5093210670740027,3.1304938716512405,3.312716554607841,3.646676131728267,2.1136379240114076
AG,0.0007902095352451258,95.8111668703503,87.58637791433777,92.37373136646461,97.17077375351158,87.13072001211677,73.6260156761684,71.00463459867747,69.12304033492376,76.30172980498048,80.30081188615168,71.46647758624323,1.0703108133375518,1.078982219201971,0.8646554646424177,1.119288965655506,1.0988864716220732,0.9835491397336085,20.156312434803727,14.755782235865428,16.023299531573244,15.483257752986352,14.605752993098944,13.019253418258998,3.168900590192975,3.7072238717974306,2.982334583831358,3.3328663493782478,2.593977767096962,2.4784918760617476
AG,0.0022769660622598414,98.30779031832634,93.8940628321693,90.17409110382847,90.99699875652253,97.0398801381149,76.04070830111847,78.24309914166994,73.10430579524866,71.61517146971268,73.94480162573458,76.89596190446242,1.0796139620535319,1.0826406422220956,1.0469103948775322,1.1322290604548686,1.0653319484042105,0.9967900008894931,20.543678299269125,15.982288009720662,14.267725154940536,16.131802213054804,12.338943802456479,13.015800661037105,2.32473109163666,2.715895571439176,2.9339432965384957,2.835798100257184,2.9730003928010884,2.5848580338292133
AG,0.015216036978921604,97.07005266328483,94.47614965036976,90.02407137890732,89.6506615408229,82.28956147232957,78.99078877993976,74.82287929667321,74.42739719490294,71.11742045697926,72.25251795634047,68.35719408744337,1.0654667133094575,1.0890265099378684,1.035281248346348,1.0562476478838099,1.0866318936530293,1.003184472977743,16.337520629430884,16.601122491463695,15.89521170826147,9.120989075266735,12.836473131642846,13.57449484718602,3.0482719167119727,3.614033654551753,2.46195606629362,3.3124535448993835,2.850637423552601,2.622867862707348
AG,0.019216090892306293,97.2259164305171,98.75147392413862,99.20142268328426,93.33272172329474,87.41687484226942,83.92424425059953,75.11978655876854,85.6318211237903,80.793905736789,72.90876294759025,68.88830986136159,1.066807978836044,1.0570725250972477,1.0287421466248665,1.0606407304252088,1.255696980861162,0.991561144682222,14.165151526916222,16.18794569440708,16.149182173403283,14.123822578894723,12.395359147215709,12.16227577385534,3.8627682614862175,3.487562067243992,3.0095629502610795,2.3765876228105367,1.8600445496645706,2.2951901971315127
AG,0.01452463577175909,95.5307382149261,94.74454101864656,86.21367344563318,83.04485679996097,96.31200599823164,78.58948927642084,74.99049332611008,77.31968945327597,72.16269218414989,63.33679613670601,75.8130088014848,1.0697672077384932,1.004878528775123,0.952951465172903,1.3873887660736823,1.0373433224898392,0.9869010299902368,21.08511053250838,16.86329001619131,15.734418014408952,14.81800355671307,13.759552250452396,13.548617438772288,4.18004485394544,3.7470550462660888,2.5415868504894945,3.595006164363215,2.639167121996739,2.655830049225881
AG,0.01221523011064939,98.43340587993156,94.48498162215483,90.2284594843882,90.41347205924019,69.32693559462426,77.84601578865262,77.44004789484607,74.45506825643821,75.67057128828223,71.08631935147596,60.24625518790239,1.0640692727466299,1.053997256216167,1.026348354847216,1.1590611668079138,0.8359600084977266,0.9903988634416303,17.495162165221053,17.10944419888695,14.18737819313664,12.886083573519453,11.9153113909245,13.239333294499831,2.951629418079739,3.17025204993234,3.395522053932336,3.788767789979863,2.769400150192174,2.7603563145908345
AG,0.010697950775211915,96.25386162307167,96.38336445898567,79.4452017935506,89.48521075494133,92.6469021272991,79.80269092970596,74.70105056342425,80.32819082970124,64.7082668773092,75.15553833518557,70.85909933796884,1.0731952184175662,1.0843880117554479,1.2563545566011944,1.1401767936702203,0.8663772953247173,1.0009363263945388,16.902431044886082,19.89915845078545,20.46317003081522,16.394025346552418,10.895656346273356,12.697912233751763,3.3781292057238477,3.644826355252056,2.2807826083094023,2.465070551144722,3.188839905035171,2.2978764107972927
AG,0.003909503715502801,95.45270927832613,98.8404587137663,83.17446313663521,96.3041104249869,89.03604535384648,74.89503487763623,75.20236158196302,84.15567248133847,66.20188366279265,78.93745238036992,69.53591092941306,1.0503868783433994,1.0979451689408903,1.2327784605731718,1.3374467960954877,0.9159789890298123,1.0020297580881652,17.974374109178783,16.914042332332784,13.96353839659618,10.072351813031256,13.258248043785695,13.97499211298039,3.5638467416961377,3.6406879692981913,2.4757097455516153,2.4835868180414735,1.8127322854357009,2.0188745114528275
AG,0.025923180844766282,97.75754991259006,89.8936181990109,85.74633461737452,89.66408328312191,80.96195272923457,84.95144875191538,75.14530749021372,69.52346592248696,75.41487100030858,71.25182462503741,64.05907659293347,1.069116235165764,0.9592051918990022,1.1314122553183874,1.0039332254579416,0.7854875028498916,0.9832981544917406,19.919037937590808,13.613880258820789,16.375103074441068,11.425607583773678,13.562080073103832,14.538267637021535,3.1507433578574755,3.8396661391881795,3.340227410370063,3.132225102867446,2.177552485303011,2.4273760590578437
AG,0.010770625152515423,97.67881517541879,87.3095822467077,88.29801431728171,99.60605594006469,84.99861085620776,79.08077948717379,75.69871417191865,67.5436424050395,74.918346999088,85.72110997772484,73.04349922844948,1.058881697172164,1.0762974596860846,0.9106794744871589,1.1835987593996677,1.1874847252767529,0.9973662305723159,18.883661378851755,17.362623642049517,13.6547284598011,12.950907662798421,15.479836381613012,12.759003156962697,3.184081460711954,3.004134212517605,2.9252758885944363,3.130737640208893,3.0073353174514943,3.020583753046375
AG,0.0013930826908406955,96.66496972352203,95.21577811178301,91.52510877777316,84.89435175055556,85.41562573563255,75.04190857549852,77.20531816118077,80.01144391540072,67.35500829793294,66.85418137987887,71.5644211451058,1.0600225406332162,1.0106345135438235,0.8874722733865299,0.8480909595174617,0.657961103212251,0.9875453041876494,22.766209650861548,17.20055295137746,13.15488575306606,14.31981691338842,13.554114944470337,14.014328110575164,2.390507911894919,3.213321617663409,3.4407991284646235,2.947683059464251,2.740169107119476,2.0749038681036134
AG,0.0069025251523693685,97.24152025237233,97.24217339394218,89.18879122960688,93.2624703190013,96.35452746180977,79.14370538829435,75.6314432695358,76.1367788138738,71.37206857985954,74.31083516206265,74.12475055677902,1.072557750442381,0.9912359881313716,1.2816326522895933,1.0979639274479427,1.1402587002623532,1.006574434357068,19.806514392024063,16.34337022440221,16.043768662907674,11.932231512816642,13.987287193706914,11.679166737405344,4.1701670772630015,3.3621498254999995,2.8682600309170296,3.213899234783029,1.9986127649902161,2.3860580750945206
AG,0.02742671116157049,98.38090703131668,95.8354289672196,99.36678248673785,76.76840836554906,83.13357836056052,82.65358249619628,79.69786019225238,81.33594877601583,80.5003578437935,63.044361442159946,71.69440582023398,1.05539640349993,1.1280315743737925,1.1855314585718217,1.0447510640569155,1.2225641836795569,0.9877447860768018,14.342826301835998,19.2111386831279,14.30944922248362,14.467477569597287,16.070954734177512,11.966384248235347,3.5477385407152138,3.875930703291472,3.696842344202504,2.7290272622321567,1.7751459575303317,2.2217063960407826
AG,0.018605457148490285,95.65202563074337,87.39513821712487,90.10237658366445,88.99096968842598,92.68499385771572,81.2996787781356,76.0744457532065,73.04858409179646,72.76959191209374,73.9094118331964,72.00783377440439,1.0629352107028445,1.0748075942685993,1.0041222587013345,1.1858985816388634,0.6877910429328158,0.9772359626751681,18.962327416943165,16.698671635328655,13.06444205304301,15.957256737269239,11.945508739617779,10.571800466775196,3.6734900930036547,2.570392590707122,3.4176274795554096,2.0674366971090494,2.7767704357625407,2.479656681810663
AG,0.013712759525753624,95.630122089387,98.3514007567482,93.45118214959993,81.74031910133655,84.80323625247333,79.08893733802134,74.45034651253184,83.45303709995146,73.45296135304218,67.36911378831158,72.4183174208963,1.0578156828271494,1.119130690435594,1.0883801052288535,1.0397120180095856,1.092526949783686,1.005885406914666,19.74618026155045,19.42481091757581,16.870403523831342,13.48671646865615,13.312945465056284,14.078340014812175,2.8033598421880384,2.933286228941102,2.86176086903363,2.6292712355368737,3.0902529003581236,1.8220857660591614
AG,0.00031445085450259615,95.81770410940912,92.98324554221556,96.71119564222626,81.9941787206997,83.98292046809948,78.40435856155766,75.82880737195408,76.611305877384,71.57108801537932,60.60176535149277,61.33135736695514,1.0617133086962034,1.055057764607508,1.0292821979255395,0.9044075648931277,1.1291619799229604,1.0079589439155123,18.253496901073007,15.177476082686514,12.328450422158445,14.82670289084869,13.986109657387995,13.233646388974773,3.487214061883292,3.8861335196183306,3.1953426248204084,2.8935319214311805,2.7778915044817936,2.1380877228112363
AG,0.01224365891801015,93.95945528382491,94.46003299246571,91.09349482458757,93.31335369848819,89.11977749694141,79.01676995901373,77.21507251092261,71.89308622222124,73.2749394429129,75.66406056826631,74.9977412009941,1.0562707901046648,1.0524277327664913,1.0057316759567019,0.7630114807791231,1.1812916051715234,0.9764082806119875,16.264524928135536,17.725629326854722,16.83133674016435,12.715060626440618,12.777303543873801,11.673656692886613,3.411954462725714,3.4403701088778185,3.054389714589978,3.0543945782189756,1.5267109164679902,2.13446752428577
AG,0.0019666869343944174,98.7270090929069,95.13374444177255,99.63249243755935,88.00122584877636,74.17868134895242,77.82503746676278,76.05129865294398,79.69490053949177,87.6769440995432,69.7890271748789,57.79245410354521,1.083797725743081,1.0787845608206619,1.0621037103883497,0.7102969244350048,0.9328807994146193,0.9985822441651253,20.519436340511984,18.9790978159006,14.807482235090303,11.783397695332383,13.752105264666659,10.739619922850887,2.6492640871777313,3.6073167332109,3.2285440393159717,2.8709240223443246,2.8114870993646983,2.621849470801469
AG,0.014815928176589353,95.54819248763818,96.50896339312669,88.26362444419819,85.87080751780762,84.56932473771177,81.28730277144146,76.4958466244575,86.59409074065566,68.9657914720617,65.7848100724425,69.22793682438304,1.0646125009787546,1.1160575880176165,1.1417889279225946,1.349564632480273,0.8781167849865511,1.0090378478211561,19.65729694851409,14.491080056316235,12.467725463909783,13.422515667588982,8.545385351255689,14.664896451559624,2.6889418642150944,2.814179882413749,3.2414895131884194,3.5168673569493754,3.2651673135139623,2.1249032553927423
AG,0.005045483225568393,96.46186329366846,92.33743913238847,79.88559736044755,87.92164624929183,80.43878222536131,78.06558701590764,73.00381293399268,75.80033196350426,71.91429124595679,73.91750182688102,68.24023889678007,1.069599230445135,1.0708231757351354,1.130004311849122,0.9960410243119389,1.087747563901582,1.002663429956779,18.17663505882099,16.70335055869731,14.8988005254211,12.466983242552976,14.209772677328381,11.431258719362209,3.2374858648384714,3.5182089610471396,2.9699461269192677,2.888252857974628,2.5051265403805965,2.289826810954585
AG,0.007846650547200263,97.43958660138769,98.21534195461814,89.22030325107684,87.66717781581515,76.5036617244535,79.32644085674566,76.21109286849585,82.473639709406,67.17066557888118,77.48511394127969,62.8929691215082,1.052161914724338,1.074414083580937,1.0440894801794998,1.420542447990087,0.975562868081866,1.0115938286727566,13.532625191473912,18.015345880282233,15.13234390513138,12.014447573995987,10.652749251522609,12.775726160516715,4.392161023326142,2.9485056833158305,3.210036438445362,3.6172092104120237,3.1392684843121414,2.636291548645089
AG,0.010824480346482986,98.05031349815033,93.29608815759185,96.94382965845186,88.20722418913965,81.09922205794382,81.02030330675814,75.46090896592179,80.15181047714694,78.93669730069998,74.33842323351061,64.35513637818752,1.0842865262319261,1.0542451376878432,1.1681084986970256,1.0090479585068823,1.1164065213229906,0.9929935010821995,19.50224263653613,17.017711275423423,15.29696668644028,13.009495476781568,16.05081696904202,13.021227160266735,3.8348640563774197,2.562012862876528,2.7874290682587284,3.3455384012709954,2.5756864013697354,2.51343887039566
AG,0.011728653443868056,97.62434140182806,98.71978652294166,76.97531448017848,96.09049066627523,96.18351792155065,80.68351868923052,77.06466347446278,78.01492494008447,57.862886977451616,76.93886857694062,81.93004341717118,1.0673271215224764,1.12725201139723,1.116600536073521,1.2798564492764397,0.8970375256573487,0.9993867736814747,14.486067919239542,16.60336162786475,12.421880921542636,13.073958005774642,16.512115892547214,13.668462588797974,3.1101835278837755,2.966889505716938,2.802581812338391,3.128589297620965,2.5863794323086005,2.1515905570934026
AG,0.00744840960858996,98.61466153706866,89.79494610294306,87.54704417590797,92.62481881972137,86.0609854164532,77.44137143403032,76.4591341913034,74.73572840196397,71.39282595156094,78.11521696863329,72.193160561298,1.0636391338462823,1.0149247327122672,0.8928308197191901,0.8005871568896994,1.0795822988065724,1.0037364541359766,19.15659578259867,16.280210523572602,12.668439835583117,13.59965844149307,10.787987649048993,14.952760758573065,3.6745930928800146,3.267333336820679,3.065109573961134,2.879223203336185,2.237836474153743,2.852437263336472
AG,0.004866919952060874,95.73778887811616,88.2055950946087,88.34160649554268,94.95976661965527,92.83695264279048,76.80358865882629,74.71011491566686,74.43493782016509,76.14817402850869,81.57216463954592,74.96576198484046,1.0872840447380723,1.1272551999514024,1.2711642583418954,1.268365317208061,0.7803037811643864,0.9955216256091124,16.498038016368017,15.97398429666985,17.124308784457963,15.852079518742832,14.686740734689309,14.863236487405219,2.8239312930744225,3.4758471308061045,2.624441521920705,2.688557306028637,1.8589045319938384,2.3217886170615896
AG,0.007917507546465917,96.13701359082927,90.7917941740664,92.51400365256823,85.02707321564094,82.40982465455582,80.04931229967545,74.72798679727912,72.06524135120691,78.62632243512343,72.07438963116152,68.27360281171411,1.0769424554677551,1.0602943279750616,1.0727655396525366,0.6853289574085191,1.109465713263597,0.9910715702718371,20.11529324518606,19.84266743709872,12.143579619809334,14.842808559276772,14.066039069223809,13.784358207250902,2.883668683955457,3.1841899996182654,2.7789464414717227,1.6494198518635497,2.7225651633166272,2.622993981572737
AG,0.01758919420640502,94.93897590179682,89.80546270339727,91.40685801360885,85.8139217991214,87.87984516036535,79.82110329052998,75.31774165971274,73.50665055710964,75.39593331101932,68.48315424115597,73.68474834086949,1.0725021403948143,1.1169371682335618,0.9640610856487248,0.9097253823194948,1.0589539942869863,1.0086828581798084,16.818787612917692,15.571779376477858,13.327360887543515,15.332134279738673,11.360544561062397,15.148980696214918,3.5375116636632162,3.7892662093559535,2.729967069222944,2.8759344486867953,3.104616750145241,2.225471608165356
AG,0.01110140470706646,96.92461675825702,84.2151196800242,96.61781381127396,89.36482132600509,91.76734887631021,80.11121704866844,75.74787688242704,66.04799711477527,81.86927855275978,79.87238300371936,77.10660197371527,1.0859754150570877,1.167552647213852,1.2521853290748381,0.9154076475922626,1.2728261269281842,0.989979862880923,17.89723539844552,18.40244317103808,16.729824316388623,15.697608716394342,12.823588320747058,13.022712044798443,3.694108224433856,3.701655466350174,2.994957077780199,2.3715910493618484,1.558967723041319,2.662817081894174
AG,0.0043819090148467,95.40553802062057,84.64840678937455,98.93320075618053,91.01631532803556,78.43226009655464,76.03344223163478,73.15849253081271,70.43117978701575,83.49550150736395,76.67870860068716,63.31353952098783,1.0698215042008745,1.017180658523249,1.0725483101861575,1.4590970048802314,0.7510177153374478,0.9888143130622717,16.384455663138485,16.617540340807967,15.726845290605784,14.790979319127798,13.514684274514131,11.183875720628077,3.878886794981809,3.2859584424361445,2.5409593702084043,2.2144833789155216,2.403868976354434,2.2551489571860377
AG,0.013266546807929519,97.3161516954014,94.20430293882785,84.68216560845312,84.42946149263528,87.82731622163494,80.95594342094519,79.62721707547088,76.35454096499514,71.336859770513,76.46256627082124,71.95330073191053,1.0689930138939994,1.0923227818279986,0.9981919383290532,1.2102281751304274,0.7967637871635346,0.9963649782908292,15.046741424362235,17.617649259580343,15.468113311940238,11.160826905981542,14.061350769835864,11.215688893245272,4.337975730117255,3.3224690044051566,2.2669382408730554,3.103469328977379,2.099358931905453,2.520277981575888
AG,0.0058049839934843145,97.91046523445952,91.64627943946665,81.3318051230107,79.43572450154556,81.15725003545427,79.35525311745802,77.38622420073088,77.11263495606644,68.15483889418154,71.60739447843032,64.07963021954761,1.0824340340271936,1.0412082935890534,1.1458752286109444,0.9287338054053059,0.998628935809362,1.0042167343895012,21.24970439123008,18.44109697636411,17.33746615506736,12.363808150790607,12.9868814524659,10.052167733311732,3.7225954608791563,2.3880842662844946,2.7162490291579786,1.9401814890467444,2.657971838823663,2.832926133267579
AG,0.00764102745603824,95.61257460940473,85.54422914611126,91.2686057903076,84.76288628691033,83.1704805548676,77.20980994373124,73.04069565767539,70.00132864085596,72.50295723291595,70.779096619557,67.17902469886545,1.0638857751482114,1.169007427090833,0.9616174255196231,1.4003733951143444,0.8298080364591447,1.003396806997435,16.37571756922079,17.50728296978355,11.739957980615667,14.762596006003577,11.80090656731913,14.16135311036772,2.600345681121587,3.4638474378590964,3.5212955200085645,3.1782011302075297,2.843915241834436,2.1564178598359702
AG,0.009648958782017544,99.24037929659369,88.60471799040653,83.33326963348834,87.87451059503495,85.89406359044077,78.64988108610204,82.12405439039962,74.88666416535605,74.75210655271607,76.3395280571575,75.721653582892,1.0713860156740767,1.0012414960684612,0.9434289287880222,1.0120096867580015,1.1581690953241632,1.001987513541288,12.588421415192254,18.440882658913498,15.167874416745141,15.112061795275665,10.180559040454222,12.477604407981044,4.53103863712258,4.02096385544707,3.091774745963072,4.129170609457793,2.5795353640164937,2.493909496502053
AG,0.0003297848151324353,94.91761938176177,83.41984999293683,87.99697435856852,91.89263979037068,87.99837640189706,72.43553595806863,77.56932941228234,70.32142939233252,64.39624212306123,76.04557643228512,73.65440367907509,1.0711756076257284,1.047933458314157,1.022798275839033,0.8283070616807572,0.9746104370964568,0.9903864962574225,17.125009857951703,17.353969223216072,17.537922652969456,14.391732109185202,14.7998247306438,10.821068613629544,3.483498656284872,4.15065698196277,3.0518255943650843,3.3679495796777976,2.1249991155853287,2.2175296171716465
AG,0.019308307836926022,98.98822989334562,88.97240940177038,88.04252490732928,83.41482003021298,84.72433901064015,79.48644347598426,76.3210918507755,68.08959621258471,75.79132532478155,70.26755804960769,74.03107167037943,1.0697552789841187,1.081682048629912,1.132004115070979,1.2330489289162976,1.1705122729846114,0.9988645629237569,19.149085410151987,16.804895852246673,13.233246484150694,13.750834833726405,12.918917568746988,12.147477698555218,3.1887037088059516,3.6729763902237775,2.6271069789055104,2.0444288231484267,3.6464551008489847,2.896303923378528
AG,0.018318470007256154,96.10488418796604,91.57265167849405,82.44005395508302,88.32899640065774,82.97189426061298,81.77358473996011,76.39163128743837,78.80894431129231,78.10028394479978,71.16682043969683,65.05174826760842,1.069265591985396,1.0632082988669371,1.2305610934746805,0.9729751533483113,0.8903717351766232,1.0147650442923086,15.678859647413166,18.861726779968425,13.84926154238376,15.290075629421045,11.5412730160707,12.689601612730081,4.06994296370041,2.9789731194148508,2.834414629036772,4.00224874710642,3.021813465391455,2.785396038502934
AG,0.006324011969628379,93.20781237773915,79.04503336162551,86.80305725458139,85.71885898289894,94.98623158171564,77.03660116963397,73.80796793954063,68.76816628214836,69.4151337594624,67.72914710768241,74.199490228326,1.0485524906077204,1.0213527901536488,1.1066007559023892,1.352969946135532,1.1913515613066332,1.0079022357477418,16.22628565173732,16.320888012417203,16.354126952063723,15.572659250438381,14.187910852112768,14.554883478802447,3.575311437393338,2.4464608702345676,2.6265932485283585,2.331408573009784,2.7923376709371577,2.8806670649768393
AG,0.0024095943278745653,98.73017496262096,98.58255813766456,86.95171361335483,98.89274607664227,88.51533048720626,74.28805622261257,79.0008934309886,79.06911134564756,71.81126595543995,84.64792338022752,67.06274174258677,1.091877450993423,1.0698600513619523,1.1477709504093925,1.1630708282625783,0.8389060834418889,1.000443335282282,12.570009719039223,12.873507644787315,12.931170547086554,15.97496768692183,14.741373662207344,10.69128872905324,4.159942415654924,3.998857934921645,3.166992897979056,2.2693979481095394,3.0602526730347748,2.616844894401894
AG,0.025194669167245536,96.03683892078189,94.48211637815089,87.27914875960255,96.46298449653001,71.7302162303004,82.38092917463732,73.71460571306397,77.48253557792141,65.9381552509069,78.80860123611215,65.72145408673707,1.0577742040656624,0.9928915455520007,1.006214212804747,1.0832569347607037,0.9406901647007337,0.9932700632243219,18.09854121568768,17.90112315345552,12.435116193210854,13.892773523987486,12.980909760273642,13.592203197642162,3.26886984429686,3.577476057509228,3.368493039427578,3.201211616234478,2.5918983069973285,2.2630666898039684
AG,0.006291227272785448,94.43516446613721,93.38939395079217,88.17878552889808,83.47882985818569,80.87335688452548,79.31896805626103,72.76226121694319,72.2460554927642,71.72622375816054,72.67402079297882,69.25751571701231,1.0689222413298591,0.9657170624751155,1.022717104866749,0.9948048456043292,0.9317773550180861,1.0120952273387696,22.290004193362407,15.2904690696683,19.159168926198124,13.608465666349945,12.770875278128859,13.18757622718895,3.739332359684593,3.8731000292913897,1.8652794065729628,2.8246838380578003,2.2383487809869846,2.6452396223533667
AG,0.020293904565426076,96.72051670990857,85.796830013119,87.55407030530598,92.644786735182,84.8181566855659,83.64038627664202,78.20713383371576,70.16924715425117,74.44168343627877,75.43924275261709,70.87842597580769,1.0627285850329604,1.016254580494535,0.8618508799178933,1.0892328386249115,1.2013709986339054,1.0061027203472634,22.228610593786296,16.965276370384686,17.304893810532295,12.78922914150429,12.03195466306949,10.669391452231167,4.409991700320255,3.4469289765938464,3.0561320724133245,3.216104994152281,1.8704952744361263,2.981659562589314
AG,0.0015909186195623582,97.30216476350249,99.85196932426308,97.4761192555001,89.61946302879427,95.24130969029068,77.70663719630325,78.63321283510376,87.44478805059899,78.40205593933571,72.43081778699758,73.49313017669168,1.079287526177135,1.0122374913490644,1.121720987860905,0.9718757975089564,1.3383713324225528,0.9856255020311109,19.329594557739536,17.655833877103024,16.417776882927875,14.487972115588363,14.917814781471638,10.60185512377079,3.0719822205183047,4.055346958634955,2.610457866617916,2.4757455083226896,2.519279225598235,2.624331584464768
AG,0.0045245965270642435,97.13510358201005,97.13691253830862,88.11050590565131,86.60987496064924,88.17035885759253,76.57845312144735,80.91074005307257,75.91642575326888,68.73325725796208,71.65845938359348,71.94809919550734,1.0558078581586356,1.046681227269256,1.196434067703413,1.0581882259447737,1.2234348212294925,1.0153940678807316,19.162523650677535,16.274983892821357,16.899789620696716,10.524897408163763,15.072654818526484,12.538849197802993,3.2963809674281825,3.8225284237701302,3.417603009917019,3.9249996175315447,2.3186809252602663,2.5863007150724235
AG,0.015533690991468596,98.14520488796899,84.33063939384846,82.2735740869847,92.08803410203222,89.29812532584053,82.76844196338213,78.17761988256748,65.88827361640139,74.60021401924786,74.11945006398143,64.90174360369336,1.0500790939984426,1.0994583000666511,1.2188549096401138,1.1713172308816266,1.1462761358613724,1.0117058701819068,11.975281489641999,14.51945108176479,12.068019852644953,10.638314936922326,13.908680569148718,13.366735276100503,3.695910912108697,3.2587618343008447,2.7939167247877554,2.320870246567308,3.1269368562803965,2.07527999162505
AG,0.005319139002701101,98.09100050696013,89.98537020301373,93.14017622574322,95.94928090218895,94.54323087588541,76.18979677512047,80.85975353448394,71.13249901774047,76.795588081089,79.46261648606664,75.61915487024369,1.0668682009225694,1.128731694980993,1.0595244936612924,1.0510662129239785,1.2045836466774453,1.003893429161607,15.198495121699715,17.19544875175634,13.91538809240655,14.382059771549448,12.867831445988946,13.703019096600004,3.315448198855278,2.342497358963674,2.795733133047725,2.246977237251679,2.606041986483047,2.480839082163103
AG,0.016007512550296494,94.98459008828195,93.64151712817224,92.1289016959498,85.1014811031737,94.03400826964356,77.12399945828957,70.85378353878527,73.9194111185239,75.82354931173136,67.74581578015827,77.1867735829795,1.0669954912915363,1.026294645467158,1.3383890955516093,0.8217662725483431,1.184311748595508,1.0108778333219197,17.629468156497,15.551030432128435,14.814078988852206,11.19501851916649,12.254790026846985,11.420053002205107,3.3692637515651795,3.2858171627184416,3.1949710595674503,3.929751056524573,2.2580989239259246,2.7041274113524247
AG,0.0035907894532031044,97.40790280564892,97.97010231430828,93.71150169617101,89.5380427495375,80.33144629925881,78.00578841708771,76.44219212362088,80.76178810317664,73.91139912206923,72.63102794184502,66.38668681367484,1.0671538715148463,0.9598028608409441,1.2019316475070958,1.0997331697572261,1.1127189112250013,0.9997998918151414,12.878214791922765,17.063582445737516,14.655554868376873,13.235595284751634,11.724296385829042,14.932285010671535,3.016878044275251,2.7045023220441204,3.3900599122206296,3.0867530382404227,1.5833390436878911,2.0078453571475467
AG,0.007722086477491761,96.29533703597326,94.42498751362608,91.02594183173994,87.37589661469664,89.29948007476258,79.94841455846469,75.08570991817534,76.79774026125345,68.7471292690274,70.94925807757252,73.93129657520801,1.0869718977284315,0.9936926684733263,0.8042567965365385,1.240225595528745,0.5574474464233289,1.004458652014443,19.92254231269485,16.03848779016493,17.543106858325835,18.022057733986482,14.351148083836266,16.386538361271974,3.0533035954289374,3.2849065051021884,3.2411383139449637,3.198514274755515,3.159863318769305,2.5175978190119386
AG,0.0023549886865678036,99.89335684837468,93.19797501287992,82.40617914706303,91.3263549254353,94.84705145325161,77.76189691163862,81.60284703892846,73.41309614920799,71.93747875870805,75.47324806774965,81.49413410892677,1.0608472825769069,0.9372336723024184,1.1027583009900008,0.8106042706394625,0.8011171807617752,1.0019760629755672,10.952390527670472,18.550411574884766,13.053750286638522,12.305462015922082,12.998295152082001,12.67872282584413,3.9457588279784854,2.911075280405465,3.496038924221975,2.5716496474069985,1.7422231945222604,2.398085401453523
AG,0.002348606709729623,98.01533047593,88.70895845309896,91.99507117069372,85.34154999429096,90.55758545954117,74.0210548014443,78.75059051179258,72.12688974281862,76.02629945666413,70.69764216237844,74.18592862352965,1.0705426980827801,1.0008301744514065,1.0676637764430097,1.3010578051762902,1.0455623782353147,0.9980775051468176,20.648838817117873,17.00339255409173,13.421576828313288,12.311377644724674,10.766729156654666,12.88681349599808,2.4536967293134695,3.278925824551374,2.2553718441884256,2.529650346218519,3.8356793143987007,2.470430196120308
AG,0.004208341194525012,98.12816937050061,86.249042058475,96.15377011602709,82.60174898760467,91.7677585126284,79.3938071936458,78.24053969044785,72.43903778640403,75.68117408747027,68.59666594073167,73.11279042462073,1.0717664741274242,1.1164635945582067,1.097067686469891,1.1051346753199276,1.0389571424627728,0.9836873050083188,17.681256848563223,17.217091892047357,16.88151138400981,11.067452483428005,15.052983812502305,13.409779534747603,3.420856359353077,3.890291074884172,2.7802833177508424,2.4800144647526663,2.5216028557320733,2.663657640376715
AG,0.0043108915975567826,97.35929330243479,87.07124948021988,93.21047283770284,93.88627575560909,88.94412383497729,76.37714443969708,74.24408698351219,69.76363874793599,70.15103137382468,82.83616286210798,67.61422545636856,1.067151359474785,1.0828378924446072,1.1069586443797679,0.8909325962919108,1.0678192571058056,0.999134890720688,16.820791810089315,16.67884386973946,17.552672164109993,12.422373862364184,13.869656457999133,12.399334727408252,3.75073713159146,2.7074275019912855,2.979564544056407,3.1915606410071957,1.7099523557496052,2.8672443716715517
AG,0.01580591032914412,98.75341757031231,96.72369530553016,92.22650945514948,87.57559671551618,92.2229128559474,82.66715183765696,82.31981719552648,73.1997407686525,70.53147892705414,71.57385256519356,72.00091292410573,1.0834703398951202,1.068800970774739,1.0637131396351882,0.788052787430893,1.0801297633220468,1.0006250694402576,22.616828166325046,20.122126992763626,15.118933820979489,14.720168752370787,12.721255291243354,12.487764852834601,2.863103941778374,3.329179108357432,2.975832680872767,3.2373008701826422,2.3563929415587697,2.307522369400847
AG,0.02055042018711896,99.67761198734448,84.86787214379942,89.1796594183829,89.75065686502626,90.57298414631362,83.72741535747603,80.89830308997097,64.44631366092682,73.2272671059789,71.9816290290213,75.35583481514148,1.0619822590219128,0.997497493053841,1.1242959642735413,0.7669576108395181,1.0663637878058374,0.9931868577992523,15.407607123998414,16.572147773862167,13.705831185791961,12.924165704346589,15.796134543866318,11.147030250708545,3.747866804045575,3.5828645265976644,2.785752630614304,2.3140134226772595,1.9988287228187085,2.677492773054552
AG,0.0044381017579977885,95.81891961031897,82.5953160454743,91.34525647472802,88.91693884157253,74.45747256046697,77.67937331958976,73.97770137259543,69.86692529830587,75.0824050827917,75.42532308922296,68.02119656916791,1.061698026836242,0.9779338230316873,1.0759315175836053,0.9274834862227492,1.2377012689776135,1.0067644030811616,21.0688130576625,15.405850856998464,12.908514165895046,13.649387852884166,8.692638138600973,14.373347696972402,3.629814436909427,3.573764268574233,3.7211402956016784,2.748938178032069,2.201107048773329,1.7047336972813172
AG,0.010240060951501755,94.97742848994748,91.99572072851865,98.94227516556077,80.06615213627775,88.52667295864325,79.18667064089733,71.83908824228378,72.14611120942814,84.06189243322032,64.49811095794149,79.81479011887137,1.065986934112511,1.0703966636066133,1.065235972947007,0.9658474129801724,1.0714195082118287,1.009414263927589,14.132810397762425,16.814760553282227,15.130457621956266,14.478465173993094,13.87413950218192,13.150851588078812,4.2849152822688445,3.3084602926279665,2.5961283433479965,2.3545760606937254,1.6983471403184165,3.056233169502835
AG,0.013874668489920281,96.92877686214571,97.92233442700221,86.6300613754661,86.22310070360437,92.6555711530981,79.4348430455583,74.52938461831302,83.30198817281064,75.52152277019783,75.50486896546519,78.69859216010018,1.0834669750745862,1.1153085124990945,1.0657188845013073,0.6143370653532454,0.7272613629496344,0.9927322597589361,19.37029327751016,18.12616416114421,15.12760033160269,10.18641499005545,12.748535003873874,12.81041767912414,2.965790021215546,3.1396136071066145,3.3141221207627436,3.3113452049173246,3.105712479366198,2.3197948874502536
AG,0.009747232353725785,97.44030510177897,99.35825407543685,81.44855833003862,82.90303015308034,86.87558386432947,79.13284861255548,78.38601921511984,83.6962703197216,64.94356996279015,68.11474205929082,70.41518755916584,1.0790272174247686,1.1065576505687036,0.9220948470198023,1.0502804261736123,1.1377006971738,1.0107345407410566,20.54717108954086,16.98655667213791,16.25483386602242,13.88894560724419,12.61214471535072,14.612533303226096,3.331809248465394,2.5894174304477544,3.0162223190725643,3.4668049704719768,2.5637187754432937,1.610848912393318
AG,0.017086081563249908,95.3505718441181,88.46992032754237,98.51518315629903,82.37141062623755,91.21176204654097,83.87996254307352,76.03401520379334,68.45331275241372,77.2724210068163,64.79703284559498,76.80135444493291,1.063332360397482,0.9569358932749717,1.1838249239201604,1.1609612505114932,0.7389993863893229,0.9886843114956027,15.297206067905911,14.224764874219927,17.58424554105937,16.22543265230552,12.568752946744379,12.831797948545885,3.0974867949108864,4.226027381041017,3.3008417384219886,3.020953839892746,3.3591519594916024,2.688373888630048
AG,0.002804578288781654,96.39236999554457,95.45986522220844,88.72788321301462,85.88541834763741,85.6177099087752,77.79544612047088,76.27158681505067,69.99094630992812,67.98297103677282,73.50320873934179,68.49987067590698,1.0793042381807625,1.0760545869705642,1.0961665656490793,1.0576068489212211,1.1575007650857152,0.9998299391665562,17.369026817046763,11.976271969525218,14.17606704653513,16.537045458571047,12.814390509389609,11.052241807071876,3.3691129811693057,3.312691107759962,2.9928151634003117,2.8449915491076836,2.2977688326511414,2.511388681922994
AG,0.001897549027305457,99.72335661095642,97.78188326553011,97.06781370669403,91.04931707077836,85.18185261278354,75.83025127185263,80.00883307844802,82.08265493366464,80.36126707290235,80.13459675254383,71.43238756437856,1.0702742825389788,1.0019565675403153,1.0946148808327116,1.0623722104910118,0.8121240276684911,1.002024943351117,18.759867945916987,14.444603109158896,16.26902969768724,14.467975876960525,14.52541320143618,12.738717477291974,3.8625694395890378,3.6159642112609793,2.483941278406051,2.481202848770751,2.2094916420120057,2.504680754773395
AG,0.007210403971630019,94.59989944240958,99.75826395058611,95.73846132154583,94.77418186918933,93.01098022964756,77.82310711952928,72.9804714173122,83.63625014392518,76.70492992853244,76.90137392417277,76.33823292100051,1.0661714266033788,1.126994600741518,1.2165255663241321,1.1168380508982356,1.371291171185406,1.029287295870914,15.099652066512139,17.530722920790822,13.897693472273804,11.682650057199302,13.698383120443898,11.132090055250245,3.129243535962264,2.71050721615403,2.7177393461657893,3.1036338307502547,1.8169689707638663,3.0816231466457356
AG,0.010701653088041954,97.04152595232283,91.21116710051679,81.9695055438864,85.60254910226291,81.6487959312441,77.24833003966354,78.20901366733288,75.25559932490567,69.42088677374038,71.71255356293342,64.75750968824003,1.0586032980539253,1.0780354125833433,1.150056145854549,1.084735262153647,0.9481524615237916,1.0065896705881767,19.508484672082673,16.557564930044467,14.269958766900135,15.97556501861585,9.991822472496517,11.389917153380287,3.3078776015401297,3.3352064246512865,3.7034449469685633,2.3452345424300827,3.135593351253986,2.840916923322791
AG,0.01271478388011068,97.64705809370201,97.48766033615054,88.94225899365709,86.48907180432491,91.1802278630064,78.80728388696409,77.9779584851765,83.19274524693836,69.91294366810575,67.3590677570649,80.1114030168941,1.0715767618778602,1.0761852631944562,1.1674002194841822,1.1015320733313207,0.9079806196561937,1.001081712990265,19.758171207750607,19.98530727438657,17.741273529631233,11.318884936406693,13.261031835104074,13.460753476338223,3.589854339388294,3.945465872518855,2.3712612468521908,3.964678066060854,2.3735078185752796,2.641502774513178
AG,0.008973366391694616,95.14874712080018,90.240013261343,89.4633693593889,81.13239994717813,90.42254868993422,75.67004652409354,75.46903038515397,74.5409802721094,74.25634608913286,68.21941675812315,67.80579258472262,1.057660738825656,0.9671702329805064,1.156728743985224,0.9087486067361291,1.1490518042016715,0.9972858291695887,16.22499338612824,15.32232967744709,16.88404449518029,11.078907555743347,15.185334146963017,10.94440641282359,3.377052186754487,3.5002449228124703,2.8256810904935605,3.084297199370842,2.3847774766569887,2.1835974380222845
AG,0.008844762328632098,99.62688173122481,91.28133980537206,87.87920207293732,80.67086716150399,80.10106702813745,76.30127072907264,78.4243095722477,71.3211294355106,74.2862511689388,61.05423491318239,68.45438405634854,1.0732518676971023,1.1516655919247816,0.9972007102020216,1.2692031720532073,1.1423484335909684,0.9960160658144718,25.11077246293756,16.571383992613512,16.445085370758708,13.240166806241042,15.271880094114296,11.370265231025641,2.2593480018406678,3.0654106643714325,3.027381164278988,2.4236791085931655,3.1282931654351973,2.5544795136312235
AG,0.0019412908033263447,96.32101376562228,99.56247909899199,91.4913881064466,96.6644461913984,96.19814974035873,74.11366408178888,77.11038192588671,83.49651876603617,72.9544715938232,81.60155858206687,80.38672955651866,1.0496754634267866,1.0476481832703908,1.0415670046903807,1.0232456399221812,1.083507315272418,0.9912493500673277,16.341139788868364,18.64042847472338,16.36982548529027,16.65088063786059,13.714460750698715,13.15782848901877,3.553340888623348,2.6921282592639733,2.090295164095552,3.7813089165994445,2.9010408471674185,2.1624257687379402
AG,0.004162606645662891,93.56316027136077,97.58536249590098,99.36261485762296,92.17798598978435,86.66170902672188,78.0733186886579,72.4633393573032,78.05532385834469,81.29242112045577,73.73260740582113,71.61451215348958,1.0991192036138762,1.092039855957888,0.9926893224042218,0.9640091067271055,0.9105171130826896,1.0076593613310756,20.086534711408206,12.620384772480596,15.345376078378324,11.890769600875167,13.225162393768795,11.955368179220084,3.3850130025291163,3.352424978143401,3.3640963805965427,3.1904075582238236,3.3932036548769453,2.578776320375438
AG,0.0021991857757459998,94.49472108238518,94.76920206539405,94.23032271237987,85.58857791114502,85.3682683802609,76.55340620867568,69.5818524318958,79.91966809055042,77.30478553634613,65.73090649890811,66.54697548992823,1.0813311848720533,1.0719590865229787,1.1279304443554976,1.1017013155027362,1.0398957800323942,0.9963076198566868,15.720212252077586,16.034703040628504,18.481157580661478,13.5463498535408,15.75429565928556,12.018531133575443,3.171539587054995,3.0575500475567114,2.864497284666648,3.277151250021297,2.8437388977145677,2.2169519086380736
AG,0.018344548080699127,99.3703294872382,95.95381254288561,90.9193020459439,87.50937734023103,87.77978774628791,80.48218800207694,82.84065488613352,82.84007250413616,74.32292013889163,69.57138368735941,75.34476558034865,1.0838958167875374,1.0899183146894615,0.8503448381401216,1.1448357702612322,0.9943221935829795,0.9707391839151033,17.038000460292835,13.945163627600595,15.377830441776368,13.368278363576783,14.935175707602253,12.099361480011224,3.146700941193181,2.938565203946965,2.9400807903226736,3.2887305677648087,1.6124478340859927,2.5988933950990316
AG,0.016070716297242337,97.22630763830337,95.5708709063538,86.17143781527633,89.9946100523008,93.23184189961444,79.21359149836059,78.53123111528419,70.11694705599183,68.57500946477693,75.39613948649807,77.5637763041367,1.0712515230720536,1.0458416618277426,1.1037595103023583,0.836293772496716,0.9678083390662534,0.981124644491971,19.934998984413234,18.79496707750491,14.045504476554331,13.89783993670431,11.344148762713898,12.209850495359717,2.9469557321801014,2.8543153991929184,2.8274195811407505,3.322732029197651,3.6431210787191377,2.775461933476466
AG,0.005203579625982453,98.17020582569756,92.00478221144495,99.93442715638729,95.02398638521335,97.28551388387537,75.33915540234395,79.05340498910347,71.60005861794195,86.05368644380042,73.2633257128167,78.29407095803492,1.0598926834282087,0.9302976933280078,0.9125565287594225,0.915829615479255,1.0414729368391955,0.9938022567018828,15.084879389276217,15.762069131324825,12.933241284586297,14.322751455051684,12.887816043707053,12.820659859900687,3.037960628986719,3.5642536645418024,2.821797173281885,2.2868677215561353,2.5297758300793323,1.9839357349389557
AG,0.002458698956903304,95.85554639049195,96.78053908609674,81.25512386752251,98.35041195334696,81.7290742073179,78.3660324316012,74.92397625364963,76.18836925035068,70.5727105449088,80.65086198316865,65.02691786810581,1.078716424282283,1.0618569947289422,1.3366512136350153,1.2710554208480893,0.7948490986677842,1.0051505452832787,17.19159112732773,12.413545397235549,14.986698630995745,13.452874525419437,11.859005133923318,12.928144495187077,2.941515346693377,3.52776589701257,3.1334906021569324,1.7154328806068304,3.0897259352401845,2.2669840114041406
AG,0.0025767496830099174,98.76718542448245,92.95548406076995,87.36611477307945,85.34709997220757,86.67128389547054,75.89320861551029,79.66278964850024,73.55075394957832,71.08635170489019,65.65427495848097,66.413624082711,1.07379994193655,1.0547257919285373,0.8541323028344303,0.6273210211803368,1.314371353159093,0.9900505547549462,18.132652479005646,16.66735248443017,15.74117121949913,15.301271218844313,13.17327529274878,12.602405446109614,3.3268687005431636,3.718280179307298,2.7124534993556813,2.255885804516135,2.4640804077818284,1.780530530407701
AG,0.012358786857768424,96.6943055258349,90.73300728393662,91.18238232576172,94.38121910122734,80.13446946990844,78.66077579138798,78.33799270726658,71.34811640791612,70.23884440220442,69.63022398984924,71.5621725369183,1.0854602056204812,0.9935577608226658,1.1988801860581226,1.3577364098330529,0.8469318038506126,1.0081590824319395,19.08546014526396,15.391409622048975,15.051272576042606,13.359382960417332,13.773416663010341,12.784735364400738,2.882360757772314,3.61684441149754,3.402044750819271,2.4248479245383017,2.0578123828042685,2.995289544634949
AG,0.009903742279682786,99.1175520617295,99.7475766122303,88.20512876063131,88.16119076756809,75.94875506796627,78.80460875536632,77.65299578402637,85.01756728406141,72.07323750183762,71.86996265639942,62.40222965341161,1.0510876113097662,1.0025822269525213,1.1109867328612804,0.9610480910745016,0.9744019602377999,0.9907450339002669,19.346989933156365,16.68382271301407,14.037925520367695,15.847240061532405,11.699900003673662,13.073400601876495,2.7338476266458285,3.3150198394791968,2.921150618126857,2.808681452977719,2.8645399061300876,2.4874938155631403
AG,0.002864695986531313,99.91653834298351,89.1522084122946,97.10969002022583,88.43743482147856,78.6264883391593,77.31216401235014,83.09550187133208,74.39553517208017,80.86519333545074,71.94166400650396,67.31678448574498,1.0781241029005866,1.051950479915474,1.0205167068140186,1.0160760776932096,0.9388862660672822,1.0035185512316467,20.298388689047655,14.62755554586177,17.591470232226555,13.407506161151607,16.434356847460307,12.662816837304897,3.468238498973364,3.827602761350271,1.9008824955911943,2.189697634097404,2.0510642190754904,2.1412714202405567
AG,0.0066856452856985495,95.24992757420576,96.69731241093811,90.08159221147142,86.47547510890647,82.62118430390014,76.56785879716331,72.16181303065039,80.61504085086918,69.34631246588062,72.04225895791255,64.81709655549597,1.0520532145792902,1.026565603522486,1.0419754360961235,1.0961653173922918,1.0101246767758887,1.000370916183889,16.053041924716123,18.366599823911262,15.047208945121199,13.556503382316661,12.332348184926088,13.428604633764802,3.0982386156783,3.214125867345327,3.2707792977439265,2.866311829005935,2.2188707983765257,1.7506261598982482
AG,0.009248017803480323,95.41292326033701,97.07440551956111,85.61395605991795,92.88108770307069,91.98625819174632,79.69044200123119,74.14994946945318,77.98521246379889,71.77486981046232,75.42211307577396,72.00223772013175,1.0820752367647752,1.0805581599394882,1.1308960605414735,0.9996714777128726,1.0213613857153259,1.0142324113386487,18.067052818704454,13.237430371025736,12.973658442025316,13.208640870532744,12.390155254846729,13.24560493886782,3.2595423701892954,3.3299196407145426,3.1022736882182227,3.366917199379347,3.07633236575729,2.222738543587719
AG,0.011055118213189427,95.84391449994642,95.54016481132103,91.34509881047484,78.26783992026128,84.8325335900215,79.20825604211788,75.11175076983984,77.11814392012307,71.68514602559915,63.07528653937816,68.62700126855748,1.0629190787872564,1.063696438569069,0.9769073120935137,0.8846281028494597,1.3172551032640265,1.0015950058271939,18.552601371073507,18.05348016349683,11.236792495567995,13.828551361903742,10.926493011597248,12.067097650140855,2.8168612350467783,3.258760013652548,3.7563311323848056,3.130640972943093,3.0139342730817935,2.7519291633691565
AG,0.009648461106794853,96.59654122941875,99.42353106923828,78.41475919226764,88.65466660425685,85.63715548862727,80.49001167001549,74.4916980619541,89.63366154373217,63.49111712788021,70.86692911265668,67.56829882264864,1.0496959002270216,0.9072252988434802,1.0987399978932446,1.1243680084139522,1.1348122247452694,1.007411665598708,18.591231550964793,12.318074294982907,14.471531687399697,17.40821392649357,11.354569325281252,12.372448881098421,2.831419091162537,4.125685018718351,2.3164022172017744,2.021170323596047,3.4641050494918963,3.077965842109652
AG,0.01907209550238298,97.44015247192054,86.1243585676272,94.33469363045364,79.50102427042704,84.89938724932138,80.94556463789871,76.54687862564658,69.82044983271845,79.85737363974623,64.03722202720797,67.55770740208158,1.088922985879802,0.9738539357282501,1.063215704970321,1.3873879446909338,1.106825478020856,0.9829239233889695,18.16681168653916,19.996201894471493,13.082247306073786,15.009090756828137,14.9343410015037,12.71046386809814,3.3985558611128583,3.547862654473238,3.2344532168725455,2.987334371039861,3.048679396768173,2.3195693429959015
AG,0.006684440973205704,94.55382141931806,96.47957642051827,96.29667734273721,90.0649343619593,79.00474458662872,77.9954016503787,75.83096498848835,78.49979240549435,75.48293575550976,72.18303222501477,62.663690758567455,1.0679160084649508,1.0658347382006492,1.0483174573465215,0.9761543551931636,1.048416238772904,0.9901810291015857,19.307930060903526,16.270824014081064,12.337919925482325,12.260574030374674,10.852961499691789,10.67621258072947,3.4291350010822885,3.6753377671199594,3.3140809030883362,2.8801929798521306,3.2352300450295806,2.5383093422594727
AG,0.007872736793275185,98.53083720063361,91.7818917511015,99.40000894174327,93.84824930875033,85.37271502375305,79.12386597240261,77.8256644833747,72.13028638187639,75.8446220461797,73.35434677226907,71.05662758574518,1.0578007532195761,1.0644822732936192,1.193454327198089,1.2717640428262975,1.0024822480128697,0.9977333824144091,16.338529595848495,19.840537978935615,15.958268877449811,15.738592889216207,10.766063351090693,13.656716316936386,4.125094435937118,3.3925346060031787,2.581998799233602,3.1668124637178603,1.5285605929327237,2.4033767873441145
AG,0.009275448759317758,97.61682091862913,89.0728756788663,91.51586871924077,88.32256423551706,91.11030469819674,80.4034230010475,79.75685015365471,74.67084030791452,74.87653706383055,72.15387188838163,73.55618199869328,1.074401652062949,1.0837008934974057,1.1692744021521542,1.024294139873264,0.9968433921614087,0.9824117825320886,14.973227797068642,18.49263390108115,15.62884274929977,11.368023785593968,13.481770768426443,13.6568647556739,3.7555662308364495,3.236268618636895,3.260200510094355,2.2958834645660215,3.0723929666995744,2.2928941333905586
AG,0.008227122682896566,98.46175035674106,91.59703918986848,83.4519472056271,84.46517667246461,97.58233130225967,79.03859340340433,78.74435015998019,71.15386710075433,68.01475193830174,68.38298260753199,76.30061755092386,1.08780831146969,1.076120505131264,1.0283051043816076,0.5449985278957287,0.8813433832622385,1.0033643323653891,18.70755613373042,19.583553489051422,15.546809654163122,13.065375079733213,13.179601478762907,12.228293768918359,4.006755873817429,2.903527265496848,3.3088933107002103,3.3429083891020346,2.5233871527875014,3.1631779167010854
AG,0.005653261100584789,96.40472613573199,91.9321837760997,96.51997381076727,99.73701844072833,89.66133969991293,76.48181169816259,72.05043797528093,69.30773060360582,76.77122086619441,82.55045905220595,75.50836107935191,1.0684015700946883,1.0042552473073112,1.0188620472045913,1.261546086289548,1.2736961218801561,0.9964457370655179,17.200538482552346,14.413768641608485,16.276643288674812,14.964080975226803,12.818928843244384,11.845228562159258,3.393788895060494,3.0070183681626412,2.5558530352675533,3.0882844096125472,2.1980926265668477,2.713307152815677
AG,0.006868983630392088,98.59328141342311,85.61979651262193,93.0534129861029,93.6859201539512,78.65308525511371,76.59614567959818,82.87118214011191,65.75301569311932,79.76854595579081,81.42175235847894,63.2629208972453,1.0772933393811115,1.0453451754400511,0.9801297573552689,0.675547662878117,1.0247083263720564,0.9934900199841057,16.25251094173429,19.68907504138579,13.909147399139076,14.67730583076975,14.31056924618322,11.75330573127311,2.9953514154281207,3.1559608614858834,3.456671145982881,2.0526661069360745,2.9707200126111037,2.67533268640599
AG,0.006882813494538719,97.67306073354966,76.61429273968258,85.5322833277557,76.83209423554646,72.72663007727128,78.62593644815735,74.6559007590166,61.82545354286888,73.00821871664853,63.10693236857343,65.14250475207866,1.0563190209646887,1.032119429365071,1.236000761779636,1.0784000834774985,1.277870074827287,1.005611509561694,17.0488576510383,15.110300897115753,15.677339802807914,15.681783168365136,14.926133277809193,12.1673635220719,3.1378729726742853,3.634068380144986,2.7807082093248106,2.2652244998051865,1.883297351928086,2.4934224295656766
AG,0.01108561009657627,98.70932864665873,79.96316124708903,91.98900088344104,88.46735782105644,98.47123699039517,78.51717180438185,81.77418698648883,64.81364361199324,71.33162734878191,67.51033439727408,80.59485639653099,1.0923208812387453,1.0498491220612047,1.0506082430512884,1.070598860107874,0.958577587475719,1.0130114662374754,20.51430756470583,17.538375203778237,16.619740382897575,15.318092396875286,10.477569851902565,13.027429307630486,3.624150981581425,2.718371943901654,3.429774530697193,2.493665651573966,3.756046059362923,2.313565691158714
AG,0.007971155947139222,98.82682249702945,91.14512853588464,95.7513320609319,87.37378379821611,85.95344455325875,79.11387130803868,81.08231970740462,72.42429584406884,71.60273870594212,69.72796700764485,69.090523505549,1.0639731408929598,1.0664729473304417,1.0597813274141696,1.1927096914863062,1.101980872666471,1.0012954333028445,13.930998335869713,20.31665426697382,17.757718286618204,12.63834727681113,11.224424716351082,13.68773173517128,4.147274883725362,2.2867446613981803,3.102539833723592,2.605575427835216,2.7716867041219997,2.638493068365578
AG,0.00245897358445574,96.78678014663834,91.6622575186782,93.59121054537987,77.37183727054862,90.13301615790157,76.82560560522523,77.70601824913471,74.2143567513894,72.29340104085638,64.03636468483197,71.04355946761922,1.0768698697879016,0.9748896520177873,0.9995734723488306,0.7731842616995,1.475827245980893,0.9984416780905571,15.473407499275197,16.47904842034559,13.124874023500247,11.54817776452197,12.435035190973792,12.259027478633408,3.3103746371952867,3.08869029044525,3.2703971383538546,3.5660430116015474,2.61978672735771,2.4989544931035144
AG,0.007663119178055449,94.96890252699097,92.55271922963107,94.32538276687137,89.94543196356781,84.76592014253168,78.59328154714063,76.93011818663516,77.60942497086897,73.85101323198776,71.99481560286827,73.80579583806976,1.075134896341056,1.0871312309136374,1.1850562764329076,1.101302725191046,0.9572461040155932,1.0109643214166402,20.04568084071262,16.204180598495313,18.179998047515568,13.554781777718171,12.126433308944376,12.755056221960277,4.485863724990981,3.2944672786732117,2.7901460229482224,2.2030539430897167,2.2563838264960205,2.366369589977405
AG,0.0015893066063365556,92.85637418723823,82.53129804407344,85.86552777237293,96.7181807765459,82.50736096053302,76.60371814750798,71.95459274920925,67.5021850995469,75.56227529331426,85.66708876539397,60.81180476267357,1.0736311391677076,1.0951451139816066,1.1042876905537313,0.945852408901823,1.1418609966303708,1.0017608383132013,22.64969403270269,15.27337634443225,13.446249978054208,12.136993338802512,16.787496614437046,11.455401524530412,2.534519434251053,3.5850472559739934,2.9967423613289097,3.2832207653508108,2.192963362213186,1.7684086576294638
AG,0.005850308271617204,97.31474593851311,94.52252043539075,91.71802136568257,83.08945120466606,94.86119619127774,78.98556888072142,78.1111761651962,72.61366769746488,72.70901722357593,67.57650677379422,77.62635288688763,1.0778247589415266,1.0993967451030788,1.055914830511263,0.9568808144802474,0.9976494667562357,0.9961452869715732,14.974573782234351,17.7965247677272,16.54800697194364,15.47499095447714,12.866738492577264,10.813695897539873,4.671626726253889,2.791071263901325,2.3595496869554724,2.4521628680638434,3.4115775780255784,2.6344548429556265
AG,0.002418907460446893,97.16829148909747,85.96220658523879,96.73524383991733,91.62470151907127,83.43503174800375,74.64841358296283,76.03878134621873,65.217186075396,78.69675146154992,77.33348533923797,63.17430039408923,1.0677064211422986,1.0239559113587418,0.9969435395331323,0.609907405926843,1.0668007990655124,1.0094961350172431,19.36046911320344,16.754397921943983,15.262626364291592,13.799344074730435,15.455108949447695,11.236083837108781,3.511834993897626,3.578307121751762,2.744168320907745,2.7431461632397607,2.0518336830910555,2.5566797018734433
AG,0.014818859276755749,92.28183675756895,92.27406539446613,88.62339625986597,85.23415404060435,79.6869570694947,77.9897442251669,70.99941630754287,70.17920988697924,68.7232240743841,68.39787954836693,71.83378765411867,1.055344413773627,1.0852696951589809,0.9844466653032266,0.8991104326769143,1.1036648925386763,0.9984857169689145,17.125875714157974,20.34911784041315,15.037308238729011,15.467107729954623,15.186179723591923,13.019506263696487,3.900975395535588,3.4030501599695615,2.986228929971049,2.495884798255312,1.1593526677512391,2.426233301487768
AG,0.006391695175012301,99.71042238489555,83.21533532773452,91.18811508986384,83.10768678233059,79.78914290111679,79.17356333074443,82.56758797327183,69.19006640736163,73.61667057033543,63.942130217557676,68.65281405236776,1.0675095866980793,0.9710552560173041,0.9706054333069416,1.1155731561146907,0.8928208336472042,1.0148841544172993,13.84303554288857,18.208231868176096,15.609703479634085,13.60585962430313,14.274147334268376,12.553757134865752,2.849387204121724,3.7994753873463547,2.864160157838986,2.343880746534853,3.4518567864431087,2.7275218828785546
AG,0.0072059566569233425,98.04198140040086,88.16576579772574,83.76835323743785,85.74901435501293,91.5850395737547,75.96177268560069,80.0808420484417,65.94723285143513,71.01214811617807,65.8883567681089,76.84214121005363,1.0583754645318748,1.0747092283059934,0.9032505635423634,0.5865865554808671,1.0176881443870993,0.9894428129209443,17.81050653250887,16.682797627231384,14.016623823700382,13.237931030800747,15.305093965195425,13.183407842593141,3.7427065423331434,3.4437610382852193,2.6240791407226625,2.628618910825867,2.647755687709433,2.451164207041492
AG,0.018026237815740868,94.96913196645309,95.5807965165003,88.38272837649474,83.04215875351059,84.44456602486243,81.82159887818965,73.0571088219679,75.83323049831507,70.98176270411807,70.63652817965635,70.64839468654905,1.08311994455097,1.0702890932440234,0.9750425234875557,1.198770269032688,0.770748448181822,0.9958080658275549,18.224490677126425,18.28967002179316,15.089829853724225,14.395250806008107,11.373166971351962,11.53639201291617,4.020919365688684,2.48006807926825,2.7223334938360675,2.5582773762875615,3.525337956859453,2.3143110647056537
AG,0.000514380151621592,97.09883646058533,91.78349681568784,89.4009528384087,83.22658101111168,90.18834210932663,77.44479518533416,74.68570948881388,74.21162180315888,70.9548773357616,65.89175029215482,67.68287357575055,1.0667896513257078,1.048858780341738,1.0073884730963791,1.0879954961472829,0.9687404062519785,0.9888407284602431,22.91556821016036,20.66782298702143,14.917282491229463,16.219148000880566,13.605772716886685,10.453729931045684,2.7416361379155667,2.9197771407771236,3.6281326473823716,2.85663989994054,2.239746096856267,2.7068605180670944
AG,0.010072855106896358,96.6400589758936,84.71906488040176,90.86920712012503,83.1113089076925,89.56002336233152,79.54359381169334,75.69445013730393,65.92881920199265,74.20359168631059,67.84690830454032,74.46308671412558,1.0699190187087595,1.0013840345306242,1.129820078224497,1.3295293549936167,1.0981169244240268,0.9909162591569547,22.911692008871604,16.500182882719425,13.664650749265313,10.938604830791814,13.655295543304042,14.126571883580787,2.733357278239081,2.806531706844464,2.3720449629294786,3.3851209930751196,2.268865244232619,1.797874406429861
AG,0.002539568326597602,99.67658624307668,85.25220100904288,94.56019723490893,92.24341191873121,83.61294000333318,77.51882641041904,80.13472155282182,66.22524471598635,72.92447840152721,74.07157609609243,66.28495984568937,1.076415791334832,1.0782331747501608,0.9232061960515483,1.2963449288811348,0.9882333064497517,1.006104701995929,15.741179320262093,16.111623953658356,14.286461765315625,14.231714083572053,11.963929492895943,12.295978728361703,2.709683483467797,3.080977129406818,2.6503013789409984,2.7743011267907587,3.1961729984255887,2.435920255457133
AG,0.000551211904469984,98.59380860334029,87.97506652904492,96.49204135363158,79.77035075620876,85.68061752870902,73.96810213822687,80.5076479954147,73.01879190139464,74.96965510058129,63.21839330241108,66.21552228134183,1.0601504223816716,1.1002132949009884,1.0018219353838034,0.9036695393940553,1.1943139484301135,0.9985207085074935,12.995330433140529,17.41109414649153,13.389037254737097,13.008520712852198,11.068618089103989,11.637012913860838,3.613652305012279,3.435989729432549,2.9837097819188907,3.861612062602002,3.736701540621468,2.489551404763466
AG,0.011536231665447044,98.27610255149014,97.90739079578383,81.7452301052096,82.19328743466035,90.50166261463274,79.28846517762236,77.45143016779309,80.54119910063963,68.34741666853235,68.15326638531815,70.75997636159546,1.0832213172581553,0.9588893510883801,0.9274953632332059,1.036148464085437,1.118055409371323,1.0053215340511454,18.837928820403093,15.307986524887584,13.626180453415188,17.165076283884424,12.729018878788125,15.048727998379109,2.7359022166713007,2.92443535927687,3.0707931336690995,2.56372864799419,2.6661569760180757,1.9929478057235066
AG,0.010278744350913478,96.50498313376579,75.56250701664062,89.10883095483358,86.44677591164015,85.71444951333837,76.05967211559643,77.90276127917494,59.850688986651434,71.2065599080704,67.95535610285147,66.75254504191564,1.0750254424787113,1.0864362990707215,0.998940876843299,1.2028226842814274,1.078289740297696,1.0080624919597798,17.727171465999785,18.312317714831575,11.616010494366023,11.981482407332065,10.582287681270962,13.349554284773147,3.4515788003404095,3.238203162785644,3.5717698204992505,3.257467902230071,2.7570979681176566,2.1338797517799666
AG,0.0033619276916994666,99.31164325281165,94.41211501975882,88.48338061508198,92.63978056658111,92.07498096425263,76.04048856457311,79.61773885755514,79.91181027317208,75.8699061845785,75.66967097573706,73.71389508085262,1.0624893359120327,1.0772683696365466,0.9976463245681868,1.032275008245183,1.1367699615616749,0.9923884037841308,21.53928481915419,13.115460517414842,12.187065294638849,13.583161004030323,15.786140888884322,12.85028708919629,2.7974806924852453,3.3024086491891067,2.84084437225981,2.981992058895674,2.2635201308641175,2.5732794595986532
AG,0.0202925841623649,97.27469704222662,86.81193309025116,96.08377153829704,90.89835698064192,83.88920829984636,79.32044850515902,75.4094464375631,69.82041488276288,73.87089356413986,75.99549145532671,68.67034450451384,1.0673114870201172,1.0856750314553767,0.8460817817738712,1.2632944711693361,1.2008019168460011,1.0069700539890984,20.10490930855515,16.42460258728357,15.45145970906828,15.521213669183881,12.377104474143302,14.611082610281896,3.6637213828192228,3.34990797632068,3.490053860469382,2.7553514695360097,1.9399106401207207,2.507428668392083
AG,0.003494663604725338,93.3401503355429,92.99896284554607,85.14165348269457,93.48545202808256,86.85180308853187,77.48522644476581,72.56265204035296,75.87157313781033,67.00144217962816,75.44745692346746,76.11358803350785,1.0581479910700677,1.0195094889468224,1.128185707339983,1.4336530516506192,0.9057714845244724,0.995631553960578,12.711152131117494,12.259098640560047,15.81144947049915,16.55434895141085,10.199404373743139,14.015574634427875,3.3786832010449195,3.089957502510025,2.833318212996273,2.5692114960299546,2.4006509967013883,2.609939345928203
AG,0.012146983957879267,91.25804573349308,81.29662243460828,90.50819870730237,87.84240649266661,93.61048046333848,79.60516226211502,68.12339468130577,73.73177832094962,73.17860859600519,65.49955974558858,72.70791214902354,1.052866962401457,1.1196202404778017,1.1288314061760203,1.279373905735842,1.0130719845741605,0.9839688713291168,17.47265039229782,17.279272807281345,13.014963460533924,14.694972690910422,13.558278844497734,12.98561941508947,2.7811349324056676,2.96718437151282,3.280933797674792,2.4588654079913654,2.513011782615207,2.571906853236868
AG,0.004820200929383563,98.29814593895837,97.19719336169149,98.67250705447678,94.316836726674,93.36161813931174,77.35194606689302,80.41436318174712,77.0655299929049,86.69358037652226,77.01981615721405,79.46875595302362,1.071127672412622,1.0976883401149171,0.871195493872692,0.9204050551261215,1.0561913717063673,1.0218969842337169,16.191357441998466,17.076215027467367,17.564690774407396,11.15642559754469,16.584395284009414,14.49867171327684,3.8573440374312518,3.085173616932118,2.704629946570013,2.8948222460968966,2.681552838004538,2.0975428479473024
AG,0.013547277415369836,99.7917383601905,96.75797191858646,86.8660551857159,85.50037538634048,90.98395173002127,79.6528203287338,82.3475427179569,87.22091245274433,74.4943933297384,75.35052668957329,73.54004049629349,1.0683400223556219,1.0066122064338339,1.0400176203864049,1.0968818131986227,1.0138738074221827,0.9969920488217109,13.584847591737287,18.91170811141226,14.16618895807644,15.476806743883866,13.80563865846492,13.880772121570041,4.1506834911855055,3.18986682326884,3.332123071570921,1.9595601185122464,3.0830151918255653,2.4352201626127448
AG,0.003973433484788631,98.1844610460848,98.19318994971839,87.93973181160409,81.52707067572048,86.64130847146592,78.35458720869393,79.62932913823616,75.73424885572616,68.24896476684937,65.55630999349536,71.09541270995102,1.0788278163647054,1.1047408928400935,0.8520298849490554,1.1633953860025417,1.3185285436927023,0.9976245507290539,17.281433755098433,17.79904108678573,14.520292750797909,14.476457303146224,11.119702965443514,12.61705587317954,3.187846840661827,2.594648050109667,3.433697706158102,3.23810595680131,2.817897054071791,2.342176236468115
AG,0.01734253218344658,96.9314489521094,88.19804776172853,93.69793037764208,93.66232790597705,80.03643892794182,81.79262736426264,79.18485904250622,66.75602739557405,78.06992115354113,76.23718223157942,61.55282630055919,1.063725086423108,1.0563718019127344,1.188046487814432,1.5765358891853456,1.1820512287506466,1.0043896671353707,18.39319577452255,20.845837335257276,15.700316919609087,15.470031263406899,13.590463475568837,14.965546759611495,3.6444892257963746,3.570481470293023,2.668539595406988,3.0060706690804224,2.5699523201956023,1.9895091468369945
AG,0.007429751304249235,97.90888593535585,85.1183251339057,92.20237367422123,89.87742842484133,95.23621614078186,77.10514938177877,77.17839949656236,68.73989019308732,82.19161549963829,76.86737034467512,80.5446923759453,1.0600031797869345,1.1240091704014041,1.3066006155400562,0.8963804271405221,0.9521142527792616,0.9959767830295384,15.454500467001072,18.87703138912883,16.754973519946606,15.766509298695363,14.589570215460526,10.803995467875733,3.2224561597812382,3.8032457172414196,3.1298029670901313,2.4910479063580855,2.387309305957894,2.361863970791198
AG,0.0021488261648293016,94.59284254395419,92.19643105399891,84.11297170296615,83.88724078391556,87.30963015638216,74.6034068138487,71.34834119163543,80.83636220320608,74.98843777863048,73.83039695165779,65.38423494363022,1.0854847816225635,1.0729493543106268,1.012095131332677,0.86259647051204,0.654891170765133,1.0108343732885055,17.71920548725388,15.145750595845488,13.744766438770808,14.197821969585808,13.745139187572613,16.18097272149388,3.5797442373313304,3.5710840600902807,3.8479325333217673,2.5005015494679808,2.6667453136232933,2.634944897651836
AG,0.0056917061428528315,98.09301707061196,85.28773136426003,88.35752119937284,94.0405761621418,93.61652016296786,76.47137943250044,75.39757959235796,66.26085683311041,71.69654993029253,75.1992856328577,76.86672401006693,1.0630401536167962,1.0201180857525631,1.0028445620838065,1.297292440639514,1.1146241414505513,0.9988398209821199,19.201324886043356,16.116690822178942,18.169842198993315,13.601957715645417,14.233244795691363,13.12600778841438,2.885293424038008,3.888307474325161,3.2993037012072874,2.8118745476363345,3.198143314247322,1.968336517011013
AG,0.007297666713878801,95.80478828803071,83.31385647791885,91.05973410201331,89.81565781113017,81.29670089378855,75.80665946513047,74.34789755109567,66.57706833678483,76.60560054567638,72.55252803484747,74.74096591538823,1.0648730318605424,1.023800957670487,1.3295810758172875,1.6128741747577915,1.1766162439976242,0.991715973990034,20.417232244613775,12.644083522592362,17.668504588826437,15.77422517710405,13.481281999422741,12.08879937252523,3.597554951595223,3.9617901873059362,3.017567846237461,3.4030358203421165,1.8194815201332313,2.4928372642362917
AG,0.0029773686292998984,99.28041253744217,87.34454786290264,80.61498157621159,98.82817019095413,88.08100376401961,77.93481808115747,78.1280059172639,79.38356469607166,68.47317058712926,81.21569925533586,74.32553544840624,1.0688252656895147,1.0251334946909696,0.893583059338799,0.825313489663595,0.9887502818086001,0.9924169132278747,20.10657999314131,16.486837827611005,17.946402365474313,12.121310887292996,13.771214091230075,12.467557544780389,3.4806878667964196,3.595866370900326,2.757446001416092,3.80104330050474,1.9390863863112102,1.8664973199482904
AG,0.004787144512479442,97.17800355553365,94.37688642438069,82.03504155429852,88.39780942198638,75.58170299024528,75.77941301154777,76.80585093411302,79.37041854436343,68.52468744448693,74.03536445904865,64.84818582354417,1.0854051181176556,1.0240340276307283,1.013809116508632,1.3382627457644203,0.9698662623953556,0.9985579540805624,17.03443383874327,16.39592346459228,12.734798590800096,15.824860136587045,16.03211166646585,15.095870667033521,3.944107624378756,3.4554381057795123,3.2436625714282012,2.5377366946873985,1.3742061401399315,2.7933323456920642
AG,0.016164880802053264,98.08980972037087,88.8351812132631,98.9354467176876,84.05110737599404,91.4078429631766,78.93462461472332,76.97233613830014,69.60476177377187,79.78624046365132,72.84920929536766,76.27298191869987,1.078720357511464,1.0239319813532726,1.0395812155544413,0.8941988346046116,0.8541558985936968,0.9741675764731791,18.224174912228765,15.364901363478785,13.8095136029328,14.326116309682684,12.370865903130829,11.511822441973663,2.881962832184814,3.839201676719635,3.1918795957007804,2.7887299942240604,2.625507714604583,2.778997823683876
AG,0.0173653516236311,96.87404136042821,88.8458042908192,87.37960971780358,89.32357846578924,90.11663963451858,78.24816895416821,78.88953738330184,69.72839661934304,76.64858442580207,71.05523344966998,71.9378179043398,1.0601802115984538,1.0233319866835897,0.9816317120114824,0.6917419665782574,1.0558999745122846,1.0079105117585065,21.62264597210787,15.689028534262505,13.688064314304668,12.940220270676726,14.068836084998086,11.91060577338547,3.123844133239133,3.956743005872051,2.957169451484097,3.7291495717469667,1.2687695244274666,2.726710550006004
AG,0.0019022179704411314,95.59629415785126,95.35021032643701,84.88994926764244,87.98002145568763,82.16444453997896,75.76423913415259,72.57403797887632,75.84290127151573,71.3952794120692,73.41777546938576,66.06876607290114,1.077116413661748,0.9576125044227919,1.1084139108280435,1.3211141492898273,0.9983758087943821,1.0202792963892433,22.311968979021216,18.086483393248194,12.509489124963547,15.123554715715471,13.320619322800114,9.168996096717636,2.4616984693267034,4.085640497800942,2.3811220765282624,3.485415317819129,3.0525140543230753,2.412461088455318
AG,0.004709748733677835,98.31506660676054,96.62865424133469,95.09664406698667,97.03243576248046,79.18372711572167,76.21584190115087,75.51221367541122,78.10545487827395,78.67912240557607,77.56881769086606,70.01090537321309,1.0697303272546026,0.9676524347674317,1.2750970728378106,0.9841910035276059,1.297779366583941,1.0152823281135002,22.917365526420898,15.007276765787921,16.84798583724102,14.483027803293611,14.7777578447486,12.099703925113309,2.4345749332400053,3.3390217274750116,3.032646132933809,2.1787645551148502,3.1088197680683867,2.8438128547359818
AG,0.013832527493860665,94.90714574594779,95.29510667791183,84.95237338171765,95.17613227035308,87.48425937453311,78.83192264222187,73.37780980197255,71.2931289352353,73.13015034418828,75.41925060884141,73.07616141818109,1.0732583656738959,1.1667010395520225,0.9973803074043708,0.8342188810662114,1.1165280783966594,0.9914349629502097,17.12917563729572,19.47331089781171,15.00904820420317,18.414877053952093,16.3138202819463,10.787804271727682,3.0829604678287774,2.3207880767762026,3.036432497451947,2.1917506246746132,2.215654365863333,2.4816504261530485
AG,0.00410828067406315,98.19464561475198,91.79726113341,87.94089424113056,80.67001881810504,80.18820053695367,78.51059157917314,80.80383161417217,79.51104103479585,72.15516845991444,62.870101801313275,62.1563237523468,1.0617508733876782,1.0365733433717788,0.9493634444396863,1.1652707909065656,0.8872920544171183,1.0035065407604273,18.82261041340772,14.682643559789293,13.531320902827213,13.438222746011146,14.70029761397579,13.810276757657107,3.8050595573184474,3.7815698008042897,3.5106224066010303,3.1583982565466924,2.4147987076154593,2.2047986051695454
AG,0.00590808301644423,95.33429458019641,79.59696631889909,81.40367049835133,91.49034411661086,88.08557606684407,75.40518367434383,76.16557659297922,59.265997015821924,62.353741936871046,73.62777051228434,72.21144069259535,1.08171792844506,1.067157969237743,1.0987035895655946,1.1670076374715255,0.9609881386346493,0.984318519301164,17.84754701261375,18.131849239004122,15.89185342929452,15.204426930787516,10.369511152301236,9.801921141980957,2.367917497081006,3.3802599048018265,3.3140282166863693,1.5613143435651742,2.289705631875028,2.793254525954163
AG,0.001148164618233663,94.41019818828185,86.91283425916738,86.73509829979098,93.44004003809538,84.38932371211868,73.338947533839,71.05944996133584,72.53755208031482,68.45672545545945,74.71544972956414,63.15959686217538,1.0783654262276623,0.9901632604984655,1.1652107243644139,0.9901286981817486,0.7314651013959361,0.9877394914092056,17.07273716202813,17.410487411376636,15.07748100858227,10.384937402291436,11.790949310902151,12.749211804702682,3.146068984199215,3.69663311913543,3.6983831410279224,3.9972791372894205,3.2600167938313245,2.2489085315319546
AG,0.0038339841774998194,96.65426021860198,91.41495601235007,92.79619668566481,86.79963785757504,86.99725082159335,75.86549837230721,79.49116510047227,78.41639842715388,80.40724855656562,66.70154049710777,73.53883985439016,1.077199233447097,1.0917078289785547,0.9542193063963582,1.0678130871301659,0.9460860953202908,0.9837322902442521,21.567731130216234,18.557277518471107,15.20445283973653,16.27167091042246,12.319347366455746,11.249380221850526,2.616488749562258,2.806184662296012,2.279796692474332,2.37683458315751,3.023413957279068,2.6333879300002003
AG,0.011186672137537582,96.85730481924571,84.35932621272374,82.7721445941248,86.81849501521253,79.4262133037177,80.91398036948598,76.46927903446758,64.2913292861152,67.98045188122347,72.43995973502885,66.93537347842228,1.069130253927167,1.043438919409634,1.1385618938864037,1.2838273995463214,0.8274767999469334,1.0104702637593495,22.821909033743303,18.215085853703645,14.854099857351242,17.015364805210567,13.508131403560057,14.290929181916836,2.8253024550004717,3.370374963158624,3.0996857220246135,2.3971180987506067,1.9251313904685463,2.1409627641787057
AG,0.005436715034865816,98.16663677083527,90.45028422415065,93.35859674878441,77.80057658523191,88.10116788487913,77.50588431650819,78.77706623800267,76.47649264115397,80.99521445618495,59.75059391656439,76.0447611343877,1.0771123919765038,1.089691840873669,1.0083519113016324,1.2171046481859822,0.7770420576054509,1.0038101232379322,19.38457834040285,18.89536918833291,15.623385691496129,12.995024010840933,14.286762214617177,12.481550675203382,2.502692932558996,3.178591414893355,2.4755542807041695,3.053830953058232,2.3656351160082205,2.022407949756391
AG,0.010857081721521165,96.94634549589385,97.01001573640318,94.55033867074349,87.59794117728981,95.04282696653661,77.39723404027396,78.93571495540888,82.7666406749984,76.3118156023105,72.42207851602278,75.19701228628156,1.0707288457889514,1.0266421929109453,1.0972288455283086,0.9525813365813407,0.9912160802555143,0.9988473008323369,16.71051579902867,16.73748707106152,14.268894548526331,14.078010925312332,13.327753362526815,12.514566477742308,3.7706713393822406,2.658599322169984,3.723529062885823,3.676444122404096,2.336065402836839,2.7031989817100524
AG,0.004636059593786768,97.70010496216095,88.49101674812813,87.39009485091388,95.132722933714,80.2865567680887,80.85079216360181,77.40503424583349,75.18553678201259,71.68629240708086,78.99516741919679,69.20819506902647,1.060558041497416,0.9823196629738545,1.1459922740024941,0.957347778568168,1.2822595544160584,0.9927872103303453,19.839535188874727,15.198176869746208,17.743552106636685,12.125401237564267,10.83888818569545,13.530057134149528,3.0032715591812886,3.2085750102081416,3.014434885871688,3.133549896594064,2.832326340424105,2.6439447534819145
AG,0.010157198619244504,97.79604057262728,96.84150146759892,84.74710032981433,75.85809983236067,90.20317078095441,77.22561402866056,77.95433857564439,78.48764777611457,69.67540328424302,61.785299655405574,76.862897881373,1.0740756653356527,1.0356069894850684,0.9429006004761581,0.9393534292380552,0.8147896336200936,0.9825698190255455,17.19559464068474,17.55858154510598,15.745117378444055,12.084498260694113,11.724189324088043,12.112389677230759,3.5734366622138736,3.5807144832108455,3.216335874064153,2.6984074209795446,2.5634631086302413,2.515430889652557
AG,0.0007496080063466799,96.85340841846298,88.20942904800734,80.23818304264424,84.78507483986917,97.64469660673075,74.55522510088988,77.99668204582318,73.46055432378056,66.23945093025745,71.18013857489572,76.29894094666132,1.0705905244257738,1.0632274622130482,1.199160146879433,1.307877976573658,1.0323926749477632,0.9978201870419535,20.71082887802255,17.08418641036835,16.735422931694636,17.795725711232222,13.596311672134672,12.944580921584198,3.531551149716827,3.5247707983968377,3.4615648786342033,1.649622489122565,2.135189166363328,2.3691544075804125
AG,0.01348105610364449,99.25039920388755,95.8779048095092,91.11287805157727,83.93196223357903,91.86482715216022,80.06053430451713,81.15673442141303,74.39674833365675,74.46821862258808,67.60981553852399,80.71586483189354,1.0640393162650066,1.0263105297160606,1.0789044874053513,1.4154592152787886,0.9180498724250185,1.0017761921342623,21.96331826838886,15.15198022659687,16.13111545240146,11.84260098711713,11.827587249979128,15.147174208841902,3.3317757288443697,4.101908175401743,3.1488389679137834,2.870953933262188,3.269398727551275,2.3857251029277804
AG,0.0010670916654848303,98.66730428784493,93.53955375905313,93.90874297451414,86.07147426013569,91.84556628489956,76.24401857258454,80.59167917195795,78.03266390873985,79.62207632832221,67.24407461566632,74.39150500807918,1.0662750308877562,1.0430461562275362,0.9254912708507644,1.0602361370693254,1.0403500746465144,0.9876631795256662,20.142660461499997,18.176824831638086,15.170501603443698,16.33040236177583,12.880915786607499,11.174752270387271,3.2788623708457414,2.984519008413896,2.934837807418168,2.7785180418517412,2.159904209073206,2.4814314735877185
AG,0.0007042910595116027,98.49405157714514,96.5513335689001,87.17545112660407,89.9594818183597,92.51008724132485,73.644792529132,79.45095109209919,81.29964965843725,72.36052312656109,76.3851551611793,72.58582655558214,1.0696814959732321,0.9542286527298378,1.0752650384802207,0.8656310856406098,0.6686013505081669,1.0169816441668058,20.082679762620256,16.274307454482564,18.589350945901884,10.182599708889082,12.31458429664701,16.71816631379672,3.1570086090863185,3.865291444438096,2.8484168533042786,2.959065668417056,2.4863839713599867,2.1347549006242055
AG,0.01330192044471863,97.9787019830742,89.8094756145379,94.0490823488532,87.79413816525964,89.18902260760908,79.797713855903,79.41603778009873,70.60971208603237,78.20510756719658,69.98684884081094,76.70325922160008,1.0836687361508566,1.1597772857968365,1.1223295300342078,1.0221113303930953,1.1039113338082287,1.0040149058023533,23.80817397087126,19.307893114114492,11.18796177942734,14.628420163626329,9.029334243118223,10.19297181428188,2.357324999852424,2.7234085159907226,3.448197251759549,3.1898567859129177,3.3012875780240476,2.669169682063708
AG,0.010581707168112001,92.50739911775821,81.95905168492439,90.07088407934549,83.76915284529545,80.99383858460958,79.1671787051278,70.37267459208134,64.70091099269693,74.66339698352245,63.85034835607195,67.71710376344367,1.0606375561289265,1.0312544280860556,0.8856954379622868,0.9155763994395115,0.8977863915654704,1.007038421031944,17.32423664880356,18.058411995761873,13.397115130184847,13.036674207465854,10.874095943950763,13.070128647370822,4.240063497797202,3.178202459374684,3.1930515561134727,2.7972360738609066,2.4863515078081946,2.6810200056928943
AG,0.015143349049094201,94.24519853311399,83.1182826501068,90.27494316351749,93.65203495132938,83.30670731204177,82.53086903462366,75.12988907040042,66.24461262763718,68.04311948539022,75.30677255778721,70.6155971745013,1.0805430258995097,1.0888630715799577,1.0445871864764997,0.9262423286477208,1.1626703546567263,1.0121991570701416,14.60721312119033,15.789568372584128,14.918729345001493,16.053396607265288,14.046510268571472,10.927124370930294,3.356291119593602,2.6815185430970687,3.2556678693267873,2.0513715718963446,2.5691880313254254,2.285969033895712
AG,0.0053671898238476035,97.37866531070561,80.70373614149203,88.44344028346532,89.64217323154884,89.9580972070048,78.75187158816631,79.93316871339894,70.19170043738033,70.84489621443458,72.90729130911714,70.1600402069215,1.0612055846188095,1.006486052293982,1.1101772177531464,1.4516096283632622,0.8204411939472204,1.0056399462400103,18.663177021771542,18.66558062764888,15.677163634096015,14.32451465590932,9.303581158474326,14.508408415113353,4.150551514156392,2.480293443137146,3.37263644832076,2.0505899174349262,3.0894447615956575,1.8799774036925987
AG,0.0017950535447422956,98.65982357080539,91.97668306272989,97.22870950911583,80.9224726779492,89.70367840630082,73.79612928179657,78.27283960753834,75.50578616682128,79.9719162855707,65.0199975816312,79.36943889019253,1.08020481426991,1.0607418544008458,1.1005872495017943,0.5619294033903147,1.2093957080886721,1.0107096138456342,16.524867836447967,15.829926513040988,16.017633308831364,12.980787790178159,13.374549321888535,14.624654055331758,2.283779506812764,3.6981424520798774,3.24544237951037,2.7391506424824006,2.156098636975831,1.854285755964836
AG,0.0012930050853843084,96.44994574494089,87.99228654864321,94.55940479237292,81.52482052442912,78.50054462243642,76.04855538468915,76.32371042262814,70.78184088498573,72.69337265960255,72.5690498176773,65.10607205571063,1.0603990619166368,0.9213233647139112,0.7904465058998306,0.8119366807144593,0.8663912867575856,0.9860354219160582,16.812418020773272,14.74878679494622,14.779762874409345,13.030721858901236,13.14069239051787,12.765490739629751,2.8870375697199444,3.7359784553810065,2.6703481003910223,3.665623382712784,3.599285444874482,2.920642361414609
AG,0.009957355750113679,97.40058401380816,87.80448912848402,82.60564274167588,83.93242037410396,84.95886366304433,80.4422723128842,79.17358321259134,70.80151186874006,71.22482422851549,69.87923651772903,71.41923479608846,1.0803499442152238,0.9429547661756723,1.0934641215789038,1.1927712296263095,0.946802645627649,0.9819710988126308,17.496941225560416,18.687548623516136,12.482977228945526,12.990032760098577,9.704388257101828,12.255409334211231,3.4647972770257214,2.718906861731089,2.7890051989814166,3.4333925391306215,2.1818128303268467,2.6315820097127327
AG,0.0032076144053823537,96.12178499950353,86.28334937090035,81.59862353982392,88.29757254982864,85.07517154094934,73.89020158018188,76.80767044671477,68.74568894082809,64.01301944156099,66.01072544031157,68.155299616394,1.0795323362393365,1.0733883581523957,1.1238843193811898,0.9648133094266264,0.91887755996261,0.9956445578576324,19.005876281877907,14.87379686011936,13.361241578194724,16.392822305886096,10.933079216066593,12.174817940412176,3.167515587626338,2.796375421419742,3.504683625385511,2.41396819136283,3.0465249828899266,1.952805979161058
AG,0.009493798228197825,96.26026462482578,83.29999770512778,89.15214843813278,92.74749814425186,91.69973255631551,77.90713886915883,73.74708047373446,70.50963483264611,69.58393411223612,75.56280697469386,71.58207025018773,1.0609232835459756,0.9783652770455813,0.9506449993378969,1.555078174141956,1.0579491556528577,1.0022274762938483,17.98039825279491,19.57713335399431,15.159242000706799,15.658804268324761,13.78408184670993,14.268404253147082,3.7357044647553215,3.1804907394944233,3.3111793340883198,3.6759047346795417,2.1403892243559266,2.4358861850123676
AG,0.010256758196770637,96.5777132174965,86.84345387231376,90.9633772877173,93.2207973141905,89.02170496176825,77.14739736123214,72.0600905622531,60.60703686539631,71.91876031408897,73.05005117206427,71.46814386977223,1.0604712733212744,1.0983987622380302,0.9753026877948159,0.9460191461949241,1.12332311371001,1.0156673563665939,16.390904622436732,19.90935613396381,14.443425652160924,14.180822138305206,12.397767089990733,11.086271826413556,2.1117167350097557,2.874927991790312,3.007597954712118,2.4617555640980857,2.1090541888354126,2.880984502798598
AG,0.0016113521205686427,96.9267364126566,99.83993399852335,82.59993647310552,90.37604715010141,83.89535631058753,75.99767029494035,80.39218039434733,83.53254686979396,64.46460540796207,65.17096438229488,77.23738656740247,1.0815023940760127,1.1268318790277283,0.9867506919675771,1.4665438220668756,0.915083347505481,0.9999458265947476,16.13863931666982,19.806077442709828,16.268691883413393,14.56960927214411,12.799174747863397,12.62753557802899,3.5941391230115802,2.3741841702260364,2.67256452403375,1.1802195143113665,2.9811029208463236,2.369182079243735
AG,0.015190645561979963,97.76404386040035,94.71242037314975,93.50063035617117,93.96831851118255,91.81977823581146,79.76994816775587,79.52202134243154,65.6508152395198,72.19857119405772,81.55992022646561,73.50086569181782,1.0568353980905472,1.0557774076071313,1.0361307032132887,0.7052401535051134,1.2325610803885079,1.0074646678628711,13.554319286977154,16.294582641283245,13.196573840171048,13.678988775970994,14.333621558827335,11.507770999127661,3.7589100737950685,2.830179482269164,2.671235302243378,3.0349378270911456,2.144473063006278,2.5345486006319042
AG,0.014180554559156039,97.10996211571965,98.22461811177355,87.33300312018876,84.61023667294235,88.97092043308845,79.42567290246308,78.31185501431573,82.27371001826725,66.33240728693991,73.39596047900332,66.18708061619803,1.0605062564276366,1.1045528221604848,1.0997156645544786,0.7030451002810836,0.8637823759054332,1.00548438155561,20.56073859938097,15.935675140425962,10.593084548275858,17.423605423626583,13.10382923678696,14.04241009367147,3.8450181471217366,3.589252478265335,3.0113746019394028,2.2572344189339666,2.7340198730836227,2.610362843066621
AG,0.007312641347171946,97.03505125480181,93.91956344082973,96.9588498138008,85.51370460943926,83.38460469660549,78.88143420335088,75.38486072637878,77.17488692090119,72.17648518676026,70.58820747359032,70.66595893122833,1.063428356507918,1.0838409129096167,1.1514430064689105,0.8290129531281918,1.0643359925518383,1.0026441631879877,18.27319466495822,19.038188659326003,12.61694790643547,11.617432796701157,14.892284661129079,12.417645244487186,3.9738289373141207,3.470655358649897,3.141881253158594,2.9022803623841704,2.543857042564232,2.6330442050468856
AG,0.008550482045851366,98.02204416169448,90.58456335434859,91.93774818342871,91.32815903495795,82.06301496892178,77.7866582306381,80.41339828856931,71.34432803555904,75.31159783396184,72.73959110087098,66.50123096583378,1.0659137053671248,1.1019575951629097,1.0428645916978303,1.2783415380779746,1.103124411633655,1.0019077217199783,15.215148682514666,16.13612894525873,12.97404083773619,17.880328095960806,14.640540300840032,13.245944695302091,3.191990091310729,3.253775765481508,2.9013764362015286,2.506850738462144,2.421986968861346,2.517041754064854
AG,0.00543472430632898,98.23399964375207,96.85240370165391,83.63120844067778,86.55825575253398,91.6116743646729,78.29714018519239,76.13269931761774,78.93564576368927,66.69948480891185,72.63286014297512,71.17907534565995,1.0569665128655323,1.0433937606821526,0.8132979246367712,1.1771092675755261,1.3718320027274769,0.9931332533229914,17.610807062769506,17.176906484345306,14.313527274629628,13.16498465341906,11.318959244865951,12.808698207458633,3.4498943776618094,2.516216675741148,3.168597878001287,3.582399844549877,2.95711266851737,2.011835178392159
AG,0.014370883347840199,95.53984349687153,84.29376699614059,90.64479962972719,92.7682139862024,76.0138051468392,80.19177504599084,76.19335107607243,67.88598327606883,72.80859225836757,77.36577620188929,68.04571158736377,1.0719408777473238,1.0006840314723522,1.010237299576875,1.0082010000371766,1.2481045999816989,0.9811965148155218,17.172197760634102,17.55451005833874,14.877325172746886,13.464261758421902,11.831734647348915,13.80449618382289,3.175195003117028,3.5909924303609264,3.4999392461019747,2.5371703631839835,2.0879144102263796,2.3827522595715487
AG,0.010126236266134112,94.9241209463386,81.91245768641645,81.74669202971465,84.11376248612919,88.24561001698643,77.56523874267411,71.2813277978857,61.66671025758078,66.08065639123052,70.70415024853094,69.15222507998361,1.0797970645462114,1.0568101867100521,1.0646100513319614,1.571998906754638,1.296978995363275,0.9950529283652432,19.462548894263314,17.428520995629388,14.30107377078691,14.826528565783342,15.43668926849826,11.73314917036174,3.0486821827151767,3.1848972586896145,2.8340912300653325,2.7065887430902342,2.6659724248181393,2.5672654456284674
AG,0.001126928000660993,96.71160382052848,91.65375512388637,83.64174623286605,84.62169645739822,87.79676257717925,75.48873290318448,74.07606637041856,76.94066955773387,66.06612592107646,66.90292042100798,70.74368290748498,1.085454692960827,1.1225835574051894,1.065851359977884,1.104816977487505,0.6656935732791822,1.016094282475698,19.941244451978683,13.315517962071734,15.422978549108937,13.010756564991194,12.562523155325403,16.076091807255306,3.071014966226386,3.42819585239103,3.2824952189885304,3.146300856499093,2.4839946803813224,2.1840758155598183
AG,0.026600057659148336,97.92039718511923,93.3210249662811,80.58001554830446,85.63653780491691,88.7295888994217,81.80978251298068,76.23813423665972,74.78239939306455,61.38071899559329,67.08469555191205,76.09339361184406,1.066950947588472,1.0427761497762056,0.9719080332264677,0.7493670015289646,0.7886918007738732,1.024494699824076,16.624854629162613,13.849388776757083,20.082249134811224,12.784407438466683,11.23694260454666,15.617994605524903,3.67264389054393,3.616643371092409,2.954974225044358,2.8936333284045856,3.7651231797959017,2.1515262905362116
AG,0.018763975686909393,99.45616839589312,83.21323226044719,97.00501846466565,93.46329640890514,78.61452590931361,82.80023752299127,80.31642053375788,69.38365720412891,76.29130829828385,74.87621275862053,66.67408896352885,1.0654177179325885,1.16262811888138,1.033093995245865,1.1351667247502728,1.028008489395583,1.003543133579104,17.427790395409865,17.725496083025025,15.140517494249494,16.09490343720499,9.167310194067428,13.677138388661437,2.950646294441781,3.0980027383701048,3.2473833153533795,3.788793848140017,3.5435169032604277,2.0748968353901556
AG,0.006780310142317761,93.46371206149148,93.22306323186227,89.6302700255026,86.63848080225871,92.19839301302349,76.23358693195792,73.53804729936138,71.77979981506058,70.81019856104093,71.71462463244963,72.95993148075627,1.0756249988852384,0.975473053129249,1.0324936776546234,1.2558200192745796,0.9570613184017832,1.0143558774826706,22.15057028191172,18.45283347506256,11.839182652863038,14.41463757445643,9.26457518368161,11.709136311990738,2.813854870657245,3.23167178182123,3.284401988493321,2.509506440599562,2.0925320603450044,2.587567258513527
AG,0.002773762509489447,95.51251090791085,92.34716925910901,83.08572470797533,87.3291530676024,88.83231649084749,78.82029186140555,75.69337225584287,75.5236176197994,63.60348215437382,70.50160623747635,74.08387200125742,1.0838004173762004,1.1173599866279817,1.0279115144833986,1.3679640856439723,0.9297828552683651,1.0134878324583985,22.059385866126853,17.75348499307463,13.445760651459358,12.983549914274448,11.711146687257875,12.479968440686923,3.4089938944223417,3.308060955571467,3.1457967739439097,2.3128074010085964,3.9851205801829233,2.5880153415276634
AG,0.009242420765937329,99.63308841569729,95.02707750533271,90.03277530367555,89.99166113204389,86.12013328221576,79.03769166778189,81.5837258415286,68.62687202817244,74.72543359361511,70.93700045168498,76.45780984071833,1.077205257169692,1.0212983722508908,0.9570179665161891,1.1470552529177669,0.6692196174292336,0.998328157881627,18.64150415276356,16.785211047080033,15.41999541847114,16.427658364703834,10.290102989073102,11.722155509243304,4.107069086767973,3.647481359631595,2.6467691489918375,2.987904973959068,1.9430851960388218,2.6323999958187865
AG,0.008306989306754947,99.89742520805434,84.2507746221921,95.31957534710533,83.21376148326463,85.55297393400595,77.40293043828873,80.54745608387478,68.11717166929806,81.94167899570272,68.07834930081324,70.82199662214839,1.0599684195057895,1.1105299009907503,1.1638788237767854,0.9235462017774506,1.0093242402167577,0.9985668596122974,19.922136986991262,16.552853116108643,18.503732591905614,14.122369662319619,11.928172950312007,13.595727202899084,2.6284628198332207,3.1849611217556313,3.1534496867537665,2.6215874955662373,3.391132535871218,2.4342221475882866
AG,0.0010662291200569654,98.03627539376453,94.63358820037281,89.78238275531558,94.67449447892899,94.0818668287625,77.33125274464723,74.88205750050237,79.6776966413858,67.28927644184758,76.41758982438128,75.09121013231378,1.072935431057128,1.0245338463320353,1.0344996893439211,0.9541890372906214,0.9719887861282868,1.0072601452458003,17.62057787532736,18.900491248818668,12.328789288397116,13.252388825218144,17.453172468067077,11.846016979030274,3.567787143577401,3.4515025735020375,2.8708503893802955,2.364245622844386,2.6605856553353364,1.924162741526789
AG,0.0060800466414403145,97.77295084694816,95.85180261613338,97.24428585424292,88.55686971119101,96.51215522316593,77.31621701121604,77.34407975558216,80.80501778263745,78.83053473337442,67.68063592686126,83.06130019268376,1.071942231091745,0.9510691631055441,1.065801427188884,0.933875489134801,1.3068421211607415,1.0011550532554385,15.16813600557896,17.198753518809117,14.431639136867004,15.228728070340848,9.990372251622844,12.035318390674515,3.6280900231688573,4.03414309994718,3.1399261888841585,2.5653896553170963,3.415977125397677,2.2756035489983217
AG,0.01905045264672909,96.89430169717474,94.7367558461377,97.53340712528481,85.12921097536392,97.09388629123897,82.94688826287528,79.08767896089623,76.85745875292851,73.97974605085597,67.42390300472793,83.12729815706493,1.0593492335720256,1.0365577956644731,0.9329361398262095,0.9024077036998319,0.9681400551685112,0.9832691622358918,19.82899600088174,13.913893743248794,16.079634902735627,14.34757663173136,15.700450016480728,12.8906463321923,2.8718586558468844,4.157394217980591,2.8886977524003714,2.8545574817864607,3.2674737369393094,2.5822983235426293
AG,0.010374383037738822,99.87595035912297,82.41656979311745,81.42788884922584,81.07925583163976,92.74786073075025,78.90982560813443,83.55905111171234,66.96020926755372,66.30275157965798,68.36429815503669,74.53205278566625,1.0622465894681161,1.0961922652119578,0.965216356632838,0.6471827743820205,0.8532485839393311,1.008377982121608,22.587352611189477,18.231308073045096,13.821148063324742,13.270672960745392,14.681858521248913,12.118663389283258,3.1382603803378446,2.484673032170498,3.2121367692999483,3.7278392080428104,1.9203236533821588,2.247697123305669
AG,0.002616633490227755,97.41018567138244,91.60141210953796,76.10608757395792,92.90240023899945,85.97617534912835,76.80979521803212,75.10779945520841,75.1129667992628,60.76697282124566,71.36789424441739,69.62297602940396,1.0484954071919048,1.1071364721150525,1.140857605390515,0.9213798697811681,1.1528570968666227,0.996342527362373,13.243358765556621,19.264117743062613,13.027922543147255,14.594253119429968,15.201515330931798,10.276829810705923,2.5450655643268156,3.4702455582286373,3.470530515061218,2.7923826398199214,3.0156633995827797,2.46693065764436
AG,0.0023886871567010983,97.39579436691392,85.20655938899203,90.96882032345437,85.56778710150844,80.04611817160136,73.0670241895327,77.45988567752072,71.7743436030163,68.4346231926157,68.31482818167922,63.87634452681467,1.0722055914396553,1.0725212918986093,1.2642222831643204,0.9806467143442388,0.8619870791399755,1.0010721971103662,17.50841538151701,17.6852055350086,15.017066835860318,15.294201994411567,12.94244745276863,14.370379706620293,3.155433872277993,3.6842685756022924,3.1300906613866344,3.2485528112784685,3.5744583724496786,2.5679385909169437
AG,0.012981851942685536,96.97606659830139,98.49779776101178,88.18674624813654,81.24251857789774,83.27520149199549,80.4059834191772,73.99837914323551,82.15523833257062,71.43037361764732,65.51157314348333,68.04179443023814,1.0744174260138732,1.0608506472543706,1.2609068615876515,1.0001870269609106,1.1129244440877424,0.9979305731977303,19.711303662205463,16.64999948558409,14.567493837357356,9.54790576217987,15.520401187826426,12.865497610425923,3.2548975462792265,2.851380224910764,3.47352908665759,3.2282498525127057,1.5154004905140537,2.2534608918658754
AG,0.004533066154183211,95.76747660872124,97.86508072843067,94.89489807297831,93.52807055867662,83.12315242629052,74.7267687055874,75.92377883884771,76.87438398212406,84.06377267558132,76.92474814602701,65.75907094545889,1.056938484720772,1.013892286271288,1.2278263703006838,1.2066748565415957,1.2226509443894085,0.9812984434112653,13.929949047109346,15.619854352681596,15.62224461387108,11.597031500246002,13.577909641987404,12.897605772464901,3.180117145505559,3.5794625186469853,3.2922488035544255,3.0453199936484414,2.72955177049658,2.27302002077663
AG,0.014297754667770364,93.96354700203614,89.83992134084299,99.12879905465236,90.6080598552163,76.8282328880955,80.78334050854355,74.50390495762262,74.17972717244426,82.5258724402158,72.50049758630779,62.875312918224964,1.0707128410998135,1.0046909584596222,0.9322952494028317,0.8293932949290612,0.9705255659763937,0.9887259117782361,20.767523033959748,11.23023264476615,12.535533688333807,12.168467813922085,12.67333840907153,11.998468160919467,3.0350297204997454,3.83042471232792,2.95928654227036,2.500799308511686,2.8611625563540266,2.6909328172558804
AG,0.008021545117933938,98.45018497044201,80.17306309385859,94.64782008159905,92.64117827188264,82.92264241437626,79.64418071660621,75.67090537121636,66.27494514185767,78.0362667250153,74.60730621846886,68.37501331970262,1.0607592796671057,0.9771704872680095,1.070135234767045,1.1532988465340936,1.1014596856384151,1.0012698568058407,14.489403207255194,11.744120000379397,17.55251958304136,15.58911548200965,12.656206153704431,12.977485283732863,3.234900080747157,3.9519826535864535,2.275674278395104,1.4826471294669983,1.7994367493463064,2.5701639940596603
AG,0.00961288623680559,95.63242771488397,97.06114495820671,81.74747503203206,92.20379080538332,81.93095225339961,77.58858790993364,76.15483640474515,77.83774042993093,67.58629748480647,69.77638265546088,67.12003587480393,1.069133319579664,1.1145189182636035,1.0455156635122713,1.1641767762932744,0.8566183968108283,0.9969451155814707,21.48103214822041,16.127002006949365,13.872177104292199,12.078393398411519,12.564130754583344,14.731024768432597,3.123837624667632,3.3689244443839224,3.0155176908654986,2.366952966752293,2.594247843208488,2.2187716077264414
AG,0.008395214179694193,98.99443772061105,82.4405481437722,85.19549476603179,88.351675598037,74.54782460628786,78.91969903009792,77.9073844737,68.93216720179835,73.37927585019293,72.738364872495,59.88988792564565,1.0863029688412305,1.0743391199926842,1.1240599426577182,1.139527705161585,0.8748550636835424,1.0071996407147068,18.02501399459001,18.707154838967053,17.867147213488078,15.413354455167894,16.326243222600425,12.476940355698671,3.377105112172163,3.1268351378165895,2.8522803344619407,3.1489400239654732,2.5957482359355946,2.205069135413284
AG,0.005543958348963882,98.3103402881823,89.54244031125576,88.94437002057785,92.09096284386688,94.0634321284664,75.91751671722787,79.90698980816096,75.06487379938031,70.71905168277195,80.00925051656965,76.67718966722552,1.067879264274691,1.1219062671238391,0.9160182993174865,1.0788275637777909,0.8744111561488881,0.9949378072120642,21.188130854292126,18.46106645028148,15.07373310837401,13.954485972425314,13.175933617588033,14.020059137787657,2.5409851876875984,3.117342588608151,3.0341435513274506,2.32211760516035,1.603455023775893,2.679438013664532
AG,0.010350995857125683,98.04459969177674,91.47739382289467,88.17376755817875,92.25253021960654,79.95435380031313,80.46621156949742,82.20183368701095,80.86712407113501,65.03406813698132,75.61834373099445,63.82982444378668,1.0605511550901452,1.0981532578586763,1.0816141248884974,1.3387978629353334,0.5872190780076724,0.9847552616030412,16.495414905013924,20.717814437195212,12.717844907471148,17.984506356503697,13.158487473221792,12.216173663977717,3.58375381545519,2.878439792745052,3.3118191729918234,1.4285012470192993,3.022906214717526,2.3065366794963102
AG,0.0012357803686820492,97.58872571879567,99.77220354146694,90.4530676286976,86.16621724486598,87.44098747746851,75.39739140365474,78.73955584434526,81.59975445551669,70.04530645790844,72.22099008446166,75.47698986363743,1.0674292621395236,1.080852058876524,1.0141674583561104,1.217672564016697,0.8969073493045827,0.9930934780899752,20.553555913165305,16.7908443827471,12.379911393429195,14.350609205833523,12.362445824549571,13.426762610135956,2.905139434785379,3.551359884096414,3.310769381696992,2.29559781435944,1.866061556826114,2.4901102689751755
AG,0.013566571295848885,99.37000104822722,99.63324712129693,92.58491134856375,88.0057798208026,90.49967571379918,81.21669246778072,77.79134622451816,86.8146388634631,71.07215496959732,70.76933375715342,74.22566035681376,1.0579087128447289,1.0650748497667741,1.1005908469746297,1.0623537776985479,0.924879473719114,1.0001477917020427,19.6984198690106,15.17615938093598,13.236822750519694,13.78734179086898,14.374155575478621,13.093076055055402,2.8761015662976988,2.8214440342716887,3.5690599502861367,2.896776877911617,2.9581335350663864,2.4731519744824517
AG,0.00012705169020803007,99.22820509176151,83.31037683462131,94.5919270877778,84.53186014323255,84.99914999965075,71.65743269001553,78.58048104165997,68.13526898937101,73.15090683539725,69.39681359338098,74.69177702368995,1.0694484595775866,0.9110521192738209,1.054800016181696,0.8956492549047669,1.1692842014115805,1.0179027689383109,19.17071686131424,11.198041438073176,15.385375092843455,15.85423968204142,12.399405814913724,15.528994010328708,3.429922475223487,4.1093355578727415,3.1318651825890487,3.349760513808549,2.3859883309932206,2.3746521618494008
AG,0.021861949006269147,98.80420395627793,86.86676369680565,93.36775158656985,87.03470339305748,91.63141007335564,80.12475822705596,80.20984295754748,64.08020635041672,73.56918428860918,67.1715483947359,77.65271274453652,1.0607418450304007,1.0530152232477368,1.0761226862037927,1.0301376420644295,1.1549794159016487,1.006017827849076,16.954955693243548,16.5658406762402,16.521697170640472,12.944465371049505,13.72133122309078,9.925130370192027,3.4280933843501225,3.673876781759377,3.182225086583695,4.009457702814983,1.5455186310896327,2.4433739588888033
AG,0.0053140131618487196,93.97994577146622,88.09619927011605,85.14087461120674,92.07513902313228,93.65256219132266,73.49641875454819,73.31276884302612,75.74948426052154,71.78655205686682,71.51820217858972,74.35059666776746,1.0748727395580755,1.120332879358704,0.9691382582528374,1.0155690552074523,1.3616824475875462,0.9943859571750354,16.12918752058471,13.801714875577812,14.809287884110164,15.522504177561991,11.365737853493924,14.281665582481414,3.7567028803130276,3.4554705371915926,3.141245740842723,3.0619392600966613,3.93255145133854,2.1120765185930197
AG,0.020844969791919965,95.4219640164461,97.68181406823184,98.00938514742334,82.61667128015861,78.35403392028442,82.8529117088657,75.23333383706445,78.95918311785879,76.60529210724432,66.5766081430558,64.01968954525648,1.0799264953464214,1.04517891596248,1.0816435223700815,1.1120889501086966,1.0314779656911741,0.971286599039519,19.660144244101808,14.220914196290531,14.174171473694244,11.179893299527725,14.703220236953953,10.495322909739347,3.6829634153979605,4.6002667855390325,3.1215176352563234,2.735692668172119,1.7372431568639797,3.111909681546905
AG,0.019685038794172015,98.99769938411359,83.24974139220086,83.6078205947688,92.86138461467367,89.87179185836332,82.33917049539006,79.73114775487451,63.70576944954153,73.53624130926248,77.41502535001607,74.35247923732256,1.0600501256342585,1.0988745336331942,1.0786875665819196,0.7212848542170003,1.3193745734551534,1.0007996060658066,17.65958111147457,11.773293745462874,16.12307778460353,12.010630318853579,15.42333544542385,12.244399501210316,3.0983387299202936,2.9586415078361346,3.148468391141518,3.0212201969144807,2.375789340479025,1.7208420803721427
AG,0.0032952579468168907,99.2864565346679,82.90758583460402,87.22880128920357,94.37330942496614,84.8043368775901,74.94193157766354,80.00367333771929,64.54456839298929,70.8927183320457,77.92176882242846,74.55578300872814,1.0704438337636957,1.0460046907890466,1.1805653683525317,1.2054956613155023,1.136538133409318,0.9859730771305248,21.134053315588247,20.0623709820529,16.323855273097067,12.743812102228615,14.02235536050721,13.463637500588696,2.8465441418495443,3.488759892377504,2.768834311154684,2.9546532793464473,2.42010215261055,2.5722078160642474
AG,0.005667411001508364,99.2199317097952,96.2681970511617,90.17967257466633,86.18024424662363,88.47160346574796,75.50191583621444,79.53047809951903,81.94476175868233,68.5724814796732,75.4324917516573,69.99033811727992,1.0632548906607489,1.055976891219904,1.1168520659891046,1.0098407273205088,1.1721519524512944,1.0099955846354618,16.377603079612246,11.59335231711001,15.245912111600399,16.991771556559364,12.47569578178195,13.338821467770321,3.41690332822366,3.7638613432110954,3.104015188452513,2.7221338264878026,2.3077072673721286,2.291099712469755
AG,0.002994480442663597,97.09183007758591,90.23468925288496,85.6701446480143,90.89997716449344,98.19369683643377,74.93345822783479,74.86562285742546,74.08227398623069,74.03033837534319,72.17544262841295,82.9746658083912,1.0733978184028303,1.0726713814013784,1.1919090447734886,1.4244160408458564,1.1171563837117429,1.012535351551294,14.622541814640856,16.239382295763065,18.556149068324196,14.701338114581574,12.949801083097567,16.48082285139097,3.79070794195136,2.7786786678890385,2.7324266630925194,2.97920012655516,3.282576071640091,2.0123790081555635
AG,0.006188290170736044,97.42228903370523,95.0326410243177,89.00541311275568,87.80061280199325,93.12490062555408,77.40231952680809,72.26479952527271,84.19556403555893,71.4094926089018,70.7800596889019,79.5441794902139,1.053682028118531,1.157976816320227,0.8956979660193773,1.1101898810066027,0.9885568335746483,1.0042701677040213,15.229575993718658,18.056305211721355,14.705280363567809,13.604352481353633,13.63820500130904,13.443818171432877,3.3078742322458194,2.8703808554657435,3.1001386203901284,3.4196722941328463,2.9644516992135124,2.6519847882517884
AG,0.004069967215801259,93.6170519929353,84.85752506596901,80.58244551400661,82.2732653330054,78.38533972734561,78.1032324333257,74.40068141842751,67.62404289897687,70.51537668176859,69.65132355065117,63.44659340156104,1.0723489948038132,1.1246573392787491,1.124847500328642,1.062575944638279,0.5241283363514881,0.9913207310407717,19.73041570976484,17.95589740770199,16.348457451690138,14.744724697669968,12.555823232729074,13.901148004727105,3.080620359510046,2.6408244269330745,3.2002091767281415,3.0384822220407774,1.956420571744152,2.3105388013670134
AG,0.0038400216257938684,98.18650250570427,85.26625423665942,82.58854942024904,88.29789068386022,85.11360066979914,75.73074164158537,77.66483726592793,69.80386152611311,69.39744630756724,68.25717077105976,66.20363301525998,1.0737298018843389,0.9656780238585014,1.2416590576713467,0.954431724613354,1.2158182202326655,0.9857503407681436,19.861200262658443,11.531217914186673,13.71084502986484,12.657051448543262,12.044419032989252,10.795212107411174,3.0711100834193785,3.459266767279061,2.7478415936781437,2.767461284468929,2.273923776222739,2.674461689015882
AG,0.011258042240677217,96.35989454778755,84.60864269353564,81.93692628281903,86.70916971949028,88.93724264689956,76.38185407878323,75.19885577881956,74.44056719093797,69.27868794261906,72.64982063550076,74.1352981463735,1.0660504383411302,1.0949939939064819,1.0386210968042928,1.371535911455343,1.0333911630546802,0.9916288976994441,18.918000009477073,20.44925174611444,17.4444224355432,13.185614486653492,13.348197650548801,12.6141245797105,3.828552971985327,2.8830163030542284,2.402563981872894,2.123612712678867,1.800375076416537,1.8524886037919468
AG,0.008659992552293992,98.93656196068255,93.86004335224273,96.86648866776883,85.53987771810883,79.73747037763066,77.82133782726066,80.42979790828512,73.65833253346312,77.1091417591981,73.1034486279409,59.58882678516546,1.0855270654110647,1.0438144717048505,1.1328527610810948,0.702010768292757,0.8705883339484366,1.0038557943141022,20.949967710483463,15.77067226935156,13.08008927752579,15.081448094054059,9.112313188298033,15.316350001224508,3.109194681010041,3.6733817055286715,2.852678312981877,2.9561824404438344,3.380847853929346,1.9812183220793353
AG,0.009478676373306618,95.1766933815493,84.62634138255626,93.76450664533137,82.56837831350444,92.77019579326742,77.88676307188,73.453769932164,64.32639648988959,75.60841548259964,66.549573547016,71.3770619692257,1.0669598884672664,1.037900601200846,0.9540888646798005,0.9943154048023681,0.7719333110856567,1.015240096769431,20.442826704880684,16.87728508832355,12.146861486974222,15.761574596906524,13.292157186359386,14.01999084913153,2.733359361107151,2.309657014710497,3.8063289225727095,2.964012022812739,2.4601503450137714,2.142615394655973
AG,0.010295787586415188,96.9790935858283,92.55855398616579,95.32313213467361,82.28640573192044,79.76367999517544,79.57525043245658,73.87839144825406,67.65601313262277,71.85224958147249,70.00635103257656,66.22432127229396,1.06567644498772,0.9892562037622226,1.3126385060828438,0.7987003492932211,0.9162124923919263,1.0228924410202005,16.99056815850493,14.641173138412478,15.133177401908558,14.2494564898867,9.503499663108686,11.783171719569186,3.7237852105966245,3.4368082226165972,3.124743454668644,3.0776672768132083,2.319754407851793,2.0018267715346316
AG,0.001693719930093081,96.32953482468362,98.85744817352929,81.79818154281523,84.81892018939537,84.5370539966236,76.32817987735808,75.38602942227875,80.22670672352413,70.80393958892657,69.36913790372148,67.10648989982676,1.0715139235547722,1.0119363528263556,0.8791055983747421,0.8388290014123713,0.933081032194773,0.9913262418919265,14.010246282461505,17.531856471815704,15.131043693046852,13.820962851122399,12.44227763400976,12.601257761465053,3.8317279840468883,3.621664127134193,2.929930920705973,2.277673526466704,2.0219243845561787,1.899272833540425
AG,0.011636688855157302,96.001057543326,95.4520808833615,95.89657935347422,90.16977296126052,77.98342282749772,81.25506825071946,76.28735214386715,77.88386300858474,73.7581030541142,74.47402855389574,69.01355179437468,1.0875618391182607,1.0136196688286807,1.0805966632288135,1.101316959757951,0.9596444588622971,1.0145633410335548,17.936386178955708,17.224175801810958,18.918149390282657,14.789253804150558,12.948846373439062,15.442876643495795,3.5915548137221407,3.5892498805861646,2.6765719241821433,2.053243137859888,1.6842049706877797,2.4095012715409085
AG,0.0037420318356220826,98.54577353299186,99.6434818455652,92.84980136030956,88.62416131589985,89.15607012669014,79.69486673842876,77.56088217873007,83.85559621222404,77.90347943248962,74.0960082941038,65.38541565086919,1.0672463566623573,1.106627555327303,0.9982444452706349,0.8739968880801363,1.1309560170189459,0.9984412083482731,15.813182842309667,16.41199780564244,17.268479830135956,10.623280408811516,11.669909118239149,14.548053349374872,4.151165195200393,3.51796767128764,3.4333094895789587,2.8410474852296015,2.520152850635263,2.294715051052301
AG,0.0007296756470430857,96.28168704490406,86.67491217798505,72.21476123396636,92.21023738291771,95.16997109563141,75.477098563347,78.79779595143293,66.08843058347453,56.83051158984253,77.32552868741021,77.66696872256551,1.09390675441051,1.010849913220086,1.15046046765816,0.7214822905917984,0.9908209502234976,1.0034399599470594,23.169222849615434,13.783172349091952,13.89195029754488,13.700986465094337,11.659442678371047,12.434538653110598,2.9783527848726012,3.4345048774425813,3.2583310773840255,3.794173364070298,2.7908858630110656,2.689071683881933
AG,0.014328802482228288,97.36091410024379,91.45960997782325,98.66155014794441,84.68479552333477,83.17825469537486,82.4443363763331,77.08766451420769,74.64838399523423,80.88685624348564,75.56548462970784,64.06280041268508,1.0577761451921925,0.9620018601686928,0.9973636806624679,0.677504209898985,0.9656235082412777,1.0090167719196859,15.609139319616705,17.9733128502027,14.495417076887618,14.18697378991289,12.795008858114139,11.962700477081121,3.3836353559628147,3.74999956856483,2.3514066373830467,3.5129215924243367,2.2892050515743554,2.4664374251147283
AG,0.015357410722892317,96.70063101876976,97.1100812617831,93.8219604085081,90.88413127191288,87.81370004280113,80.67421080526526,71.68839496900792,77.95048407325923,73.70631956558664,72.04331939088735,65.10710084556554,1.0773164921585827,1.055211095829988,0.9725695048442035,0.8451513602356447,0.9625616465743388,1.0150244440696774,13.645948096889125,18.715993143169484,14.963546290125459,12.83032607349641,13.206631541335648,14.902498121591368,3.7827544055090643,3.506277168295615,3.36205427246093,2.5537396348490558,2.3037772247524386,1.767252548359902
AG,0.004495740938755953,98.178046271534,93.35263997400823,88.84335100966001,87.40028632876395,87.1505819953316,78.67695070322942,77.12886964943395,82.49851443077615,73.38841321454956,73.66672301334559,70.38358418983043,1.0574953901285256,1.0963019271665226,1.0697108551596521,0.7444488259326425,0.887099186762722,0.9906078209677476,21.139572494879538,18.247677599492953,16.50294258687322,13.299751344582363,12.310889344125481,13.158482589885095,2.9011260637622795,3.3508724696093233,2.8425014118342453,3.0405359262914673,1.9544195587029178,2.820394781383043
AG,0.0006086605146296318,98.07825317191865,83.5043245568271,89.26244861377404,94.25702744236672,78.97498688310189,75.01553620000482,79.16954588332972,70.63077268493697,75.58690501405195,78.87335955664872,65.18202816654974,1.0683721550535248,1.0442079161295286,1.0531160529651697,1.3994988793886676,0.7622372178996233,1.0019034365820112,14.510010095215428,19.522479126407443,14.548777013122406,12.165739770061002,11.105913069110766,14.466546552100144,2.891205524821836,3.524106122602372,3.653818369141381,2.3967682843168863,3.407190480479744,2.6662530895006276
AG,0.003567935473797033,98.55687177531222,97.9699104592136,89.25675740714534,82.29273123568878,84.23350788529416,76.90941512032374,75.73454926174082,81.23343263673425,71.96704634054136,68.77593529371268,66.37983452177421,1.0697356269808187,0.9785014716379623,1.067065280604736,1.1967013997144922,1.135142104320717,1.0014151764304637,19.14657433309622,18.303504313816937,13.58016307670885,16.757071235765128,13.526221081680191,13.809596103459064,3.2604810144964276,3.728806728855482,3.090254835113503,2.4148359974783635,2.06324320030014,2.2601165743831233
AG,0.0022161581975611174,95.70163628414439,98.85061924371055,85.86221306537541,89.76652493470057,92.56085575816486,74.26500482955397,73.36488522669738,82.30460541345197,73.53919112628193,75.22487895354811,72.51842684239232,1.0619493444578991,1.0625838191679184,0.9609360163392954,0.8393305439516738,1.0541280422431547,0.9820599224672197,20.056305486587892,17.682328686373566,18.453009086574973,14.487349023587191,11.589796090748706,12.72073249331547,2.8613018752897386,3.662322003860546,2.804761809169053,2.943730862431578,2.694241086021653,2.496488373106419
AG,0.006778495226638853,95.44116534918544,97.1185452335993,79.66605442002329,87.49901745276438,87.69737603583583,76.75993267391145,74.4942198865902,84.02641980529722,66.55064543852566,71.98730665020722,74.40487249098932,1.0767764369823467,1.057374074801288,1.0135995081856053,1.0389062047602908,1.2372134525602272,1.0230716956302157,15.449558060256974,18.057593044025722,17.085418458973237,16.307552078527934,10.625841643501499,15.039809474511163,3.2117372534540216,2.9512267964448644,3.5638174191047964,3.0094380110623704,1.961437319717326,2.4569236321848655
AG,0.004957324336950192,96.52993278878995,89.214320112186,85.84096647139094,83.71118960831525,89.0233572272973,76.00212188829934,72.67335008050938,66.30990839316198,71.37793918641071,65.03474640089769,71.05221090985873,1.0574933156972532,0.9908115319479882,0.910790845597484,0.8318219031615123,1.0818531870140424,1.0008955663615244,16.252816005680536,18.062401072003276,14.743595806790221,13.247961918881149,12.609804420722375,13.953072144403698,3.511053774854159,2.938912384091006,3.2669400991569533,2.974465283502595,3.077824734225537,1.9779148331685636
AG,0.005646716273594608,94.30347642387562,91.97435331570725,85.84423527085622,86.13477124014348,88.60910438303875,74.72748628717675,71.18981605663032,76.51090173891407,66.17658126147127,67.61573579034757,74.98875536502405,1.0723543369757393,0.9953926158570464,1.0054940454886592,1.0065439263913454,0.8145281573671164,1.0037280964187576,20.328284922756986,14.362060329035064,16.993532497317474,12.590297380922259,15.706007600256777,12.589592219063835,3.3106609906843505,3.715803785309863,2.7498559885042613,2.893212122535365,1.7710632970749156,2.558222749624086
AG,0.007299944233172789,97.07907995067076,93.9300410330864,94.68454409787142,92.45235496437161,87.69751532130105,77.59408850169027,74.70251881959096,73.21238994307735,78.18039193304288,81.16736966757291,70.53840461695893,1.0586621886161018,0.9921537468103612,1.0852462635974558,0.7468933475134847,1.0401929029732457,0.9966045392418685,15.464711869381905,17.754204569956585,14.70006022206492,15.464898011630726,12.133749951601384,13.872850410826185,3.746775111836478,3.660751401110195,2.845403365364291,2.8197981147499216,4.139076672034867,2.028704028961828
AG,0.0006991359820687553,93.75840937022681,82.967670344992,91.159840301439,85.35561516785123,95.07811620318043,76.65418923136635,73.86456555225064,72.66785420465561,71.24465354023941,70.77614460410955,73.97510726726469,1.069717726750135,0.9594077680459765,1.0776805486551237,1.2922183217496883,0.937049505744616,0.9951309833274826,17.272963069898847,16.364486823014207,12.138100167277193,16.07986944293599,13.89380233907105,13.681003790584004,3.509712980882573,2.8428837172818215,2.7372276771723985,2.9694810248610537,2.6724682688282715,2.442688721533423
AG,0.004425154978220893,94.87044023194174,96.5437021940985,80.90140462403181,83.48798434963332,95.50374067514181,78.44506718568597,72.97386457127487,75.60485376616487,67.69429813801841,65.18701874828862,77.41271709499253,1.076186894791804,1.0156756926383428,1.0407995827662018,0.9353815288778236,1.3568049622286713,0.9832587261665969,13.914942908969223,13.457636506084437,13.393911466541688,12.416734821654765,11.095281313103724,10.740058793677889,3.6936201585786868,3.417539724012982,3.428455268149926,4.202084508114199,2.2828446519710988,1.9514556140634671
AG,0.0009344484103396762,98.93318717102478,93.27732654619145,83.7791903565503,87.57141828273694,88.95809954475251,75.533047787301,80.52201594455072,77.74952293895706,72.43174139650667,72.24717631872267,77.45857916588415,1.0841020512537904,0.9594055620422386,0.9512017908019728,0.9895586831621699,0.7224773596650625,1.001754549117679,16.77274414703503,14.70890666762594,15.639057882144796,13.265884467371777,9.562880864161961,13.764579384951215,3.1233315348931496,4.181473538725527,3.4538510649675582,3.1630401150914893,3.1970450449003116,2.4786537928647734
AG,0.018847252272358634,94.37503442162989,93.12389510337628,95.75360797403698,92.42751898118678,83.69467219890207,82.8494215332821,75.933017111118,75.3285126464079,77.0647674116934,78.93726029735456,65.66341984873976,1.0694047448581165,1.063555010058372,1.3327260254673579,0.826480684654107,0.9048618822614294,1.0122647640141804,18.08231439422175,12.100085054456411,13.083756246153236,17.06706401571224,14.368458570760795,13.5263419089401,2.6617961475588374,3.465358807023179,3.502444010242595,3.2040908096137306,2.6101264793899626,2.85107383542723
AG,0.002520905498698574,99.17621968412338,88.33056737705601,86.30696745755579,90.027520111335,85.39992206284425,76.7692763889812,81.98619209911583,75.14076600505928,74.0343730911697,73.26622304567536,68.5363029970687,1.0578703243678012,1.0576393842001641,1.0307065333663623,0.9941284969179277,0.9458347368929104,0.9793104478702124,17.99125776857219,17.104827450597913,12.960003996876388,13.392539318291137,12.671984978801738,14.92825601302658,3.0634334444640805,3.206584102356373,3.68439918306556,3.2485678393861472,3.305650585398409,2.467336558930316
AG,0.0044655963587469875,95.61185790513859,95.0606645693454,85.9067403588017,90.99929022789907,87.0356651126489,76.96912150684571,71.7899446305991,74.58879165761478,69.73381205636605,77.58141334543531,70.44119577882113,1.0626925280455577,1.0699763038394225,1.167412784638022,0.7211844438929182,0.9661518006398729,1.0061242218461748,13.276510682416385,15.413362117166265,18.16438833140224,11.394902937168185,12.162418857870255,14.970826055684995,4.105037903488339,3.3558071704997,2.4608249709549104,2.4279816098112335,2.388175085606899,1.9880793511699317
AG,0.01026924058734211,93.64325080933666,83.71364727318853,94.6493139668378,92.06945070288529,78.40217948066119,77.57268661987602,71.06872122693241,72.60863858772592,68.23482343648456,72.42271679326204,66.48288920319145,1.0711692006660827,0.9909908552806483,0.7004642099840623,1.0950919933829864,1.1088049540712392,1.0043668317998833,16.421515236000737,15.73188130427732,15.129210624753036,13.938385616023798,12.648167202646484,12.807867673207696,3.3642922049056145,3.662584181127414,3.8028185452389973,3.584984290445735,2.649557187436952,2.517633120517681
AG,0.0027585582277988158,98.21967730565065,96.85648743440645,84.6709564095969,96.25773662822733,90.91230219304778,75.91624510281011,78.17672401413758,75.81381424677515,66.83837165279016,79.47937948006462,73.22416259033012,1.0796238619252494,1.0218251618823464,0.8927008678899788,1.393976820623942,1.1993803516941492,0.9971064001847013,22.694342860746275,16.23978881266995,15.241249338793047,17.776528341840244,12.361459806941253,10.426330718167298,2.5859293595595974,2.1553636131172276,2.8961971304049006,1.8784517917520258,2.325905240681329,2.481840780730705
AG,0.015456493537203192,98.41936594768174,90.34878310557153,91.02457276235221,94.82208388353054,83.61267629850968,79.62825296570658,75.53195324021677,73.04400030834329,77.35849992825698,78.04317158726961,64.7414058016822,1.066647733993865,1.0224653122224707,1.1042057218304233,0.9708755320900978,1.0911904419656264,0.9824050460347404,21.512411876478755,18.097589445908067,15.4975058695864,10.994942771118453,13.01540136961223,12.503286369221675,2.7378960117822357,3.385840861762663,3.0189911669718885,3.260626857030637,3.5351299858575835,2.129696775746842
AG,0.007053818753814421,96.7689093086992,93.5944163451577,92.88013791072326,98.10476050189007,88.84378618921802,76.2803899663197,76.94081414272273,78.06935093389664,70.24861564659749,80.55037199779667,75.87780706169997,1.0842728459521804,1.0868444676884614,1.103462920992082,0.7380556800769654,1.0256031092927282,1.012292167404535,17.559875481664413,20.047948116922385,13.98217088856687,13.75317897989421,12.978822781511234,13.722113277090862,3.6145540064043473,2.7797757424386376,3.1773422744848716,3.9611045591534726,2.5345439681136575,2.55197806482077
AG,0.0033247689803399174,95.41494681811024,97.24092306115325,87.61676732426962,90.89074716045252,84.97930414995075,77.78462618391497,74.08658080065183,77.87548929229101,68.46726458916615,74.23342121401596,72.77883198427425,1.0690009270492682,1.059426392130934,1.2318903531933607,1.1684506755982706,1.3264592298324165,1.0251045278078859,16.946820205094074,17.036752108903787,16.83174158131853,15.162615535305278,13.019622688725416,11.248875928880151,2.9354170057928193,3.424254638508455,2.761186104991207,1.5513575428874624,1.954893521979291,2.12573010184354
AG,0.021299794239113243,97.03946727074407,88.42418953789988,96.85186725559718,89.96231853467529,89.1323146748903,81.91642790288819,73.13203143471284,80.55282479397174,79.8351317257435,70.10014081611011,72.94492977983336,1.0666976416677927,1.1302408501202739,1.01471778006127,1.3300119432827526,1.0263097891378938,1.0019419644633007,13.065715327901032,20.456907496307913,17.19169824375022,13.028125978587079,13.839392378647041,15.113819427646215,4.386940524833766,3.384992456523521,3.079185066883025,4.002332582340739,2.4415619686198085,1.8649292698677833
AG,0.014734296436967569,99.61210752748617,94.4536056194331,82.97459827139663,79.00733948183651,85.55547887644447,81.09310505160416,78.73897287349826,74.85156082643118,71.06547852329811,61.7972699706591,67.9731485958085,1.0683547936028852,1.04714675669517,1.1410639753245388,0.8970252208743953,0.9270607307200692,1.0106628206684574,18.62503468460101,12.978839337734446,14.5804039415484,15.301020119556663,14.00564786779859,13.698739352968012,3.3219513281708366,4.594582479914019,2.8964097130586417,1.8018362361670914,1.8244990041881022,2.050483125286422
AG,0.011126398391118446,95.62367714863635,87.4823887483848,77.26560420350842,97.11662310912104,87.98918468205726,78.47063789805632,74.6004950704551,68.96726036089296,65.8978798764409,80.5723451199299,74.63252137658107,1.0800296678383143,1.1069512837875273,1.0821296979660653,1.1335428128216027,0.8992434464292817,0.9879815704718371,17.757505268733784,18.48872058915567,17.936788651616205,12.496802866133802,12.801153234302104,14.039623416885698,3.62483924019155,3.1362337306269463,3.6350780195648484,3.010510563206823,3.2035106531068394,2.114839269511585
AG,0.0007574792030938011,98.68214494384875,83.73147399589824,92.41688319244179,97.93081272835393,80.39249493428947,74.40466971550066,79.51414749358472,62.701294620992165,76.12777814277668,80.34266776815042,68.65535951832157,1.0690727340048631,1.1144284490613596,1.1852997546900226,1.2148739962536232,1.3697097974399162,0.9915428887230519,19.419448773411382,16.243176387872875,14.156192211652977,13.69263853734889,11.448582478817961,14.090131923295786,3.65465606748479,3.5375179720121324,3.5218962210059326,4.203712278577696,2.4317314770803824,2.101799105359159
AG,0.005195351293015373,96.96385014684361,99.57378429211508,91.38345164318505,88.27892729973662,90.09388739645757,78.40323508063828,74.25132284678962,81.49222986867534,68.2258153765982,71.82807260332147,72.89494816307149,1.0627116222124453,1.070410798756697,0.8557632313253027,1.0241143764640255,1.3397766736659729,0.9993883412727247,14.046557338308633,17.902929758052245,14.508839592157745,12.557717321734854,12.915785442460123,12.28666519889412,3.4019994536034264,3.818983125725586,3.2388749779757595,4.204511971121874,2.4006754400161845,2.4196720988699973
AG,0.003644283312878219,96.55937932811271,93.3170311603712,90.893696448977,88.13013920336729,77.46706506973126,78.09059537281928,77.99115867831134,83.02685333691541,71.52024072022232,73.95596012501179,69.97871645641952,1.0651059358372448,1.0284710679587818,1.312561116553867,0.7710050608826207,1.1602699469596303,1.0051298307345373,16.16882489804318,16.616159518362323,15.842804945164977,14.166490940877814,14.36559650192694,12.090288932225091,3.200312335639789,3.285298078168555,2.9351015999675965,3.367017635725162,3.2636495013483664,2.6194483286838848
AG,0.00019201245035133855,95.89397401598258,92.20015029731545,85.00635939383807,88.21555940381596,83.8040968596096,72.83096129145258,75.63848331077989,67.66180903230706,68.14268303081298,76.41341807937681,69.93241377204518,1.07121540349349,1.0301297474571998,1.3129246821254301,1.2400266200674483,1.2345286574013985,1.0029225707842169,13.680880218490325,14.595575782760706,17.329070885605155,15.685226189217886,13.103904122131711,12.0676693476469,3.0147470052373753,4.075474255005444,2.9121623136621895,2.803650202005832,2.0574668451582583,2.521894679708447
AG,0.0004835936869024619,97.62941093222032,94.12926624367603,87.68161775554277,80.36984035053507,82.41536356072095,74.5015034251114,77.80414648932619,75.66924022315791,67.46768650469753,66.62426739917376,67.71171060222966,1.0795998452921147,1.0761265992078148,1.2410233265219568,1.0303279104532672,1.1412853804100478,1.0053054364235614,16.719265900119698,19.12414185463283,15.69900324980687,14.57129490119412,13.33685676578486,14.040109220991939,3.3175257393371838,3.6085129634822866,3.272771733185046,2.526524184777821,2.963542493922883,2.152685047183778
AG,0.0016819786316172372,95.90129284535446,93.15374143196182,88.81166673570252,93.0636719197142,80.52051118448496,74.04169819094415,76.14874477175046,77.28374814568535,64.83403719201708,80.87725545979568,64.99312503621952,1.0619483996630452,1.0223965597342344,0.905671620991741,1.399159961853511,0.5903588440171444,1.0079598125306866,23.560285672327872,18.090723711330817,17.58990029337919,14.562739356121147,11.565257277952483,15.039638406957069,3.569772093292217,3.202617699897718,3.333317965948008,2.8494355977384207,2.803715130087551,2.0739828088779744
AG,0.009003554367857922,96.94232431345168,98.98296692929837,95.83465776720504,89.15163514295918,95.15193482411772,81.39563472844009,76.1767421264928,79.34494877181399,72.42358482771063,70.44629682542583,80.16520340951195,1.0850928450053547,1.0596007452868823,1.1278715813126696,0.7400407818911787,1.045662983278567,1.013231364349593,18.327062722264454,18.039313547876507,18.402474881724196,11.191249405358898,13.534106627512989,12.327718063980809,3.9435349077807675,3.6586644260949903,2.7783025671692885,3.2723857472525504,2.435200792250802,2.5813538426291855
AG,0.010658142297915996,97.94416600297069,84.09702691680423,87.79211318744012,88.20332578386422,75.44578590707515,74.85141200187014,77.57377851568981,65.77696253354674,74.47534363793466,73.42717642431272,65.06742613924143,1.0837090713426605,1.0567896927580969,1.1289932636433384,0.8292410426916189,1.2787183820927424,0.9976083935504949,17.257137140793017,14.896826092473647,17.696400923383283,15.156146601533251,13.9978914160029,13.876242841394593,3.9474198229691493,3.3113284596940264,2.9508650672246723,2.3207910292163403,3.2647517946331757,2.0321614701852675
AG,0.0177043564334746,94.0306946758102,88.75415674334944,98.01497452388831,85.76315358878755,89.39943950960736,80.69697058765607,70.91405117830377,72.15903113666785,74.66226660243701,67.9944873798678,69.9035423427152,1.0828805702538946,1.030880435842838,1.0123176093325288,1.006097651968556,0.7570119986694821,1.008187320092377,19.192713205136123,16.04250951950946,19.68979443478552,16.863587258580917,9.459377704632972,14.642580212459032,3.2102903721743714,4.402832563508365,2.9996887906007688,2.9950372645778356,3.122517735607884,2.110855215535275
AG,0.002812594262939199,98.3693819593419,93.6718034684859,72.43037989743448,88.42962366304981,85.74119132245723,73.82894373675182,76.83253355804788,72.04626150357309,62.73612383436358,74.52564715452861,66.82092771944491,1.0755933320744657,1.1511005817304514,0.9272190547160558,1.1074719211260011,1.0142400954373116,1.0071708786377083,19.18956342582178,19.878955757840085,15.15801036659811,14.199660820126127,10.586575820662205,12.678068471733981,3.5170497200016717,3.1246254893067578,2.902107521831138,2.38479559923986,2.073773895656529,2.5456854974528293
AG,0.01699479774469851,99.64653241137717,93.91961850499699,87.52813174078493,81.74485061776333,78.3310291020264,77.63099946562814,80.80206878318351,72.42750545686258,69.11076387404482,64.2120707362383,65.93018092355987,1.0620566792044488,1.046593250698801,0.8239522144516122,1.1837115261511046,0.9121751412424962,0.9996120903206717,16.514871474243673,13.475431257819904,13.45986207195332,11.85697396146419,14.496601735191762,11.307905913587492,4.295230135041784,3.500575421761489,2.592653898453296,3.0295314473119994,2.5419709493252243,2.1936024539121006
AG,0.004541408628850383,99.24638402855116,95.81772755299323,93.10165520643372,85.03406342791727,73.01407746120083,76.4123770130389,79.02303400188595,69.66180322607272,75.96406107828705,66.37284878602685,61.63251221641555,1.0651446398056754,1.1129362425703686,0.9960620938287771,1.0383229968622212,0.861804584631011,0.9968342158538704,21.768563924157498,19.29675436724511,12.26544637532513,15.097896487535634,11.234411044754612,14.90005120331757,2.689230474744397,2.6797840122776675,3.6271867838551515,2.2821611695944837,2.5996219100088727,2.0246232416513954
AG,0.0019657981071094397,92.22436481289162,96.47639880220977,85.67461199035209,82.41957088427851,86.9080769567588,76.66038796453228,70.97589708917802,81.06305609288358,72.9126293966617,66.10395988413363,73.96004538077082,1.0774199700826868,1.010142636693205,1.2241343003363587,1.0627211700875892,0.9078189165982078,0.9929891013184142,22.870541404038082,14.94930383910583,18.04676790250533,15.405694000900613,11.693119813437665,14.01822101449663,2.529599665489953,3.088279829438047,2.9269512373386593,2.580224753034259,3.1599509639843983,2.9285303488731884
AG,0.015906340848126505,97.51684642994502,85.65295240244829,95.89743917814714,84.97471810795373,89.70733489739243,80.47035131566382,76.07698359320007,75.30438377268067,78.65908020661438,70.99969732725756,71.06705045748367,1.0599953618772817,1.0967213629502326,0.8580227051190885,0.7718804736290027,0.9582830485448509,1.0033517845172228,12.562544556631032,18.034981674211018,18.419744939956907,14.357746633691901,13.98900668731542,14.603903821112201,4.292064871577004,2.5789044189867685,3.0548893182998005,3.4123110061077693,2.4582943032385978,2.1354650402667987
AG,0.006585701337752679,95.48505630124986,95.00171046189352,72.74205372815611,91.32694392587484,90.40709176853676,77.84516515614293,74.00701200056739,79.34473121699524,61.94298405080542,79.53218497620337,70.22006327716996,1.061227471781888,1.1026468336265043,1.1490549417077418,0.805828585048912,0.9162778853761815,0.9974506913364722,21.915749593410524,18.51026721558658,16.19767732949094,11.208990982017657,14.064952305419483,13.458528998059602,3.5654970148948073,3.4572955897079507,2.359061857070883,2.8463605910127097,1.6317759673156313,2.1374324157106726
AG,0.002212617189238861,98.06385482358694,84.00596798084828,91.22109217804552,92.58037400668238,81.0772317034787,74.53663644849993,80.00782389729439,68.02939583351234,70.45107523913425,80.03412481020142,64.1086495161062,1.0834270947662994,1.1436803117030192,1.0284236414747117,1.070996840430466,0.9421179615690292,1.008608776676853,23.42504365108,15.65475549038188,13.260121755979458,14.608841355457091,12.07379699877702,14.132248181272024,3.3234075072846747,3.621779642412871,3.69891607023813,2.055183463083271,3.314678952035262,2.250608899597434
AG,0.0036911418395025064,97.53313734446077,96.79254538555348,91.6709044746627,89.44352143952891,92.18083537701942,75.03292426141081,78.21779590314576,73.53361542889382,74.64794909438207,72.76890472394265,73.22740236904379,1.0808492477875877,0.9998127286578772,0.9863731366566417,1.1713159726371558,1.1272167301521645,1.0174416189631057,17.410084805865765,16.61845955548686,14.919286659898885,13.984186841033376,15.287558106499478,14.781938317111925,4.443033843507965,3.2385136859259256,3.758128249487968,3.76972981898301,2.1322000667756287,2.1687089103470227
AG,0.0017120397562813828,98.19124055023754,96.23925489844267,81.41517186709926,93.95616924577133,95.4486141008961,74.23047572461448,80.50814725936452,80.10926036808165,72.97756985870475,80.46158403473122,79.26000562899392,1.060741512714688,1.0611028813180021,1.1349795984038424,1.3523070607296725,1.176634532447692,0.9852265916590988,19.335639749890916,21.24700315346704,16.310757750112,16.361046724144437,10.631460864914551,9.787959525716293,3.1539532464037072,2.8998984676467106,3.025124692299557,1.684703855022548,1.8386924434055665,2.668744136229278
AG,0.009349012296980694,99.6947544966865,84.25391300225593,91.61842188945319,92.17376228162195,90.49274281024759,77.5463507145155,81.01650736835342,68.74236582136652,72.83404337594011,71.38325175495054,74.57285885603474,1.050783202761264,1.0991969142437261,0.9833291722118161,0.946678182121734,1.164676328805673,0.999521707294372,13.709733455044105,20.681637154889145,17.990223529075852,17.010457625479592,12.66785327087964,13.920768595577057,2.7722913778861544,2.9862696665674586,3.0202326836624347,1.9721249648195847,2.2092786126694564,2.0083028553509474
AG,0.010539906906058934,98.54078480498599,96.77056336407732,93.31241724585617,88.87667966951469,85.95008795013824,78.54293447349525,80.81870435262691,78.52069577858407,81.02177824820359,72.59580624476199,71.22283557483881,1.0676969459194925,1.0214109047884887,0.97827817449632,1.1475529547016097,0.7254710935073942,1.0077036913784645,14.543902157272123,17.93336188842661,17.722720746558032,11.02003782388181,11.840844992857162,14.190276855873385,4.035115148695893,3.6343579768519163,3.1577346472266496,3.3476367481706726,3.621886929945127,2.3537133114815663
AG,0.0032801482489388757,94.86226213842494,89.78888421068295,97.91581729860367,86.38476748740312,83.31192039829908,75.92560806766544,74.11034565863042,69.13728441457951,78.14407678402529,68.67065894855835,68.94490169278055,1.058255680701753,0.9950214828807289,1.151183426867253,0.8581070207892765,1.1229298554953702,1.0080843995677222,18.751027978730278,16.2080581436604,16.481953769333817,12.247479762984629,14.881445929807802,14.042111239245216,3.044069309017074,2.9717632497075437,2.667648050922063,1.8372923127592133,1.794938959538979,2.731417782261988
AG,0.01422336473776184,96.10191287258182,80.03561031093561,93.84694843171168,89.79978569831637,79.25043833243835,79.64507570161769,75.53602025118117,63.680116209751375,76.79161175670563,76.77217592887374,64.75813259176293,1.0691919459773624,1.036219948009525,0.8538716929639165,0.691239364096697,0.9806233951132599,0.9944424396733441,19.698586717396854,16.70761455068158,12.407693725145787,12.091910760667886,13.547288081572953,13.78386892645551,3.2997203427202333,3.4366166354830123,4.074747519310746,2.758305846669094,2.6963597812485274,1.8144471740166468
AG,0.016007887820665354,99.6885419910639,80.10918975379255,91.43579368686532,93.12591122513028,95.05612101445547,81.74513936886471,79.62538523608221,61.64482197152167,72.36034543496552,75.92859166361252,82.0094479389739,1.0679658403620316,1.0849487599367227,0.950561954436539,1.128167807158954,1.0860474000956524,0.9879887009033403,17.75685058624795,13.055409558851881,14.852888239948216,12.24077123126333,13.849258846260042,12.080656365332501,3.409119927908763,3.886862894813577,3.3241066447385452,1.90106994066443,1.7424844933318346,2.5226165159245952
AG,0.007394073310975238,98.08382949135866,91.53646726993342,96.20695877848004,94.27426658576897,92.34992938895245,79.82292412861374,78.72628756924986,77.64356469647758,70.55153917189624,77.68982350915314,72.28598417337776,1.0820436592588998,1.0472979329788683,0.7701710642715789,0.9452302226575068,0.9987910698627946,0.9987346503247365,16.568023818173064,14.355782888831424,15.19707944283255,15.34749176354436,14.02137542622273,11.30402064062543,2.791452008862999,2.3361915564735547,2.9719602409395875,2.2362867363845234,2.3599220122913165,3.0306011771669503
AG,0.013326694204001786,97.46867821525954,83.22328407388424,81.4582397966196,91.51022386020651,90.08488754323147,78.38652373580852,77.50789127967167,69.32780817310945,66.05770368804748,75.84243860108155,75.39677513426223,1.0673773724468911,1.0871787410201093,1.1152121821523595,0.9487778227564325,1.304818463857085,0.9979008697373275,16.974102618145242,20.140271072934055,19.69532038175921,13.765512960487909,15.265582450581846,9.737651097325868,3.0493435801338786,2.9748031722672374,2.3576055880975426,4.21719291861446,2.28750031190082,2.822198130187782
AG,0.007475733350837292,95.7284736860409,76.54680525173622,81.08776236801626,93.05391329329153,88.8901945411837,78.99460371710462,76.32163055237203,61.273501108762005,67.1427583317948,74.44174852703223,76.54126033345328,1.0730914733372152,1.0982550975664107,1.2494725937005016,1.2388294736070171,1.0726349197947285,0.9902750088309134,21.068212158706682,16.806830671486097,14.00043069516625,13.991243430368659,12.826408560448755,12.640333071029161,3.1995733199711727,3.03513219384631,3.9084065931242797,3.1774565331589253,2.168659653196081,2.4644242238930665
AG,0.018139969707489174,98.37864775081735,94.96539540822701,95.77658928716369,89.48072899057067,87.89199268796543,81.86345254838112,80.36136773538279,77.53753680153304,79.72682026496634,72.42749554442045,74.810450802426,1.0575384284630323,1.1333266773696333,1.1349791654507544,1.2839774653251497,1.0839432681601837,0.9962274441952252,13.491914708248617,16.623401982132133,15.582695119944354,12.736211931536785,13.372923121774138,11.10500970939586,3.9610643543901025,3.1009887059820684,3.5445302376256,2.0484494284133783,2.5196011861730456,2.3986705690852563
AG,0.0004632289075177609,97.95706285987649,87.19644964843084,84.5936042939395,93.98375979719982,91.62161133850725,72.60678689233043,77.87183208997776,74.82060147479078,71.04709966045228,75.93157038254174,72.94112650876609,1.0612086036580175,1.038453364570655,1.0033786504533182,1.0647670224778338,1.185531698065075,0.995359608490302,15.354723933763234,15.787336664808652,15.988925587117466,16.74715575251836,10.128454957555379,13.549528192075577,3.8344619366555484,3.3181222854326613,3.4153945534881727,2.1081858540877945,2.3439096527581436,1.93428644230191
AG,0.0011062985855448246,99.95180506976801,95.87814850206225,81.93453289888954,89.22893227485078,86.77772789683321,75.57079743433056,81.37013478937907,72.171197872329,64.08265428355388,73.32487314569663,72.82707831857272,1.0770555829220865,1.0694897514184543,1.1273594472170905,0.9438646259060193,0.6781637228362646,1.0058823622149473,15.115618063178209,15.492793118768802,15.926112279435452,15.161366990337479,14.480023897318384,9.846497995917423,3.069920024189725,3.3557288260230256,3.278110443779588,2.4959251377058456,2.2272647253249245,3.3165714232029444
AG,0.017281227054329978,93.23517548111386,96.74451706507267,87.52690581637255,91.98453065625246,94.58980162135984,81.6550785469639,72.70732007519588,77.33470954304485,73.31026833666569,74.27564529225434,76.55255609197006,1.0600979992169102,0.99262346795182,1.0568801492065503,1.1457676674120691,1.349014695905958,1.0022350018449466,16.369096157101914,18.33432427542436,16.1627392620877,16.16316859883339,11.106555566914444,13.296312271563512,2.8116749848572864,2.7704954570011804,2.53357047081709,2.6840811819609716,2.660231182857097,2.3376804183483784
AG,0.0014462082721546962,95.16884957161301,80.65821927804649,97.04615681475302,90.86685854881677,91.93607107926897,76.1347159302019,74.53725217951632,69.63560335467496,80.95816360008135,74.23833531162491,73.76221857916521,1.0728575903396582,0.9656137075988193,1.0691316361568293,1.2881076771587767,0.9626105960120497,1.0032790552619315,21.15550079630902,14.772394637637044,15.183665596925058,16.970498445582678,11.99626728691618,13.735841058196156,4.047141990935657,3.617297939058121,2.412398790824111,2.528342595419331,3.2342296207937555,2.603361276097515
AG,0.0032096857090703353,97.38211846839309,89.916065439151,82.15793182475119,93.65008923475642,93.97291476670061,77.56973979669651,76.63765524549761,70.9765069413735,69.42600272217133,78.64085455652086,76.32658099860367,1.072263757874481,1.084126776136999,0.9707007383986961,0.8817123583579324,1.2526489060147081,0.9898479916657269,18.414567165311098,15.547420126860725,13.725887884616858,12.037253588883903,10.627226544591396,13.977831667603978,3.1502123281751455,3.7831903816010874,3.3737819215106297,2.7115535671973245,3.0055694815231253,2.483406110843894
AG,0.0022067400356972793,95.71763826565905,97.08707117640272,99.89889441943056,86.63047802790199,91.16853819510014,76.54711055704439,75.20788438315377,77.51979019788216,87.48236858272195,69.56709245686436,66.60385643884312,1.0775283451521303,1.0333282277674587,1.1516241348242637,0.8760867930207757,1.21073267437711,1.0003285077077075,21.766419710835688,15.50251323387369,16.3417782243685,14.093983092057407,11.54709695195723,14.435476458735625,3.268778183875342,3.654155671423009,2.3830515630985376,3.5018652702102644,2.2347293616354915,2.047670953908206
AG,0.006043010683456472,96.52672505385632,92.9415156770076,89.33206403231576,98.128645161741,86.36899170553528,77.96284584298911,74.23531058798307,75.85021011543311,73.18364752545992,85.68423024851431,61.9791026977077,1.0613514707335356,1.0511625915504932,1.0079508628948695,0.8822741395357924,1.03847812477046,0.9956352861295937,19.89012577530726,13.268362364982352,16.205753123063527,12.348963452539135,14.378030912199511,11.077194194996338,3.418674969426889,3.3152177855137452,2.967074479116975,3.4077037678165865,2.024593429383228,2.382676550491881
AG,0.011359641263766944,98.789466912508,96.89062323604382,93.9370384170732,90.3833150528523,91.13407132125641,78.64798139734609,78.50878754471665,86.5236278810898,77.84725580045401,75.62372558415844,75.75614034504689,1.063901515587539,1.0758535210380185,0.9703406097130929,0.8355096872089722,1.0776114826100152,1.0054112372541655,18.530132542244193,19.516529320678266,15.304753729460876,15.327882030512553,14.952915900647211,12.326468974201383,3.17136200145527,2.8138611474076183,2.721615837800253,2.4544762268289197,2.9962976711502494,2.5110587363726142
AG,0.0029879782730156913,96.28393482268791,92.44523623150198,95.38701932287188,87.57622482284039,91.3369977979828,74.2670228754959,74.81744747478668,72.90082042294809,77.23164595204884,73.17619369320965,75.85883811564187,1.0569619380827195,0.9954232687941127,1.1861820356051112,1.0641098748775106,0.7754192267250672,0.9864200210699589,16.618493283735845,16.633789245066612,14.268278460775491,16.82504743390293,11.688917605926642,12.286320837130742,3.5490310214238647,3.5618161287147725,2.930138013339556,2.735774307796177,3.0682347805280927,1.8773464519550582
AG,0.011431709873793215,97.90065699110362,94.01231666694694,90.83837605755926,82.09748057404788,91.48538719325543,76.87766473693475,77.89609658579806,79.54396847363738,78.6084350870423,63.128050699618484,69.46090792071047,1.0620828060582026,1.09714311932095,1.0620228293824052,1.5032788487566444,1.1267200257712984,1.0122961380298137,17.446124021144733,19.777358909554827,13.367974213441105,13.389601883298907,12.188023848560293,13.417369431479601,3.726433717965406,2.7708121975204314,3.5307276747100707,3.252655589958943,2.7767751539284253,2.4784671679382844
AG,0.008311264305365234,94.28672011837845,89.1776634744193,91.48488793801378,82.30168894143513,86.77274031263879,78.58226098077704,73.35770062433798,73.11360053040573,72.83381663575615,59.639480035671085,72.83005772616403,1.0652174166817363,0.9818402512020561,0.9432358668449697,0.8129375015353584,0.9445268604100454,1.0047081603857886,16.903710284946836,15.839807251121478,15.93936145660745,10.074279751863138,13.280027522829947,12.113154621797397,3.5858850619295155,3.451314747082355,3.488129783727931,2.549706625926399,2.855664425746906,2.206727112423093
AG,0.025948834790826162,99.5765574201666,99.96031850535516,86.79707772768744,93.5124495723313,89.6639046479505,81.35804477753634,80.13334495821681,88.4074628792108,62.88553565663446,74.26689126585573,72.76668696950739,1.0512478650622181,1.075791349797633,1.2392053366897307,1.0077532947822765,0.9795902123474332,0.9912438466395063,17.76211403667265,13.049363098502228,17.261730564506035,12.4766654840805,13.250570342185071,11.13350389633999,3.340404426809287,2.7713416384542473,2.717984554548435,3.370817906521387,2.542230817010584,2.999967275644354
AG,0.007815066905833872,98.7480198559798,84.12077734424442,89.2340338993055,96.91911458688033,86.25499004742727,76.66759866237629,81.61011250529407,66.56662003086642,68.65610264061719,75.98386853421229,71.13369237741352,1.0804134197144726,1.0496217345669985,1.111357120789155,0.6921124747369548,1.1811823847847658,0.9920551092723545,22.352545846168198,14.89096917393337,17.363030562630126,11.295703956214837,16.19816572027543,12.746936925584235,3.343096106417194,3.01031645351439,3.13026575613649,2.203425315025412,3.097383798748679,2.0811414471013228
AG,0.00281174259834317,94.47276979236082,96.7674220335729,79.19390221443643,93.94535453885476,89.68375719132997,77.30479176702829,73.01492538021367,77.9433533608234,62.43708115749338,77.35217119203479,77.40012142182256,1.0660974191796833,1.0706880064909483,0.9232595972380498,1.2682078907164642,1.3740119759751073,1.011124235172021,13.122561579413631,17.635948396149466,12.297091070051026,13.272183315359586,12.575817633872635,12.16921296407712,2.3767403468711485,3.8591716341950817,3.470355242332731,3.7969550734438333,3.627504945030303,2.7947465835802254
AG,0.014918974726567476,92.17053606959372,93.21299690704556,96.09669039716137,86.0440883733761,88.62429183662421,81.73846050539689,69.34091683429976,76.72958865040157,77.08013164528575,71.47101121078975,73.28226279417883,1.0862611041337884,1.0337951910528955,1.0634804881688364,0.9658173268534098,0.9916395869579693,1.0180363739747054,12.75585285814503,17.550326247671336,17.160105355195512,13.546986540305673,13.553753049568826,14.943045410952925,3.1401266814326374,3.8641827029298916,3.6483765742123495,3.5721594558536407,2.7369270200784572,2.143683532559689
AG,0.005808153210023714,98.3146476879186,96.09417142910037,82.6233233725495,92.64561403532112,87.58157817259492,77.89838139066536,80.26233081601265,77.10283053931185,67.60339592677269,78.04003539749193,66.5490569769041,1.0725936506816018,1.073434648206869,0.9333563137461793,0.7095055454822574,1.054461060458724,1.0020677440033867,23.374021728210693,15.183490450373046,13.61659197230868,14.361520840421106,13.951239288032998,16.142891138125936,3.0989391171995657,3.1078070733838907,3.2796179412531368,3.0565135416438234,2.7413064058324967,2.470274575467266
AG,0.017542441892504833,95.91521309622011,96.32548165834235,88.64425289810123,89.8571815661307,83.03381186041666,81.8253498227111,74.22093936404666,75.59126109142873,73.20999740561241,71.39898721269996,72.17965269218048,1.0546267681256976,1.0745586199095274,0.9968429539351381,1.108645032007127,1.2411078318022208,1.0030826260560017,15.550604074901589,16.795996186610562,13.983412706827824,11.77293238626532,12.879554213998363,12.982366892995037,3.65877770241687,3.5013465790054035,3.1283323904540654,2.266827520749893,2.4658445542985885,2.5614988498680464
AG,0.004062774681553777,95.53561796693384,91.76462398850347,85.75459161659968,81.15512673841774,97.5304521873124,77.20037129094607,72.5801007794434,75.68592406709563,68.38016277715919,62.478908484836964,83.44450402113335,1.0693347251980445,1.0730614303879427,0.9471414720590697,1.3488427563628864,0.9831967038091355,1.0101239951826861,20.337282846134414,18.3878696157895,11.391352346427484,16.135109159022075,15.38870524499509,13.71451396850596,3.0429284478036136,3.1181210691640517,3.3533407825594126,2.6159936966245914,2.8328597949821273,2.035151437265731
AG,0.0007811970024433622,96.17880596425796,86.31687669857605,95.3377766238919,90.1834870077078,90.36491862402592,73.55762132598517,77.87933252394194,74.40715870391129,74.91268166238311,73.32919568029996,77.57918933557804,1.0576484033246247,1.125502664601509,1.0370347366053891,1.3404916455721891,0.8574143057544754,1.001132669722546,15.714282385213831,16.23693411198622,15.350737241306604,12.764333115710546,13.370433014825291,14.076928911766796,4.022794485878382,2.868213861797328,2.4995626413937435,3.1799056288595895,2.4798318549773577,2.62927104443382
AG,0.019406201038024186,97.35731505988709,97.11771432052588,91.03767716136385,89.13079988900301,80.51045616336177,80.78188925489995,73.74679042859488,82.56544932551155,73.35617425913783,70.66445953385266,64.13593277589364,1.0536297777299457,1.034611187416319,1.1853621107568981,1.0337686497632967,1.0945954200794503,0.9902710965969633,15.319864386318422,15.824948470034547,15.410136828182104,15.303616463846176,14.56174599845101,11.179303778406435,3.496278018636357,3.463980555665585,2.7186558917037216,3.359301345563371,2.6774851386136973,2.6905432519046233
AG,0.007166934978012627,98.67931598226458,86.69828764336236,86.6934912129222,91.02330480769373,85.15505887926685,79.881119345555,81.8546619428708,66.65093665234855,69.06130999537336,68.85497253698576,69.38465118414493,1.0646363958764438,1.085107167895966,0.9509571918336066,1.2340719943377192,0.9935409454926275,0.9912169976115054,14.53853464487256,19.20857245819382,14.343312554916302,13.348138832541846,13.077004791006068,12.272427383089742,3.010996129071611,2.9720917384293997,2.6844583230426764,2.7794411477795697,1.8677920784353512,2.2093207575712888
AG,0.007737676484944825,98.18588355780143,95.16979384171736,89.07353563723265,96.5470086321995,91.885267432868,75.13355962841271,75.43051259213634,80.58940803571025,70.07102350224748,82.99518394019238,73.87891157155023,1.0732383497643119,1.1595660028333439,1.039635090064929,1.1224263975534678,1.0894733410638493,1.0127702624616337,17.534684882807465,17.267636288985337,14.662675809991415,10.507118798879084,15.335070666265898,10.750110220618156,2.3972672527052246,3.753250599279596,2.789203758118759,3.7644177309456452,2.5049173098768525,2.7322200604757754
AG,0.018100527146708133,91.84422717866654,88.90262432394783,86.37826943928958,85.48829277129903,84.84135273795108,79.79239815644755,74.30329467195517,73.80722536985738,64.45508260502085,64.08336871541809,68.22153304453221,1.0548798195839897,0.9880077358327845,1.0730406178513539,1.2683110431428868,0.9900437960582941,0.9982356694977571,18.92407493539366,17.44381430760365,15.698766187102532,14.274731845395873,13.661272741964876,11.227064845833045,3.720681510856865,3.308501011446206,3.4840931917833444,2.4792916320033083,2.2181410578659237,3.0856507586651762
AG,0.005681979419114434,99.62118473386764,87.1553974676439,88.68034700112983,95.13893701913233,89.384705486757,77.6328173582372,81.67472519789501,76.50436178443903,71.7487604528018,79.31045087895781,76.77449727464678,1.0853336780941971,1.1776566732709084,1.1488945677008076,0.9045943113791245,0.7935056018789935,0.9965599271649572,19.296665307537598,16.17998314588067,15.257629528911636,15.778500441399009,10.452809964226415,12.924239005196924,2.8421618759717524,3.2505665909350476,3.1829145874936615,2.6195509733305475,2.3019256991935557,2.3453962372104344
AG,0.006444367093711613,99.59993428859218,99.54976619779062,81.38213374878124,78.92895338667206,80.82239473009851,74.81682805770834,79.7214061465284,88.24127753333576,74.4037535280567,62.52124110442935,65.86800326234264,1.0766109978882843,1.0343929813562611,1.122121580276353,1.1779094965557104,0.9492346050326717,0.9960846638006293,18.918863813149994,13.63701078953377,14.394896624885936,10.750455220160791,13.229357640922045,12.435557644310046,3.7283786355525947,3.0323377268462726,3.685455749736687,3.0231598372162067,3.009125956620097,2.4513001671955337
AG,0.008091120233664905,92.15996202487545,90.31341132278175,86.688998379913,83.62887138697587,86.79124070080404,79.17951146822429,74.17871494066515,69.49333517131787,75.11713976906805,68.77196495705718,72.02244422741721,1.0666469959135025,1.0955604429103054,0.9085762741383565,0.9523534403683667,1.1659008144111922,0.9950968851036679,23.013389206511178,14.475305811630193,13.777065239659308,13.10564359808242,8.797284289071547,12.008798493829444,2.692551454525054,3.2313997686575293,3.4668913955934593,2.8432445266026742,4.034948846955916,2.731655718375408
AG,0.008460288663300883,97.52967492839308,90.34660138675444,91.57139432476926,90.067622032595,87.62838049607488,76.94309488743437,80.19279311030346,76.22245068401577,73.43407953959617,68.58580276732263,67.98550063028098,1.064734360336857,1.0327343169852858,1.2058286410495278,0.9739537140378827,1.0752558285611187,0.9892562122026225,14.46327949252262,12.088327020067629,15.357722387000074,12.437335321504834,10.336372090174601,14.16132649958318,2.8753479409892146,4.310138512442223,3.280131375379738,3.946270459174152,2.1854920568755483,2.4604875575227245
AG,0.0028748889064825873,99.521532922349,99.60439222913668,95.96887564050454,89.82329881112884,82.9552341681222,77.47043338886749,79.48238807678828,80.56915263239082,77.58700757934895,71.86701322118881,75.1567851802349,1.073857639601321,1.0772710866829254,1.2160152833903326,1.0383273276865048,1.1439434664621735,1.0063858357336914,18.905313773335827,19.03430983524011,12.822346100025657,16.28909047826168,14.698686815065358,15.0182259010579,2.8663187160827586,2.0219967981567946,2.892625068205875,2.57018147529831,3.1467159430243585,2.1530947527705666
AG,0.00820128630590982,99.99861975056861,86.85778818719734,95.420672951521,88.88738361162974,90.95385598187268,79.30800403129362,85.4957744448208,68.2137829287521,70.25776962254969,72.1257215075301,67.22451756045069,1.0741244622857504,1.0966446001353163,0.8953598333097643,0.985824383739673,0.9698471940837841,1.0088724107299958,15.769506189518339,17.168387778096683,14.501371182277506,13.605545154542602,12.345148149868585,12.474439844522045,4.1661368058020285,3.7673681301244284,2.9217086164560198,2.538169484541735,1.6058492855595452,2.6270649670053845
AG,0.0023787988525988246,97.27131844710361,91.63078697198776,84.8873254248693,85.35382453842396,80.798279193046,78.11362413180353,75.68571625134196,77.13317933817932,68.51487275495215,67.65591782979905,60.266714196700605,1.077364545742485,1.0689591044433258,0.8255594792019016,0.9210671962217541,1.2044285684198446,1.0031258884659184,16.443992341236658,20.526327887175572,15.288169389678682,11.071356736573478,14.701460104926351,14.061328451169723,3.1967488517704403,2.997514209417871,2.465500244770362,3.1146781669363217,1.807930525492575,1.860777933378405
AG,0.006336183493418138,95.48711932622855,92.36666953940174,98.76941799355988,89.18799718402414,81.8704020623451,78.13731883658394,75.87174325807894,75.82183913705714,79.82091504198672,73.88415001074114,72.04513131313203,1.073706968297155,1.1188984001243838,1.1309897154909274,1.3785432933422652,1.0461021714542291,1.0094795823149099,19.489712783404748,18.320839327022163,13.256445690223355,14.147087448620903,15.061004766809123,15.312996026336073,3.0746430984436395,3.470487482990278,3.083745361269281,2.2497252609982716,1.707365612745166,2.6290438492794186
AG,0.0007198784937425951,94.42679265757465,96.80632829904121,84.49708466174242,87.02488878172083,85.13002769805499,73.82711447081094,73.40565962131923,69.01598734266626,70.08737482428023,66.43237344300039,73.31520294737854,1.0676913945000766,1.095393058160435,0.913617846150574,0.8053261653363475,0.9663577018956117,1.0071966447015688,12.835391380710975,16.849349518051547,17.56432134372089,13.60950777090467,12.744377021916314,13.148749799536379,3.6194374647416208,2.7695909348585332,3.2414308820377116,3.3489925407252303,2.4497187070359696,2.425638307347725
AG,0.005881081993311664,96.95497906369259,91.2097722267255,89.1014841818408,91.00294428487675,88.14755314851844,76.8383859991627,75.63838264519805,75.65365322531353,72.28959116283407,69.9185081579915,69.19133937980631,1.0733019565309834,1.0654258510574555,0.9335096976638224,0.7986801705615278,0.9023085578040451,1.012715028979535,16.09761360137926,17.219192463057073,16.510442263081686,9.687591037616459,12.715456471217179,14.178370164652243,2.768415589221578,3.493740737679873,3.651181389160758,2.9590280218692637,2.862689968947738,2.2122960442524473
AG,0.012172270755901802,96.84114965351225,93.13084550574942,97.41415644069751,91.08197429599313,90.69667061564535,76.00958228802595,77.68054170021269,70.76171061384271,80.7119239691546,71.19435610925379,72.34028216373687,1.0738155237035245,1.038005959744034,1.0261778334943292,0.7545412269508702,0.9803777182864275,1.0199722381194802,18.68697660864697,15.189213491731085,18.486390827409643,13.575413396745125,8.982617944213313,12.806152189784967,2.9885064689525027,4.016600566647093,2.455277175718394,3.470399027954858,2.606018786340249,2.6171302734185895
AG,0.0061044673445693025,95.26112335361425,91.84593794183279,85.80031335936715,80.16655006689236,98.27853106635601,77.54486578425866,73.39617093982855,69.8400826905883,74.07468504609304,68.57150453842979,81.8600456362485,1.0610421762230158,1.042590527109726,1.1398227320293475,1.1578166727517512,1.0295127190733686,1.0099443751004034,15.895010029357469,15.695638627912338,17.53972551876111,14.133319004685728,16.223286570304893,13.60968443995844,3.303845099566691,3.665178976188111,3.6091846991263976,1.9873082648555664,1.5851537724196283,1.981158963269542
AG,0.015064889435926954,94.34350348895538,96.59536279311116,88.24479332375624,88.42577251565568,87.47568269097361,79.46006952929729,73.22137582360148,73.4837190260585,78.6857136218544,65.73922237342401,72.60699750318682,1.0626495843386643,1.0071123590859623,1.2240190644737567,0.7192737453082607,0.9906084197311295,0.9850129471923261,19.423771652173777,16.919581373726203,17.28876604231398,14.02234833538623,11.914153042246667,12.674776346397591,2.7243865253206523,3.0897883363267087,3.111133758152997,3.444947122375815,3.2302555078949426,2.4338640285122914
AG,0.0007055051655947595,98.14679205520815,91.86245059370552,91.28874985615217,83.54644714494279,90.26772293436707,75.2283198382785,79.2196014525108,73.62343797303043,75.20717694857532,62.5370099417511,77.54190049397499,1.0760383124602722,1.0492441464213909,0.9763109791468688,0.7922379465690428,0.7866770888703912,1.0008102663574392,20.282571542186805,18.44961844526719,14.115992068230826,17.57661496408241,14.852018115876158,13.7810729440951,2.8599020550678067,3.583582178582617,2.5187194514410356,2.358918804620812,1.615965703172212,2.195666789003241
AG,0.012806593295658981,98.97308407648521,99.9740260503542,99.28145722458736,97.90634870342643,83.23463176018136,82.4849041842254,77.9727812497245,89.04920857876536,82.96002865500971,78.84753838129348,71.35257294651397,1.0794928033250681,0.9678958996630437,0.9884239210404078,1.235712610590256,1.2821990481487946,0.9849764034371615,14.551939847069331,16.79281726955692,13.109026923858242,12.995105587769757,14.404107393101029,13.322222178347493,3.433835652062733,3.1806767288904236,3.129249097839648,3.0974104828859086,2.8837395379344235,2.952295816952276
AG,0.002341141829965445,98.42188327156477,85.08616890319229,93.96043316711919,87.22068635513558,83.66366159440338,74.3117325642033,77.9039641169133,69.43284586064532,78.19865892539494,72.11427639603298,71.61358254091304,1.0654061783940243,1.0567740962559227,0.8229095454137266,1.0336970950292275,0.9033003431778648,1.0045491554403987,18.763116081452623,19.000493002102786,16.739260985355568,11.892943151059658,12.31518739176141,14.7536205772092,3.4233781673273223,3.7466350559906427,2.5618726761068378,2.96992743873622,2.670231226127315,2.780942615060569
AG,0.005329402516978832,95.91508431924414,98.13255131259007,97.462656103227,85.7436481515249,83.32388447813024,75.22544420122522,73.73304008262436,81.41732212855588,76.71953607459595,65.27899200867704,64.70273931310578,1.0907137170656624,1.083805993465191,0.9757768427673428,1.284667657950976,1.1890713799492576,0.9864243659247354,24.34160018941804,19.040146206232365,17.632083168657775,16.721071801052577,14.760217493942509,10.948045781239449,3.1582397388494847,2.85649086417894,2.5914323882457557,2.91685691311186,2.847871882552981,2.8286756049988235
AG,0.0018321933016813635,96.51884064507439,94.2055650689517,88.18133116979782,88.01951978638199,78.4314907124311,77.49196110668868,73.37058246992746,83.20455260496917,72.14525894680145,74.5435304110765,64.65568815780652,1.0777650508265966,1.0364590579228412,0.9657012835266723,0.9060544962522475,0.9523950133947382,1.008162487904387,17.726828913301514,15.444536207390927,15.263959186637365,14.896726618264577,13.89295040294202,12.530394621040559,2.73799523565789,3.2189660653069105,2.6992165270958153,2.0036135339527688,2.417871987506847,2.4107504377362825
AG,0.002868641142628143,96.51740978423364,93.15442088509758,98.15073950445714,90.70572846616865,88.3538787523351,76.56668029982691,74.51880208100594,69.45002164555056,80.28307754975958,73.84175189657344,64.27408768860424,1.0890499290525677,1.0586846216350916,1.0499805513544982,0.9967405689781762,0.9761971057118539,1.0068164909467856,18.18638729185399,17.574326966565174,17.2248142473454,13.392567243547976,12.503072171759712,11.505501395388421,3.5575158723857796,4.1099047931449135,3.5399689060308557,2.4443128372552603,2.0230915243083785,2.183206792297684
AG,0.005001365812676041,96.80782748650526,89.11526889756922,88.09085307309572,80.792778811476,91.9281213893663,77.58916530277853,76.11598240553904,76.77778843533873,72.9776632342502,65.1861100452042,75.73791428320953,1.0770974221074159,1.1342656169410756,1.003284171029873,0.9266737862123429,1.0770055943438186,0.9950616045600524,20.474937082724438,18.587314293061034,19.420113247962767,11.969115969587012,15.379559402803991,12.12559160391214,2.9473924568379033,3.2656546522744807,2.4919819263828833,1.4148009795246594,2.3544451914623115,2.19819630666649
AG,0.014707830173524067,97.00011128953119,96.4811479857731,94.01948846217019,84.05615090553245,81.18697327681274,81.73244559891388,76.08921493699346,71.01956968801552,77.00007379768978,71.50349556170875,68.60467393819722,1.0717220559430154,1.075414432607543,1.1110654741201746,1.327535756151923,0.7613328199395396,1.0068810591389126,17.68097420064497,15.48509136817529,15.83328564697803,13.489057621806062,13.435505844713948,13.122470878321874,3.3983111102252055,3.943854382468363,3.1948690400991575,2.558689894576851,2.951988644706378,2.1276064186712413
AG,0.012140619872610066,97.1174569982874,92.78105172083411,94.09399573464655,89.75205236508035,96.65357519782188,80.09112448191848,75.14394598614159,75.82946012862709,78.4215402267184,73.79195240399943,76.79623815926554,1.0725930846094587,1.1129345433956206,0.965048685950374,0.8839993831491447,1.033072748030924,0.9892273198077105,16.485778395646285,15.982662089902679,14.27926261904824,11.92251477289896,14.594417937801175,13.694277463408174,3.0520517577553283,2.542209669201238,2.6292047446592046,3.0729799857434816,2.881890228001687,2.2172082898905403
AG,0.004326343044070456,96.82407143303493,81.0811887277303,89.81195830602445,91.2465280987066,85.50986535714367,77.38256899911951,72.46698111520632,64.13348958225228,76.57643388410784,77.7756219690023,71.84943570581632,1.0797052907672047,1.0716941669832751,1.0107320443163301,0.999394794851496,0.8744893295674997,1.001420572337683,21.31575004207143,20.0490760646854,12.450866289621068,15.644581538199649,15.155988147833547,14.457709909665223,2.799283596389613,2.9934389354434208,3.3475765802083393,2.279800030248957,2.803560304183072,2.185344877636805
AG,0.0007123663788982518,95.37804981976208,91.20592849196142,84.29052440758909,86.25971567085894,95.64835887827246,76.79475681413585,72.36569093445567,66.11185092855735,70.67406466555964,70.63202465154404,75.22254205921477,1.0768237785691677,1.051032539689628,0.9779506160342117,1.0891888532968628,1.0189570626443338,0.995407971593186,16.828040775117834,12.222769629265775,13.1041555613934,13.048552616318352,13.63438885746175,11.409005231529735,3.770057011441366,3.239364745083909,3.4846804821887827,2.478740636632155,3.892653517576572,2.2051333367516643
AG,0.004655885313660965,97.35166360564655,94.41720923831329,89.04361877902632,85.93698168642851,79.62578921176937,76.04621563597436,75.44630128155268,80.89492175922446,70.01890926325136,72.37429457978305,63.08498138085856,1.0822521279120836,1.0399489567826008,0.9645032692448015,0.8169008299628218,0.8766159025026667,0.9966163986743779,17.359347921927395,16.126076300633343,12.227739518673273,12.069128372562242,12.791541380129296,12.77691826678251,2.836031719077294,3.6364969726400913,2.870224974494364,3.568374431656604,2.1710895784507205,2.039234035932548
AG,0.00015847413710528402,96.68676549718907,94.33009139283672,85.00048452026344,86.6752812168632,86.99572892178347,72.5031825615163,74.986127755705,71.1485746274061,66.22201187861347,74.36119562442931,71.20374832510093,1.050459638985917,1.06011428102576,0.9913015325236206,0.9266687830987548,0.7833583092157672,1.002452736664274,20.62052872022059,17.5263012431125,14.017529652154638,14.564154845798782,13.507757792323956,12.372950458084413,3.098495945084946,3.7860836106365467,2.6926708525036935,3.1360710427304985,2.383709676767945,2.2921941624393756
AG,0.004240799885939897,97.54672868095625,86.30221015949311,88.3369729048613,78.75448449390407,92.80563601838917,78.35281856429188,76.43648723865337,75.38749404113904,73.42283307264775,60.8090227324996,74.83204858795258,1.07423200417437,1.0223622534360959,1.1348426431686214,0.9859844637111468,1.2517396945031851,1.012595183157644,20.885460009714148,17.953503603226984,13.618524552610342,14.484648991005967,10.969205076464336,13.410335877945911,3.1986437514744215,2.540938762078886,3.282694421145254,2.4932775171089707,2.331152077273927,2.0626522109390892
AG,0.001718365698916208,96.21539488725998,91.67286580407544,83.68966579795222,95.76191603031302,88.56990333618023,76.73014395344205,75.60833204663744,73.91725216754126,65.60434022314502,79.05493439660027,75.66956998051391,1.06664132095791,1.0791328445727881,0.9845912034189727,1.244113749248922,0.8920144642745929,1.003549533332181,21.618221806935033,17.595820246087364,15.488413723685762,14.905858000424793,15.4991653983823,13.11814021967591,3.1986072955099187,3.5257067878184998,2.775359888122113,2.096282466073113,1.4174688891276959,2.3786043659078304
AG,0.008817301554087718,95.11219672050795,94.84567318703544,82.28430470118839,90.25632634629821,84.13770656456714,79.68258704263248,76.623155925725,76.91207649175783,68.42155846721819,69.44633882383806,71.75284493919204,1.0735354891815445,1.0196888879887398,1.028589881770733,1.1717677983559778,1.005761663941533,1.0147016637134367,19.181821142013217,17.038634465357514,13.82151055624684,12.484242724951205,12.664532835055502,13.377113457078885,3.4553713970171387,3.543358192622769,3.345276269391064,2.8428489431976085,2.8480243648332637,2.563498686873032
AG,0.001010309672789644,97.28805203743312,87.39789243977295,93.20650749180989,87.7236067943088,93.59119396775077,75.56974524023506,75.73601507555456,74.33870889325499,76.69407055505333,70.75119455876367,75.21179427827974,1.0486223563468022,1.0239918933096805,1.12423592511742,1.1306392094114472,0.7057949778572044,1.0063694667892273,12.956353729433227,16.2807522536707,15.659366296438465,13.35963862589463,11.179115115587146,13.399649147562382,3.3981025427871563,3.0419929092952205,3.2627451023863725,2.419576257875409,1.8564980665791069,2.3148024372499876
AG,0.0072170310142358855,98.92507647057786,97.406907960162,92.55892790133757,88.17408364236468,75.5411061186014,79.71703775843503,80.3124115575597,76.32081531140045,73.02966309365611,72.59891126316448,62.78622182387929,1.076388844818159,1.062545613190275,1.1111903812498563,1.1259142613855377,0.9451970492625841,0.9794499709745379,16.074953267171264,18.964253621985435,15.823909397696664,12.756720374055416,14.070340648049756,11.61593380433694,4.14215980869569,3.1560570608762353,2.9241003621304547,2.318211116914696,3.0284815837723036,2.9134488213490295
AG,0.005541073901262651,98.64350733596183,96.9824358213624,84.23170908439376,89.31093213267725,85.92790034665208,77.44905263325795,79.27241505774997,83.3429475589043,70.40276288450283,75.84701263074396,63.027678309838635,1.0696451385023467,1.0529329876887483,0.9366437284292437,0.611758572438026,0.9430752254202084,1.0060338777849145,17.676592728417912,16.569445247326485,15.182684087224985,12.316542355112674,11.7928980707752,14.811382722926075,3.484020581690561,3.6647949980698167,2.7369669027011883,2.7971149839314733,2.5232940972938995,2.167719457166684
AG,0.003919977764940141,98.12154275332811,94.02844967138894,93.11093790964617,84.61754770987565,80.66304734678444,75.34931883615772,76.65143000661932,81.11066694275473,66.19624640630752,65.65852358060678,68.447375226378,1.075902823550646,1.1218390372667106,1.1434904996088266,1.2357511182882586,0.9650044842350605,1.0024364020678729,15.777023192786155,19.1598359740803,17.378489168181368,14.657455995282948,14.541693629049353,13.174034604312784,3.138814744358589,3.452464763080701,3.547918138543306,2.6031061815037155,2.9153453341642654,2.3807731472846667
AG,0.0016920405495455483,96.22892889454641,94.57226336580095,89.6218508087245,94.90868791085181,81.57002702209728,77.1662162547535,74.82878737581392,79.47614661546483,73.34842380253238,77.28877849120433,65.58441275056649,1.0835533227207905,1.0556699765692246,0.9046174959797053,1.0752101769866225,1.3455270548234375,1.0059028077366545,21.948277001867005,19.116739102617554,13.19050204636898,12.895266705020507,15.687735451070617,13.439565576616552,2.2724964917549872,3.294109087048057,3.6558686800235805,3.1339002654602326,1.6459971837013216,2.571216263958969
AG,0.019093650860327802,98.60061235859865,94.02765268172364,93.53852731750587,96.44780334420226,90.21978998000807,80.51573218206292,78.06395493342937,72.5665796574904,75.6553575337715,77.04948875665971,68.64670593605099,1.0727432982026763,1.0465951934739484,1.044706160828627,1.2701783655241181,0.8483453629415453,0.9864622168681036,16.3285507875512,15.009895113270586,17.55440073865925,17.002657584474683,11.773928648978286,10.984286782180169,3.5711396049112216,3.401935569391215,1.9875542170381155,2.3150504443684845,3.074307153894362,2.7769007570256736
AG,0.001672335147430894,97.08574557905034,94.50780352435314,90.97623642504848,88.04248770578869,73.88425480569128,73.30251857573317,75.07751200937729,80.06267119699356,71.56547520695342,75.2968503024384,65.643145755526,1.0543430220168777,1.1310821032572338,1.2256387018123067,0.49567925516884004,1.045528970666108,1.0064760967483346,14.667960790205854,16.568582907868283,16.284220103527147,13.62518224584901,11.47856378201475,12.22417941947562,3.7636497276567176,3.6538661321902524,2.8854528208661923,3.836403349061759,2.188123897087704,2.417333853530568
AG,0.005685799327437319,98.51567514595105,87.92982577070566,96.18463603063849,88.00768514611887,89.41615094344061,76.66859490644187,78.49199126401808,74.08876423426024,77.83809039920781,73.92475443025234,74.581494274821,1.0696640532479165,1.1233783887431237,1.0763903718509278,0.6651810233218441,1.1132028222479282,1.0039935233388964,20.10744999360189,21.329781021669227,12.11674678856805,13.203795164293554,10.380493793205272,12.5889297167557,3.336243882932535,3.7213113340444486,3.4422126897043386,2.9539032468498645,2.8577918541651957,2.3537368262123386
AG,0.005794363814853495,97.58774639381934,96.63167182873059,91.44104500736199,86.78269953018717,95.32349020553819,79.31751569606654,78.64925006918698,73.60883704979584,69.88320179393126,74.77728365710855,74.87240727267826,1.0682979718078287,0.9768613008309096,1.056399157200494,1.2095177794175476,0.9190318512460054,0.997553528426278,16.207489861125115,15.895653758282288,15.911780036187356,13.203772586275944,11.996688666057661,10.983255760833039,3.9276977092003498,4.274063508568479,3.446864613028545,3.3909837041094573,2.361984008095426,2.3918345935123337
AG,0.009090895493015987,96.47707854985275,84.94097041226439,94.98224387046385,87.5525211107702,90.10417894748063,77.16152383061902,79.67054922986613,73.19386541222012,78.68739011274553,69.47519091933363,71.36667537026842,1.072291842133218,1.0507867219963645,1.0321793851677132,1.0293751908484907,0.8957478659170032,0.9878795219320411,20.958980284029085,16.476598897893453,14.253819574068462,16.571387422334215,12.693871958566222,11.891623604913185,2.501624692195927,3.5760097003536577,2.829729176761648,3.150811241381628,2.1196608463945026,2.0693077359648946
AG,0.015282262242214746,97.29119053669933,98.78937433762168,99.4105432364674,88.48739342178429,89.1160664947505,78.88337251607273,77.5101644870881,81.03388771598901,84.73586990206029,73.76261364283272,67.84190056403905,1.066104700700549,1.0914947238609272,0.9869413309485637,1.4646716672129843,0.919706854754366,0.995740243626694,14.739982326926926,20.48135055142466,19.42206516142374,15.546073859457328,11.409368557172106,11.1773782477168,3.4011185281860343,3.108189439546794,2.0817636609952554,3.096240719801522,3.407796089447477,2.481044239141651
AG,0.006941329979649983,97.45777968092902,85.64453790776699,91.63899916475906,94.61376267294145,91.37409643320898,79.34690007544289,76.14763672954717,65.97586064752377,71.40995164088883,79.26525889129073,77.07333794540881,1.0883942687552828,0.9425527560838403,0.7416627353429976,0.8369409125968916,1.0698626525762684,0.9830509915278354,19.360538370098183,16.828061141520077,15.363496117351675,12.320823795298127,10.761666552904604,13.704730823717501,3.433595326172287,3.663205809376707,2.546608331274732,2.9898898265646583,3.2134868506381986,2.1857131548218045
AG,0.013648533497527711,97.43077149847002,91.98676737953292,99.5810479083234,92.62797692815346,82.60688716550928,81.8266759686749,77.63844709139862,74.65188021168058,80.8068595987463,73.41814855211635,67.30138992194267,1.0777384683232372,1.012325276012289,0.9622037635717401,0.995108956361831,1.4297453914972875,1.002612271871781,17.297992876440592,13.257568378975517,13.526701281062017,16.364889814848837,14.956755669116433,14.430528714917545,3.1797222702789765,4.001907988138451,3.3224948720338228,3.5100679005599518,2.452317178117194,2.605292818977145
AG,1.5806598440479037e-05,98.23175403705177,84.94796569502533,88.33344418359638,88.79498233952592,87.66019812198743,72.73934750973235,81.7088034825957,75.60812658999122,75.29473692364891,70.77520249602814,69.40446626722905,1.0665602323077434,1.025948653781433,1.1701946128207155,0.981894919665224,1.2121528150693996,1.0111586883361692,20.97652816209822,16.28079665866099,13.041700853985532,14.161518172513276,14.21249177755892,14.452469253335574,2.630918608766376,3.9899181755647675,3.4727907792185784,3.406071847475944,2.407177136646202,2.03190451300585
AG,0.007264163364983988,99.23002505098593,96.24893184100277,99.63404115611976,94.65993760375349,95.68479446513525,77.63084869786888,79.46696572536017,78.09258102040906,78.54884630176659,76.48133673801641,71.06091566019782,1.0676198428522254,1.0618490110493088,1.1763816000761806,0.874041598036889,1.0293841203235194,1.0044482934482284,16.648911894101417,20.878547160105136,19.19562926068863,14.180833147091134,11.8326547713389,13.08750045910568,3.1748508396109436,2.7834033665578186,3.1307719469212434,3.3530072084737372,2.5477269069300164,2.1923560467299543
AG,0.0010526027231324412,97.69988712430194,97.86279978041676,86.3368723432844,88.56536672212196,94.04300873742709,75.47647959614169,75.86989156901325,70.87077404085821,75.5709947058009,69.90781317891272,79.11893814001533,1.0747341217039248,1.0098587330525965,1.026080323190565,1.016785562401166,0.8929127320675754,1.0114744506367501,22.56442573369434,18.158075487663105,15.453868904310465,12.231252539790592,12.268369641457342,12.428634814092597,2.1080793402300833,3.5127556310602808,3.230262364890876,4.064652332175546,2.342088269335204,2.664894689656494
AG,0.0047030176015439035,95.908230448172,91.88713753846422,99.18284798967836,89.78207801825243,83.56952898287176,77.12880696627933,73.26666794221393,70.3665820922007,83.296045181049,70.13396645794019,69.67913239405522,1.0697610206439097,1.0347053385043787,1.2649082930562898,0.8407707965901124,1.1828139638101847,1.0066602709173766,12.724802006275524,16.38491239973874,15.820746504428643,10.700146695542402,14.591199058798292,13.857119174684481,3.782298366347443,3.735346321142564,3.0730485269420322,2.353327555388607,2.9483751785784835,2.28987190597888
AG,0.022208053101112145,95.7929582706889,92.6049919274853,84.46097295079713,80.55465326156154,88.61297923936148,81.16911887511137,74.12870488012598,69.40980949997888,72.07217695905751,63.70304037408484,75.11239628070325,1.072387918567945,1.0577410982779114,1.122449302480153,1.0667785278533566,1.2660730104313962,0.9940554213353767,18.95854716887658,12.273355264915129,13.834274224266414,14.003760960535624,13.405002323927688,12.927671811638092,3.100484480579178,3.031038228827951,3.2789968343418616,2.128469172224197,2.946297755710096,2.0261492054841046
AG,0.007800993920345132,99.56079556708339,91.4907443034248,99.24782416363088,88.87660600834184,96.78365996277672,79.3059916686826,80.2793897631296,74.93547948017603,85.14051169083245,71.65627972651768,80.00874567053556,1.0612862154782605,1.0250257151506452,0.9214909340699136,0.9373390136281816,1.1963602410677954,1.0028850771400986,19.257081477156994,18.32803809024655,15.826532257762368,12.302314712881863,11.543908786440609,12.894723844884268,3.085949346155658,2.658795589877288,2.318414239316664,2.549203860694649,2.9981627754250217,2.4353252660958025
AG,0.004851977430713871,95.34329301958178,96.94357125705642,77.08285694127756,83.97432649224652,93.75497972262608,79.85036530894304,76.29936000517978,77.1667194750101,58.73000268341109,73.47647133906815,73.63614564794855,1.0464123824203562,1.0075469226481926,1.0882892783741993,1.183948094094629,1.0027656064764172,0.9910403369926969,15.339104658629342,18.61073061606639,17.394858020465918,13.131055010902735,14.911817430213386,14.355429110003811,4.184575992651727,3.0908335578241966,2.833541281222126,3.651975522592102,2.409617051958427,2.068953853520404
AG,0.0023639889315758703,98.57296137401198,97.51604630630547,86.87452059227165,91.80994707438104,87.90671958461402,75.61565872205745,80.90892775514078,79.98264734650887,68.63961317619243,80.09890687670477,70.85233835415744,1.0787656236167151,1.101100350480073,1.0840126919511648,1.0506109325345816,1.3175473554318806,1.0054977304173123,13.354185426450442,16.020289008842045,13.259533113291747,12.60038241959692,10.40815816621058,12.304355498894456,2.936813484109681,3.4578999374782797,3.572697832852616,3.419822178554669,2.828310202484351,2.5353214025638686
AG,0.0024912908477602255,99.13934006525405,86.5103033559833,82.22912866155811,87.67340976972379,89.10077226122428,76.57157675356758,78.35335054648394,71.18941588650361,68.50921006581775,75.52716341633251,77.81145946078317,1.061964721515112,1.0411322682250699,0.9362288075098889,1.0222182071121297,1.0452160617537678,0.9989941574257678,16.778584146863636,16.965508516741718,15.031429328352782,12.962258565904682,11.29691101333922,13.475836285631623,2.697741912855369,3.3255433993796304,2.8037377303070454,3.0625766645506913,2.053352032056356,2.4284634653212493
AG,0.0002635427949472119,99.41366552672689,89.53990674324133,85.93264959427007,87.28759252640337,80.41077008167005,74.85864930765051,78.47892157592572,71.52557690313756,74.51597178146353,73.1379878832939,65.99756406111418,1.0761890610241631,1.091435529094596,1.1457103149727048,0.906652467740653,0.8011959574021936,1.0081881951505474,18.35020682123554,17.443847815429915,14.44995747869029,15.06700130394312,10.946085036009809,11.951854297176695,3.173724887083076,3.009815302604742,2.9500609373235713,2.355702290942519,3.156565274096737,2.611885030262351
AG,0.005552114564158319,98.7586579477666,95.13939848136785,89.94283512846725,88.69344817649483,84.96701516847936,77.48013311817746,78.6589502013862,79.18883273734599,61.89296015466999,71.77860945578279,67.71977555753243,1.076396665287564,1.0181362155270113,1.0799655611597798,0.8443829947869357,1.1525563135103016,1.0144633157794678,14.876760997386636,14.26325414867902,15.970532692638816,13.376449896042883,13.630808885834655,15.662849611541336,3.353524548449006,3.5014393459339166,3.4118168104056483,1.9639612228909247,3.4322608861465027,2.1995060840750056
AG,0.005061651675460217,94.90691773104531,88.74908154519647,84.34800691206355,88.03002139603096,79.68799692891065,80.22731783409043,78.84244111155799,72.3889229783773,66.11548531998599,74.43709636262797,63.34889162399686,1.0772645648022188,0.96144389309982,0.9200900140959768,0.9556998523716693,0.8196882721499705,1.006723754567612,20.452684709252914,16.132975321295433,11.986245014076262,13.909862437019399,12.059639383714572,10.291748220839034,3.3359740081597606,3.1668034572768207,2.787854114969849,2.833395160196838,2.4832541535293546,2.44931505701475
AG,0.01247302121629203,96.5754516320378,83.91525420345718,94.94855035884822,95.01697935249126,86.4528888977613,78.73055495456717,74.60448588361841,62.80204179523855,78.01317568248359,80.6304302482833,71.10265437434678,1.0635375507846208,1.0262817084228628,0.9561657954353183,0.8367147826822061,0.8429460726340008,0.9994179843965549,16.207544648123253,12.13450822510896,14.944138672818912,13.17562891443377,17.277298408308805,13.550407830211373,2.6041487442967304,4.16763050915251,3.10013575946097,2.9598833175301547,1.6930361437022552,2.7049411165008905
AG,0.002573368044524978,95.86825546221763,97.6250096827628,94.4769734341178,87.66023710990363,81.94572389479418,73.70548837143696,75.1100412500671,80.76917898459011,77.84381502705934,72.2217543420299,66.08643097743457,1.072164320988222,1.0145531083261534,1.2382646003057598,0.548954706132313,1.0055515118722427,0.9744550121537143,17.331593198399414,16.15003476059495,16.05947178218062,12.983188726650306,14.069776018331417,11.634224047209935,3.2087789441900583,3.573883518208035,3.0567312738806307,3.0957530054475733,1.7312897636708038,2.1053573858569674
AG,0.008984697207501353,99.89390425712148,90.87165703287768,91.08034508286052,84.90947923199154,87.56820008677325,80.29254850355977,82.26948724189013,73.18719653173578,65.08376159727834,71.01703045342427,69.4689281016966,1.0591311537168833,0.9671059704847512,1.0269000101525345,1.0975409540894139,0.8328214369004372,0.994318797876271,14.25886164671709,15.712729477195708,15.430070711056203,13.261051375474088,13.660781849237624,12.221343217112565,4.329761720355831,3.882696270950979,3.5272142717248296,2.222024060230236,2.8951578334130192,2.5148636222255303
AG,0.0024273641864597426,98.48129158993224,99.27545609735003,83.43468964433967,90.1661596511321,85.56444011440354,76.11797796635075,78.09115301259341,84.00108267770962,67.58277949973706,76.0330933422523,65.16696363081962,1.0729615305251772,1.1006221794833169,1.1532074471630105,1.0736638343023281,1.2371274586412377,0.9894608759271663,16.948266124713122,18.401446552335916,11.993296061691609,12.501249710831164,13.6075843280873,13.49414756478377,3.567363537200486,2.956822809085831,3.099010717640175,2.779029684329368,1.3584166042604469,2.4389683707420238
AG,0.00751768269148539,93.87195523031144,93.02872185282236,79.76726327408406,89.15603167410185,77.52492700430498,80.30211705028094,72.55116762102257,83.00843251426456,63.57502932931346,72.671142864051,64.7151444150409,1.0695547464861468,1.0215394965679871,1.106684258961181,1.3101511057634216,1.0963852804401022,1.0012716179272345,17.861310336877235,17.586493658027432,16.747945930924,13.1103064221994,13.969974645434519,14.393169533310981,2.906162597621043,3.027730511543234,2.0441322349685076,2.402343800416115,1.6164905656932882,2.110237994970161
AG,0.0038913125271850717,94.15902576423228,93.3395650951879,93.76996755128262,93.03893482698061,87.35874330089935,78.02230583705467,72.01823318587412,77.98195885923937,75.61040746396786,74.68694470448432,70.61752535437827,1.0788733408401079,1.0738190107384422,1.1928202086665596,0.7600080900690053,1.1944300022206518,1.025084959893479,17.718366465380658,16.227117976248344,14.197456317462835,12.34463481478021,13.91306260368007,12.895390089466565,3.5481173070278835,3.509952132611659,2.785361760997765,3.356389791916826,2.3317883281601697,2.0113756032032075
AG,0.02315814866710186,99.3837303476052,83.90550916019046,81.85846565233892,94.25587755649043,99.5205212570374,82.6261538694219,82.06908233213596,69.05697668301507,66.8075511124347,74.25995674713648,78.52832861967357,1.0705438690223408,1.0390867647994917,1.0298368747043543,0.591133425820483,0.8238063562688919,0.9970515748655648,20.530286682345242,17.399382252987568,16.89383112082114,14.274599088429873,12.996171237980194,14.194787243498677,2.9957349518464933,3.9040824133677,3.3056912942045447,2.4914052942670293,1.933547726078537,2.4614739557839984
AG,0.0033137639965830096,98.00124360991015,92.73503268298633,99.18278692539516,92.88713375389142,82.57051925822509,75.37952311120017,80.08186594947284,77.97058719498693,78.4941172470974,75.77495696383421,71.91561108201644,1.0719918332620983,1.053677223108593,0.8945703252760173,1.1405393822880947,0.8919833449100519,0.9997825213401782,20.174011310991098,13.3163599511506,12.778924096658601,14.550674123919903,14.653087297435397,12.384361289770492,2.532591129816992,3.679863189578191,3.5192439549478998,2.509029901556986,1.739780135017003,2.383515308208875
AG,0.006239250048385875,94.18745326236375,88.96222606165743,94.25017823307998,91.58324931066045,96.22499590461162,79.27107754254007,73.90649673824474,63.67771018793384,79.9601836173624,69.75619943412029,79.72011429829003,1.083446324290202,0.9942332104522609,1.2132548901067626,0.920109777989657,0.9769221779564017,0.998780005328568,13.07218780390636,19.154405074477687,11.366439638692253,13.785201087213677,14.300947869495785,15.877596136041749,3.362293565862013,3.788501896213199,3.1929272260248522,2.249567941422358,2.7216639351000222,2.0209061764046323
AG,0.01439666260380096,95.88235176960634,88.94079578715407,92.19958165821545,89.09342898282202,75.94991543692501,80.73621873302675,74.67548447028015,66.6484436342483,77.58106356555412,71.66583385227847,58.33105025999026,1.0617390924798689,1.0653300035161413,1.14086411211651,0.599319375717962,0.9520892632104716,0.9914866187407405,16.901810544806963,16.00834653213636,13.041235721895097,11.762777337594116,12.350902387323577,13.32333143900882,2.6701156950008746,3.2524799206983266,3.101996255004306,3.3073843893833983,2.2814846294967026,2.638721928679195
AG,0.003615188955921407,96.80460071316472,89.09221482702533,78.33357169833577,81.08469847505165,87.52639167771342,77.22150254368374,76.62626177875127,72.47316418149803,66.2544903545909,66.45453539941336,72.69040220686885,1.0693319247857984,1.043461935411974,1.2045457605429157,1.0543085143804662,0.9136013188676909,1.0123368554245586,17.584932149406633,18.727261007386662,18.869819970522812,13.035922564975404,12.638791862264455,11.386704447621053,3.290944722239481,3.080499580993919,2.832800473080421,2.934205057420044,2.273358295715477,2.3186997610337547
AG,0.004099109526177184,98.29284750092613,81.30675500118592,87.99786036807032,95.36317561300636,87.0408238583021,78.59988521031356,77.57111548674969,73.7006013867399,75.0263737168179,78.24906951562889,69.81302019832259,1.066929814214361,0.9758140358147043,1.1157563166168825,1.177397803431035,1.0067014511526085,0.9948798554030309,15.849615488429361,15.02878090527497,17.191929489320078,15.423339596863473,14.95689049783539,14.247228077058368,4.803188563123261,3.328670698491163,2.176692938085518,1.93494317595251,2.530637248055368,2.2042828848721365
AG,0.0023105516205882298,94.72324311393895,84.39484145568365,91.26853373429407,83.77048991496807,93.16992565914889,75.12582296061825,72.64713338434711,73.03757447431352,69.02809323313257,71.54126155911355,79.10628383990978,1.0726072157175806,1.0070839366626338,1.0148723720100914,1.1576519046007672,1.0718762329918774,0.9872878441141418,18.748951852516004,15.500007959540905,18.30352492864599,12.588763413743836,14.56572736770503,13.498723756359471,3.3749211017018403,3.2653039065666083,3.0686320870492225,2.7065388944682627,1.7123550756645678,1.9157828607119303
AG,0.01652298623754297,96.69402398997785,91.1600507174971,93.64643423261353,95.91592867915635,87.17805612253073,80.74871134157748,79.36506944114181,78.09215682540992,76.20892908489563,81.75254665920704,65.98381860951999,1.0851057561460415,1.0537757468695537,1.0818556221394813,1.0410714024854317,0.5683740239681735,1.004067271447073,14.534836638295157,16.638279687584248,16.431605878909263,13.17740052602694,13.565675580632313,13.683000870460404,3.5521408114792172,3.572368394564572,3.215967590299666,2.214876871580962,2.1802896572111963,2.2458248185790732
AG,0.017692360917727492,99.51302320400204,79.74732673868816,90.30077641302431,92.34900249916544,89.28974282490634,79.84190515093687,79.37566271958961,55.886655095666015,73.34070949020955,73.82833631486041,65.59249188321382,1.0585265043161864,1.0949810490395522,0.8561329361517486,0.8477534469177244,1.2732317078899271,0.997983971761454,12.995202549010024,14.46776479603778,14.557703720441555,11.241375395485722,14.643406045750746,11.412832084587457,3.004550911390241,3.0044544230310026,2.579515795989269,3.5501898133906895,1.8076780933773218,2.426713902337039
AG,0.0028097116474482924,97.0244610602363,81.29283834169553,93.63292548637072,94.1620486393656,92.17444450254834,76.20816901939591,72.62099836114004,57.38454785362726,76.80686158161708,77.15393347851784,71.44080970878531,1.059159798716117,1.0562970862860765,0.8708744547833706,0.9666870724425074,0.9674088842574554,0.990626775182104,14.836660130156098,18.95979990098791,15.71726281462728,11.441608676047405,12.845716775142982,13.41247744199077,3.3757298882810343,3.736068983981704,3.158109014476439,3.79764066853883,2.1862336048645767,2.1447106020034887
AG,0.007576676536204691,98.38704190137221,96.51229189381758,89.00975755730913,97.47519933682874,92.91469894428859,78.77320054858549,77.28250355751105,79.68584174778832,70.32362820524776,80.5636391658041,74.32533140685062,1.0648015476871149,1.0292510561722419,1.0733959593212512,1.0395781882562931,1.010840057971428,1.002920870799098,15.591999782893502,11.76517754967713,19.15997575602701,17.10435571564659,11.803039512375188,11.232928423811183,3.4371330274721505,3.889691335883734,2.310499620670842,2.865373835051013,2.972497719825262,2.4665821463719397
AG,0.007684504697123636,98.086279846403,85.67855178781602,86.71016618942612,85.63003372048884,98.89217088588407,76.00603275079942,80.22591381072439,73.75616406858948,74.59722645366146,66.2594827449578,85.59666301039927,1.0517097909818074,1.0724046182533356,1.0305949956356675,1.065477439961226,1.2437802776357891,1.0112709477275352,16.546101221464916,18.560328715739733,14.376512073677597,12.60781534928945,12.749095255248124,13.715028624445708,3.675363155037245,3.2690052985919857,3.139688364811201,3.8714547411219202,2.2375354299309467,2.4014958253839267
AG,0.0008635647608260991,96.05432884101747,93.41496620952243,94.03157778102026,79.95837313239633,89.6263822840349,75.32399142779855,73.50933551893884,66.92863799738623,76.84452403372592,65.73262293917068,69.05408030064129,1.0893923542614945,1.0494870705494959,1.2368388853889962,0.7993974862222796,0.9105936500901993,0.993001466674045,17.855344352502637,15.504823931834622,18.487472634779717,12.363860027127187,15.36481962494304,15.595144722575842,3.00248923750372,3.362233505928035,3.660735482465791,2.5650669320137163,2.1510756495147105,2.39142572761606
AG,0.01773125054481346,96.47604254390272,85.32822601457657,94.85919682270529,83.48888908104098,91.61556816443313,80.00822705469413,78.76323797070043,74.28504417822069,77.72007706889778,70.38073438566524,74.13542156184987,1.082278122913542,1.0276551438569568,1.0153829563074273,1.0338828513308644,1.0877004470214888,0.991364095932506,21.20909435046016,17.519033365238094,13.848134592382575,15.251126477597438,13.996131950830032,14.31859757342791,3.0266255623558678,3.6015266741351657,3.210750235133428,2.6516635757667313,2.8885946547882204,1.731037103592442
AG,0.002447375086030345,96.953225296574,89.69925131291527,98.46633458896873,86.64747977167913,89.50711238965599,73.8129659521677,74.62933085509626,70.17976107486706,78.90495968062659,67.18345889467527,75.34309407077329,1.0609838206821447,1.0015067760652856,1.128693885391349,0.8948857332524132,1.2371546236686612,0.9932451190740919,12.018940245640566,16.859679253199033,15.909107656756431,16.579133842235912,13.697895250457501,13.570084683320013,4.614394133026387,2.93412894106872,3.4794280533460515,2.133122078035207,2.258481202203202,2.376312741694983
AG,0.004964254673641717,96.97735709866573,97.2243437343982,87.88229052165273,89.49994605692379,79.29165721201265,76.62137281087833,78.06456696402587,77.70501992758604,70.1231116435028,70.33551817863082,63.81348481383015,1.0841210068790295,1.0713730346102746,1.053182909903064,0.8042756947082199,1.1336205606996734,1.0286520683986833,16.632093518283252,18.21010128510071,16.957907654783945,13.394011930400893,12.867260990365592,14.399613856914247,3.1389057071537914,2.6883090077405534,2.4689902467868476,2.7334448921919745,2.98181186609587,2.6885258657158193
AG,0.0028292270594906504,98.01340166654566,97.81437987725974,93.2451679477654,93.02012328724736,90.04322904048362,77.82210710071985,79.73960976551275,76.93085033473137,76.88415275715069,77.0504125228457,70.07393941023749,1.0660491903813198,1.0403189406489215,1.2558926659976295,0.6934776465778631,0.998639974361694,0.9789663272843079,16.18239682788374,14.579130879535303,12.828968088920801,10.75650055833109,9.50070884568161,15.113491462027742,3.7909211137144587,3.894432125263775,3.1281582970089463,4.333826848068916,3.076620423663325,2.0777082462413934
AG,0.01069842030605554,97.12637774040299,99.09037157670858,91.33572892680607,93.00969467724856,89.99349544152508,78.23220613508265,74.45258015017362,79.44744668868782,72.15862899898818,76.75637867371124,72.31548540724147,1.090427739027632,1.0060145671725933,0.964313176238822,1.2336623012303618,1.0199560666630456,0.9961728875938566,18.727804556720706,14.854685140376517,16.411337942888668,14.121554446012208,15.732280840110661,9.773662976816023,3.5353308203452816,3.242694627120791,3.3466434321164473,2.630289877855736,1.695609897667201,2.488097718030738
AG,0.01314099759938505,98.23388765092072,94.98992536642764,90.82268854120504,94.06525041287843,84.03797870134967,81.83245947718098,78.38413070237563,74.55486715118913,68.82144571188199,74.96894382268508,72.55037351323679,1.0676506090906046,1.0600999881902897,0.9021947863628264,1.0019836065550913,1.1457352746100367,0.999484907510141,17.380354334969205,14.692376922414136,14.04431395403804,17.729009939066763,12.928742148155266,10.908977955038127,3.335915331617369,3.27468158394662,3.1395414280987404,2.5263493083787227,3.7084449881721295,1.9091118367189983
AG,0.006010221519413763,95.16414761068586,83.19937315943486,94.10433078213565,91.6624101986269,94.75185118868032,78.1268419329047,74.25572923090887,61.619201925641654,77.43968790610792,74.78267851484163,80.2039317498436,1.0573382335033408,1.03387205260198,1.0999831788916017,1.213591818378561,0.9566996955475533,1.0166429318442352,16.638765362632586,15.916842332955067,14.343828964492664,11.149536741453687,12.620292641843008,13.217573213763178,4.75079683894343,3.4031510453014278,3.635059767801648,2.71171335598445,3.6639707987589425,2.360403067896927
AG,0.014086724508272686,97.72128176051804,99.95096539464807,94.4631395611831,85.2332643972738,98.0072121673161,79.44703395148409,78.76858016544735,89.84616332364014,79.07367335224232,67.41892386037237,81.15186804107265,1.0728820046012981,1.0998788721695454,0.9993995869353838,0.986651073686775,0.9081398947853466,0.9975442226403857,18.12950441952807,18.09963368019017,16.245890127716596,15.631996811656837,11.312739834913344,13.893264789649232,3.8049407823947896,3.4328703693020715,3.2894468670404633,2.5067955438512244,2.8877565469462154,2.8178775864493013
AG,0.003310236486081575,98.28757567419402,84.2044111831365,82.72318355436015,84.86817653237574,87.60436864672968,78.6152275201797,80.71242545522321,64.17311041676072,68.74932188073421,73.42358261993192,73.32706657602371,1.0692685321406785,1.054423585522162,1.1861273950819806,1.0177789203448488,1.1708717489114728,1.0144526905372067,15.27301609317472,17.761675065797036,15.602774962555522,13.301875747192259,13.13817244944935,12.993591150513563,2.6704041330790083,3.287806343342264,3.3578317828813535,2.9469046111123345,1.7010827477118893,2.389506975185064
AG,0.020740052038391906,96.03162808361736,99.35370195178511,96.63216592626796,88.75870909324068,82.63041882207793,83.08383382962407,73.99614338496676,80.39031121786454,83.20477594914685,67.08706864225266,61.818180316151576,1.0728123576882753,0.9437727235198088,1.1458532032525999,1.451820654451977,1.1206610138731465,1.0031677144625704,15.476742738003772,15.68474187127063,16.320918584043845,14.377464438770074,13.487310285520698,10.085445543387996,3.3003436234763073,4.0286112546789665,2.8293087842542217,2.8376266474650143,2.9825325853890607,1.9966238936793284
AG,0.0023163109439530765,94.73827555852746,94.3000220652238,75.67216209455545,83.67596442650165,83.74650104712241,76.26758309304117,75.97791627288649,77.77420469815499,62.42343307233389,67.51802683342743,62.56390049895576,1.067813512444311,1.0647412924728459,1.3660914132027766,1.065660922843209,1.0801679989797603,1.0011472584514667,20.064590525359943,17.084114463315824,15.181346591342027,13.789614146392585,13.34884711853913,10.707904334587306,3.3771132212681123,2.795362815411697,2.766881885451187,2.257566078384449,2.8357028921693876,2.8975612722839297
AG,0.0010685188631054437,98.86373396340112,91.64203610047014,98.56489825953123,97.28389678424574,85.31479626218189,75.32801696233935,77.18881962514939,73.39760129324894,78.3971084017577,84.66694268110457,69.97808333735682,1.0713162802653589,1.1053273989802175,0.9685124558753141,1.242755404575914,1.5195428342175148,0.9860927747319485,21.842792807958116,19.12265016329384,14.965821572103856,16.00362268974097,16.69647781000644,12.273406119024624,2.4600708502446613,2.7172969821686284,3.0356976979066994,2.807170446326716,2.4855720817487206,2.5032076222805593
AG,0.01834757941922558,98.84449536380458,93.6999959548861,80.79021015615665,87.00616853319067,86.47812547542273,80.77206788629383,77.49527535354292,74.28407417092477,69.25086163683005,74.75671740684254,74.0122213912648,1.0908438214612917,1.078337410988198,1.2066152820481837,0.9838388966619989,1.0529278065718408,0.9856153918584513,18.01114750162259,17.6206418367042,14.73718827303172,16.063995351229764,14.508579527697064,9.717344062009198,3.9926470205591045,3.7491666402740234,3.1812376147390116,1.8443541582106868,2.788538400070795,2.799346682690703
AG,0.0004894302041163307,93.8887231377633,89.68959710436262,87.43523276391636,83.33081636609542,78.84632763272457,75.74603993723454,74.43599987350873,75.69848252151623,68.58322150469408,66.80983115532524,63.38386598464198,1.079078659639314,1.0305688891660887,1.014281801653768,1.1414408302952865,1.1866316333588596,0.9928518867382099,17.764326345536887,15.783258598430438,13.657552836247552,13.926521082254654,12.473315506886852,11.878538232742754,2.490975283588986,4.16257911515777,2.9486363038477514,2.3875962734793807,2.384823495720836,2.506746536558368
AG,0.010505644905447016,95.96706842244217,96.20436334068316,90.53147821361995,89.64418822003107,82.7476651676364,78.4028023197253,73.70214611764845,76.90220699178391,73.16640409652253,72.14008361150647,65.41623300007879,1.0488984442747926,1.016923256297376,0.9523833408070935,0.9838722568049421,1.1751818509537961,1.0030512678404713,18.78744602557574,18.758265964110777,17.14033785108202,13.916880346705943,14.624119357353964,12.931402633352167,3.866410446476111,3.4662294756508345,2.840733774855954,3.0120351916271133,2.2048530330755067,2.2782990367924456
AG,0.01588597981391281,98.9771416229391,87.5467389053742,76.0774342566164,92.29965749020944,90.46325059438783,80.36199542466007,78.71479853415363,65.83594897502599,57.558064177473014,70.75645380025476,72.41959215376211,1.0622595440965108,0.9910469212712707,1.0095856079519634,1.1169532743956414,0.8735914661447758,0.9810739454609104,17.13089878641662,19.1503013875683,11.458941887883217,14.078412759317734,12.330268539061498,10.234492736123855,3.1299665722401384,2.6064970594849894,2.9137812598690958,3.6620114489089026,3.126238290451057,2.6297358919904887
AG,0.004740505168391436,99.27687738433197,89.01727835331738,86.88143116393263,88.39350347402237,83.89874414677968,76.39151025664083,75.74581391108825,63.04993359056508,73.1745689335376,68.47666635270278,63.937175079978296,1.0746355153370748,1.0784047077345924,0.8083494611755075,1.0553010677943901,1.2569908303986566,0.9870831423159908,16.266411732811264,16.27700968080675,15.876099079041811,14.985935421555828,11.984975634629087,12.650958279239143,3.398471869073303,3.2414667760628646,3.1672232023764892,3.463791659574211,2.64415570168784,2.3509144447297823
AG,0.00853684769869757,99.16664759288257,95.37752023681561,80.27056028467793,82.78938849301339,76.39180862583571,78.69794170945265,75.99391113559516,77.53123699948897,61.415884443215,64.29676414980166,62.56780524676461,1.0512373402968582,1.0049408069850445,1.2586789884629361,0.8880411438599727,0.6660637243349854,0.9913094475812845,19.468262416676044,12.696536230462536,16.554250468017415,17.015191983907368,12.05535810160597,13.141892478977738,3.7957601896431488,3.5972915836639245,3.399661459821475,2.210975133017353,1.807376470367228,2.2949050563646
AG,0.0005986876367698878,98.94015080863028,99.67910914019173,92.78900889375562,91.9719504884615,88.46775984092436,73.01246918584846,80.07191172645754,85.3050619762331,73.91450512156142,76.51382746788002,69.49170027923721,1.081911974004647,1.1079018462360486,1.0148083244017536,1.0233310924800954,0.8196565985795841,0.9893981952712254,22.857666355762547,18.456050648606976,15.412675500640733,13.381931028009433,12.042787493397476,12.31553317939918,3.773309734543035,3.025025754381818,2.9962452128791,3.208984706188618,2.5101780940466547,3.0421493448753676
AG,0.01297463913357965,94.57090147956545,85.49714397658602,94.53432484259491,83.33816217392642,83.49420170479291,80.4438811527357,74.72245431533752,64.76586168541077,78.28030334215465,66.05138443704412,71.28413262325269,1.0898932943222792,1.1526617985834455,0.9435206974243174,0.8756611722796941,1.1100513675372887,1.0108690984700657,20.116049276611694,18.179204880902766,15.332497834762531,15.735298609571148,14.928343864326793,10.153817264045255,1.9325947471517277,2.954315102294398,3.290698471644506,3.3748210245809798,1.8861964711101509,2.6324811383842848
AG,0.014293970511985603,98.1481911961974,96.74116867270456,84.34474451203097,91.2289603331516,83.22762034238943,81.0755289663583,77.80993307103004,76.56634679444545,72.79038989499675,75.05404404097409,68.80514445958535,1.0610669664950343,1.00090779029416,1.2028907952037877,0.8928667253355054,1.0881126310687148,0.9940672617341743,16.418276046929904,17.59204284658733,18.331631537745817,14.972280828207056,12.044368380990505,12.776027088746819,3.662904811704188,2.956800169956842,2.9880957336170524,2.324985524253304,2.634380652558025,2.661349383113711
AG,0.004368989941704584,98.86933860793933,92.82978951555047,94.09832700484341,83.93646187405142,96.75668095911637,77.18454407883559,79.5322460397001,77.11467038264891,82.29175234839485,70.7299451298461,76.45788980599362,1.059626109850486,0.9918439257180682,1.1814234733580156,1.0444516397174615,1.0186725598283841,1.0017344886688642,14.996830786002985,15.100535108156855,18.40706775509695,16.474767867807078,14.797306140090818,12.011931516696388,4.512188947754229,4.045921604491969,2.905312617959841,2.8833413075298964,2.8070574471997585,2.165330590132893
AG,0.009325685910082829,94.64429635460266,85.84972611535667,97.30534264594993,84.4184241188981,80.6816635650297,78.08965993602546,72.46070237333788,71.41467520689422,74.51183389855484,71.24859543937042,63.08081142146252,1.0732638026582275,1.0320448606767962,1.1100011269636216,1.1291276192007318,0.9119990180508551,1.0059332890378816,18.38551748093968,15.208934756462657,17.63025006401539,15.159009229906026,12.53520952894927,12.702614485117651,3.294306298376864,3.69430050114044,2.8548675694350765,3.2904381610363935,1.9790717576382564,2.3019135959401495
AG,0.009747878995357924,94.47186912885498,82.06434941708422,92.79696609148863,95.81863715382475,95.31510153001766,77.56722349613781,75.62708308217063,60.78044428021368,75.85393936778658,74.83417847093071,79.06675388174732,1.053557733717777,1.151297615321811,1.1110689027132494,0.955966120029035,1.2995738883232113,0.9991137441728891,14.676059463169674,19.615673379035055,12.375479843936928,12.022939552647033,14.169905035334496,12.650687061779532,1.944538184754054,3.2058544786126877,3.376349570441431,3.2360824032519244,1.9484426522297817,2.411065219127341
AG,0.012494924386317469,98.07140051203763,91.23634046248235,92.09993986783422,94.71568298656825,83.35264483233391,78.65215233096565,76.88740167205066,79.82794750767802,71.50582632517072,80.85641302204178,71.92061685819547,1.0602343307983795,1.0497651508480337,1.1337028390856239,1.2492626088390522,0.9019659170545398,1.0141666741503832,21.895104332229128,17.0055402425368,18.026324287673415,17.972858200479166,12.324673189261473,12.934173396712247,3.5129967982163994,3.5103975476768023,2.5689481650177552,2.881542430006147,1.6802258451150456,2.7548313724485465
AG,0.007889922192363695,96.93950914856504,79.50939419434688,86.02627152579953,86.04081129359197,93.41702785589274,77.32957996286835,74.37651874264039,56.77260098583753,74.45724762873094,70.08575069342942,71.32841933730913,1.0690557189150482,1.0079755550507612,1.1051258771188017,1.0314332742161691,0.8222891544663733,1.0098491817635724,18.89262875852598,16.708643153350312,13.524137343174589,9.398523429080793,11.667112096873467,12.255332113603465,2.3726280151622,3.165107106344999,2.413062659697072,3.2411118804719012,2.608687403106996,2.399462649443175
AG,0.008017271999001827,98.4928811345681,96.56794381098433,85.92586661291064,88.70790870428306,89.12510532073503,78.17164501860044,77.12602646208667,74.04502845534572,69.68570653590308,73.12279658907018,70.3123683576822,1.0757150602118037,0.9995435472947083,1.1521180484422981,1.3065560481556344,1.060010704701803,1.012282937604865,16.229623627168106,14.234515067665331,14.212425387168057,13.475603505701669,14.694208212657351,14.592722401775056,4.736406707111858,3.13858730801146,2.8702301093536122,2.605153583266143,2.5042831962804266,2.240090625850756
AG,0.005442795183102499,97.15474644034965,88.71578594797616,84.99555875826069,94.60249436284616,87.19168933671229,77.51691941779488,76.71249479488542,74.7330435724635,67.41602561106872,74.79924740159585,70.47753575907969,1.0741538142935214,1.0935294310966615,1.1851581150817558,1.0167617548752266,1.1822607518989376,1.0095871073238187,18.278720969406002,16.476872025268527,15.083930767488319,14.219224416311357,15.14030659287362,12.140493495797593,3.7637995370707706,3.7028602669382185,2.98726052202875,2.4435440845853664,2.426111143979015,2.5837934029073226
AG,0.014008715429712475,99.65075501306661,90.72606039558192,94.82293294125567,87.84381541275059,77.16633775864126,78.88583924924427,80.9332778567369,71.05817980369319,75.42787326101582,68.0298308721197,56.046724071927926,1.0683986282070217,1.0500654264922022,1.089281254880778,0.91669904184717,1.2223313716746262,0.9928722097530959,18.995358381342463,14.229806861269687,12.768228317238329,13.791913986906602,14.926314108152805,13.818555428900773,3.1055726313276457,3.418889959655045,2.9651317403247957,2.258433159876714,1.9537032220679724,2.420759437806781
AG,0.003450748685800346,96.54018764813708,91.66465413091873,92.70906656172315,87.32330960847533,89.3717301090865,74.63243134383004,73.71892349961291,77.10201673257323,77.41197260265804,74.9718014043838,71.28647263014285,1.0565019048885425,1.1139975844700203,0.7508107273687985,1.1975746174614799,0.9412824751728758,0.9870447969561544,21.441738129297093,20.359997486556082,12.113504734263602,12.86803802289259,14.111471788201381,14.515196746481692,3.887251133983795,2.8554815010564525,3.486952584719805,2.5837380853337706,1.4031898160408536,2.122134899513276
AG,0.005212304056569128,93.42554469175522,86.15296848951708,95.10590218712461,97.65851963199509,83.5436911577082,77.19453849143274,71.307187139162,64.55969269369567,77.06167012484954,78.93264951518127,66.88349940930335,1.0527596755673225,1.0992983904834162,0.9289084864447783,0.7438424959244044,0.9301303878515685,0.9946282082706636,12.916043295241698,18.640857989519105,13.724015662611862,12.341090989098777,13.419059318214371,11.353936749469593,4.101274880223467,2.948754924599715,2.966997988804741,3.349513326713525,3.0403033875672154,2.558046574797756
AG,0.0005380109517956719,97.09543100664413,82.78684100357151,83.53101410497092,91.29551059814,74.78176749469125,76.10675024813703,74.86405884374238,66.56051904338052,69.27966699133671,75.78276002238947,66.95534823918861,1.064247265608546,0.9779527391921825,1.2553634970753837,1.0284055674945647,1.1111430810253098,1.0247395107120754,17.18496352665446,18.34121457917398,16.403439786765915,13.24254478542208,12.80897375667027,12.42162844562113,3.5370284876847595,3.6655432004602875,2.3680603301462897,2.2769965843725877,1.8390776057470541,1.8154581768267573
AG,0.004168722000049402,97.06809623789417,90.79553892636007,89.47417912430481,83.0404554980075,93.3133686251811,76.9100108259232,78.52651501921012,75.9132555968387,73.37945532489753,65.39760795443381,77.68224869029908,1.0762479812919121,1.0638536696731795,0.855233750861779,0.7372703048660925,1.2873598685521228,0.9923473120775265,18.7681826833738,16.296407011536818,13.809480390357034,13.344077836648273,13.753003244141496,9.931834169080847,3.9732584727278155,3.5999052762378434,3.0652152564926403,3.5008630725561427,3.1794921197335295,3.0313019684567175
AG,0.0018526715030407655,98.66963335281677,98.3220937122901,95.44975492361243,92.73914084424587,80.2263628684886,76.5203215787157,77.46750686764236,84.72819841791429,76.54441286329067,77.01638451519999,64.82141396151495,1.0756278231252727,1.0701386266834985,1.0654110277837299,0.9261309962774181,1.0656204855471068,0.9825067517172444,15.846037590749088,17.57228936087291,14.893785811336075,15.343006169694434,14.617137424049929,12.26246615269383,3.109071724839337,3.5740110215204135,3.2926601707502123,2.3496449021341514,1.8004305386607187,2.2065556429073947
AG,0.0050383628337529445,98.6907210092116,91.52398697831104,88.1778980193079,89.69972556092723,96.22434906823199,76.95732515181213,78.14071321252655,71.13963959334964,72.49234935697534,73.38429896833553,77.72171455214648,1.0750926710118212,0.9637993366190787,0.8777144145030231,1.0716814295838881,1.0033841438580215,1.0162940867192316,17.47164159199151,17.053106957913894,14.523102690949575,13.50564656017415,12.614114294663418,10.843051578169524,3.131147147451557,3.4342509083195982,3.5576790175401056,2.660105344982599,1.9311543560500266,2.3741319166812356
AG,0.0033310844290004578,96.9277529200817,85.08084770287778,89.14471116040397,96.61810629258187,86.2528309913208,74.89876806394491,73.62374370956594,66.17266313960043,74.35283752252548,83.83586108780152,72.06370248269702,1.0612437758637598,1.1255240294369768,1.3390414097908658,1.1903951056180795,1.1944482684354305,1.0046531591054366,17.30424997818889,16.84341024147638,14.114613938704593,13.609582181040512,9.318785959529674,16.048811152355107,3.3847980773616917,3.7917326063397208,2.647949600738785,3.40936683975964,2.846862944396955,2.118985552228536
AG,0.0021263119846003783,95.59405852069622,96.91551640118983,96.12404546528623,82.6035976405901,90.07756152444257,75.81071966330197,76.21536765138013,78.67838087457858,73.1031829322049,66.74077854209077,67.94920600747561,1.0712507750584321,1.078361658427987,0.9214799607604158,0.931665548025731,0.839209758251954,0.9947717101440524,14.405916233600529,17.9626552095575,11.044804496311022,12.084410947613227,12.474299223410224,12.528658545427076,3.6723549954648136,3.468393135975664,3.7672363399061135,3.333007946028644,2.364128628079157,2.359562947483626
AG,0.0011240301840445815,99.91253807169572,91.63322290135389,85.07140637608238,96.61705941406264,82.91156600211451,77.61815029341545,82.66147606715016,78.58970692301669,62.81120401426911,82.07648077977026,64.89059902824505,1.0661401648040838,1.0720579350716852,0.9522123230630404,1.0287185064690143,1.0098357095919364,1.0210104336538715,16.517568600482154,18.20917805201781,11.738631176270175,14.714648485006935,11.75848444162583,13.756614090172906,3.470863561891651,3.628029224535644,3.418588209251551,2.679191042773755,2.9920344038140043,1.8957319615555759
AG,0.007909190433373917,97.595892462382,93.34720911752156,94.69577097535728,82.58546774447039,83.44012127570946,78.0741553397029,78.83799526916155,80.7567192214927,79.84446405790652,64.31287216020038,72.26679049109492,1.073361517558924,1.030563767727888,1.2022553680393515,0.8321686970853772,1.1007980306891878,0.9887683209511112,16.03065206285577,15.823031241674233,14.76570962321237,14.875485866162727,13.95007119504996,15.301956837647419,3.264628262805569,3.267014894103725,2.6162723600761235,2.1975610715045617,2.3620479175026885,2.6332046969506235
AG,0.0027555386071736816,95.0330710429792,96.51971005996516,98.84234772961891,87.75980405625583,90.39249139511844,75.7275339171679,76.14838596947143,78.36346927835706,78.57149751222806,70.31622629310628,74.5460294893443,1.072181754709803,1.0532917794743506,0.9284593089599835,0.9083362555872148,1.0880734286599931,0.9880555305863657,22.140901719071447,17.425528851592656,15.263138543256215,15.467050297662638,14.250430497821911,11.696638517585129,3.3265295837493816,2.812800241562256,3.25778582599113,3.3512327656594145,2.0892767953904943,2.412199030277265
AG,0.008712010905354057,97.66691859410068,99.83438812681314,82.43708187809607,95.03120683760035,86.38046141876403,76.858437337804,74.70468270533851,86.5287467082653,60.99122705515181,78.53208132046149,76.09496377529167,1.066194404974587,1.0330245499525614,1.0502593327132328,1.011261660916169,1.3372518699652045,0.996308409929721,19.844810671215626,17.368636969905523,14.55352912931432,9.802859765749218,17.37375066484367,12.66443590973714,2.7323170450124286,2.6181019201908238,2.9517366411672272,3.5232047647826206,1.5584496931294867,2.4412329593162916
AG,0.008428800467313069,99.61650261929509,95.54717488255613,88.82438860099526,84.05371870992266,85.28286982896701,80.8947543968093,83.55796024533987,78.1536597727528,73.24112173882439,69.92770072489256,71.40229079884237,1.0559624054311691,1.066885235096459,0.917736514490592,1.082264760483253,0.8612090476980199,1.0050831610429862,16.45266109347275,16.914460997596223,14.784022149610367,12.678952708803322,13.530250445666965,11.527390321960938,2.896425708016075,3.4315168104442035,2.2925000685774424,3.136241053083121,2.390982640270975,1.9552339550215692
AG,0.011956647978143883,98.73935383046933,83.76087253774554,96.74029901852431,96.56222776182605,92.66565284741225,77.56674295416117,79.84805783569792,64.2182554632725,73.42176886740023,77.19496647153353,74.99605566803568,1.0723755977710143,1.039349502439181,0.7534555043860633,0.5348721051069539,1.0758325914727926,0.9996279229406064,17.004263428031106,17.690727268363247,15.592574754599626,11.84552949165537,11.316829119329826,13.135180234783268,3.122442595084512,3.161535899602689,2.9724052020018656,3.8223442907103604,2.6356033739357243,2.116170655777619
AG,0.020096948576913177,98.15252060145862,95.08652561603185,87.39825835940779,77.46847896691149,83.12720047382152,79.4339954586044,75.51257637081467,76.16103621965779,77.21004619993646,63.14494273214722,67.26447096293609,1.076645431687361,0.9958075536748718,1.0350551142119857,1.2413458420883885,0.9856002660225747,1.0119741934117277,17.098380004492046,16.820860298089755,15.003290474914547,14.43833713192425,11.447018193216643,14.113087578048223,3.343393053784037,3.804088860324157,3.196781012927643,2.572448572276737,2.4460047572657433,2.351421736464645
AG,0.00818006189970082,99.27621955664061,94.64061650114519,98.68570082166957,90.95707782501232,83.28207021515439,80.56127007026367,80.08144494791554,76.48761590010555,79.74111356719291,73.08368059327317,65.19643662428149,1.0847301750150187,1.01777866387416,1.2828297223155514,0.7518077067232398,0.9646064064425939,0.9853708623380376,20.163091084552555,16.107286860594307,15.42490697582044,11.594233662092229,9.807636060055305,11.723497536286395,2.629865726151153,4.099803504172282,2.611347753854693,2.5485331809521634,2.315545377255748,2.2363735863591447
AG,0.004822342394756513,97.88948744549101,86.59845306261555,76.92981002409886,89.05481790489449,91.45010074685439,76.59803543419625,75.38299682196181,63.31794532069256,61.76779565215474,72.57300380064505,68.72318796961838,1.0623566832268057,1.0957002469637411,1.0139297259132012,0.9684310593667825,0.8720327986166172,1.011874118831344,20.464544493720357,15.90543875888353,13.291985191586223,15.775981301409649,11.387573209835235,14.065174336145207,4.870027086420244,2.7716758468893143,2.1576362627665726,2.9599622148843068,2.9017549994034253,2.3993987459595245
AG,0.004578254260412351,94.8352285921024,92.48690121640111,93.55359618868283,92.33919743214149,90.43822095570623,77.75053664811756,75.4670206557405,71.20471394543746,77.370410636215,76.36363893033443,71.59063145364864,1.0750009988406994,1.0189669124838614,1.039925667325165,0.9074642849980913,0.981442524815772,0.9968455999699573,16.596928063302173,17.579029827188254,15.794272939198441,14.350530959793396,13.443255352798246,12.1502400982569,3.7242934493485045,2.6599480535704156,2.169080747035027,2.99643693830148,2.041176972031203,2.1837884595407213
AG,0.009049185722647709,97.80538447448073,93.53491852731287,96.68820571474147,91.65344773910931,79.41671040823265,80.06620779668519,75.9690079235069,72.57629224785688,78.11893484955671,76.59489713350212,68.35912316985375,1.070218173351648,0.9678006984155132,1.248286313354066,0.9321085283155294,0.8468363401278058,0.9966150429305041,18.603395405883603,14.680453327049488,14.255272443756049,14.771933577888046,12.563245245458454,10.503064478887891,4.461651635665877,4.111773124769182,3.16862297056544,2.609327265131014,3.204390522507965,2.7898273651204475
AG,0.005588743303140998,99.52922397004079,85.41448353870858,92.13507743630561,90.33091366690341,88.88293692000877,77.88553485338336,81.28607577679442,64.46040393386279,66.08537561858894,79.22037050311373,69.39001395166959,1.0632387164870882,1.0409734146928995,0.7965422444641408,0.8152192191551835,1.0196210939583006,0.9807687231652122,17.06052353072449,18.087397195886137,14.04105249427078,13.481643379509336,14.87655608860392,9.962579794337202,3.8095926394633106,3.81447992789854,3.0642255812502843,2.5046723749149025,3.1422909652662634,2.535261521819104
AG,0.0144665429388656,95.28389491630976,83.17860976872892,86.46844159424708,85.06023859186391,87.24181306547432,79.83572849102265,72.52274831334339,66.69093030985621,65.5411883929016,69.98209024755033,70.47136766365612,1.0774242708364066,1.111925478769793,1.0816689806730044,1.0494024174836107,0.8571112777065253,1.012955393240118,15.19795850864044,17.533563296878345,16.448285927724672,13.274038340499601,14.737881271219509,13.013978080008094,3.1731650105601803,3.551685165353299,2.3526619597411083,3.693444676606068,2.03636322014894,2.1824328174210965
AG,0.0049582870395208905,98.72212061663878,91.78666246834564,84.07537796055568,86.74867963185079,89.04193891604943,76.19197354542615,80.92690027281003,75.67831259587189,65.05980164693344,72.04642359794657,71.14387707887317,1.0606162867241653,1.0526360374662678,1.0052003639737201,1.0897391199789623,0.7123355486614039,1.0093841998828081,18.638432361746172,15.762336881791514,16.86050084003439,12.762478369266017,12.100596210420036,14.217295770435102,2.837867942151404,2.820120039330252,2.9979805283600163,2.6457715471818966,2.945487294002657,2.291252844465906
AG,0.0015703517257503422,96.92889191470718,96.50307756830499,94.43546763073715,84.17905639894806,99.26066241643622,76.46741619204735,77.30821998209936,73.0881155369577,73.48808401892609,77.45002993831555,77.05028849648993,1.0609196478468,1.0814386868801098,1.108227744903426,1.3365218554477614,1.1509565305345093,1.0043602607263367,20.000308787357163,18.37457463307276,13.383604682041259,16.614543784462988,12.336554498549797,14.826878672558824,2.9403150164858096,2.618751138501838,3.0950493853243835,2.2114273575853165,2.568634712688356,2.658151186420229
AG,0.01418753577338872,97.67143707749668,94.41531253489387,91.1330971566907,88.51078605689798,92.0475468419507,76.6347616689359,76.60021975397227,75.23651129737978,71.58108038529643,75.49483430837375,75.56735325177151,1.0728801801250851,1.0435947263228085,1.0909844106041042,1.1544705531695139,0.975205775002576,1.003392459343424,13.309500907775625,15.659558580344454,16.93806810100247,12.58484025817051,12.832507177104375,15.466798740537781,3.607843960148201,3.2853746960091783,2.455811803717689,2.1156483175980303,2.9741835867670234,2.161099468606659
AG,0.002184968937506657,99.09762684986286,92.93968759696969,88.99351176787877,92.78777818154526,85.31438060921269,76.75337371515927,77.82565720577662,74.78100578677005,70.05611691588652,75.50367720726332,73.75241043272828,1.0597948679349936,1.0499553758774411,0.9074836961730162,0.873725271659735,0.8891401914324807,0.9885154454613507,21.279237740101088,18.24179402775426,14.51801153575051,14.857496036808463,13.367385545810077,11.895887560111195,2.837678607468,2.3356364214451677,3.512939921072986,2.656041245684668,2.8841451178671704,2.8937777527117077
AG,0.007924937019216878,94.72426859181093,89.20775175521355,93.3147929887512,89.09174344351652,88.87920088227558,78.02450670975755,74.16860752998755,66.33377946228839,73.65648502777586,70.4131255618404,75.64704498793748,1.0672024709840489,1.1311897359300127,0.7827518407413422,1.3190813191178705,1.0453672979915407,1.0116672202314683,13.603015667273333,17.39890011503766,13.526635081766173,16.00447295915899,13.71116082936647,14.842609644191084,4.171611865082225,2.53738004858019,3.013479187657175,2.6757692290169843,2.9907603619301395,2.1439528194550763
AG,0.0017663531388559923,95.4382662222514,97.89842558100673,85.59984737315665,79.17303432957931,84.25678999631863,73.70168035599325,77.0515870708632,87.51849168745213,70.08246165918746,66.74479980443593,66.1961671518842,1.0773621815823764,1.0386603107772834,0.9586578669602255,1.1877553465892008,0.7072157170345126,1.0081905574007488,12.641175796538644,14.095944914342084,16.925161882610688,11.084835353482081,11.603355071389192,12.361470774976668,3.466523759289933,3.3949704586092837,3.295290888034881,3.4646233286850405,2.2654823984910717,2.789467330001642
AG,0.008789142273026858,97.72540689222289,97.66066986477998,85.44185912450203,94.12616970931187,92.86371436197891,77.00749291079298,77.56747086599717,76.69327458158398,72.51601483824861,73.66929208644724,71.74618660859844,1.0815134799101518,0.9767826393333282,1.011551952273546,1.1924891331340006,1.1561019641993897,1.0186422192360578,17.286919235889716,15.530052922311775,16.28799966883489,18.132931616915307,11.529210277220246,14.448845940113914,3.560940522351103,3.0307795440214713,3.1441282811426765,2.679946380216272,3.059950726286186,1.6359425893593134
AG,0.010508168423798812,96.0307415036884,99.88666229495688,83.9265293561842,88.18319665759662,89.17980640922329,81.2624465165931,76.576710616049,82.04624001698618,71.74238726170036,69.62807519607888,67.93367079914206,1.0577962983188092,1.0536717488262266,1.1098330320107073,1.0282857503521676,1.1004662801007912,1.0036618553674663,15.474487816914284,18.426936483804983,17.483232911978824,12.33056819205955,14.028944472153194,13.355838432557835,4.231175144758388,3.0212908193326786,2.8777344228551582,3.7330070229965164,2.725836696019524,2.1016201496560685
AG,0.003134298624982613,98.36320019651478,95.12491590561775,84.23695234797461,88.43714700697996,92.29510442327619,79.27166918594754,80.33184088285286,71.31205941877973,71.59433610665246,74.26515743530604,74.6334804074459,1.069240312899175,0.9840229217501022,1.2516138997403192,1.18140173906058,1.112763053725943,0.9999320831370458,17.18547277890225,16.0764708878979,14.299856835828347,16.224832268214413,17.565997666042286,11.583366506153453,3.1768701114767306,3.8738551546741897,2.6883485496557795,2.692732115319192,2.3995569102290504,2.1896896826088077
AG,0.011772474352866956,97.11081827733526,83.65187204542553,84.7585950606559,83.79067403718622,99.75159842037296,79.37622096435855,75.7421052630359,68.87078219127051,71.1831065373385,60.74724216298948,86.47852424648387,1.0652203435312495,1.107645877332591,0.9931605441543441,0.8954150379800722,1.1070110988277158,0.9912445480638994,23.093139367284266,20.13903702623943,15.114824293880472,11.386501696649596,12.733534622463113,11.508927691572465,3.2412929393352976,2.9317472840883814,2.7269102114149435,2.869360148885431,2.2969002141646526,2.9682760115256044
AG,0.008562328400845793,95.4916571655072,84.30873763449489,95.0055400127769,88.30136539630207,93.81027363513154,79.68116423282778,74.80019492079765,65.47492354035941,79.63458333601567,71.94426700123823,75.73602284316098,1.0784293751335543,1.0223521312345605,1.1345116038368193,0.9945623830778122,0.7337115321392721,1.010857076904318,16.33809791213747,15.530507065358321,15.852609913025766,12.951799145942699,14.917114392485995,14.980489024857386,3.5887015229364394,3.905920978455685,2.8610293930134305,1.912223667484961,2.666778231526878,2.5760751590961917
AG,0.0028591574548330464,97.24393780661816,90.50909770493693,85.2351494105885,85.08194420441404,77.36335171941275,78.7616732484985,77.74769260832508,73.23596563624886,63.14413495072201,68.23000767544418,66.1302550878801,1.078254223596551,1.039315747754748,1.052801328406038,1.1142705755232758,1.2189711388694393,0.9984600941672557,22.123562898841577,16.981398997852544,18.145908732133183,13.893722641598126,15.377086262915427,12.224511276596562,2.643930205842424,2.716721107069535,2.6201340437290974,2.85210274471478,2.5138698453642814,2.9878528685779546
AG,0.0027109925580312074,97.38040550789883,85.52225864710344,97.46327764324953,91.72548334018104,89.1366083828733,76.11853880344357,78.00241762918488,72.945053710943,83.78932312678499,74.26463748053287,76.48809031675992,1.067099578351403,1.005497091463673,1.0138058600491724,1.198497188944538,1.2094163941627727,0.9861497662484733,21.675061237657168,15.43865255056092,14.38214593675145,12.439627421376594,11.524614576466037,12.287979147308068,3.4067963841442364,3.269575413784943,3.1088313043231173,3.290405194441355,2.638523944932583,2.5420485782721904
AG,0.02652185223497098,97.70346445922036,94.43762504583644,85.16232140328759,96.46909560546374,97.27556710499728,83.25847509997747,80.56945062276162,74.96548445709539,72.64604722514083,77.8351741962876,76.7268045843212,1.0642743493176663,1.0424815386122328,0.9882800743742534,1.0923548252680233,0.9868294270872726,0.9906525215695414,19.49753624763386,18.808499071036586,14.996062288754526,10.809712024061142,15.280797993716616,11.143050057033495,3.028088247737693,2.9830531167954817,2.9146721120470698,2.651082767884323,2.2564618698135797,2.972092274655232
AG,0.0023767481543992552,97.08485117369932,89.24465101472884,77.28434405781951,91.69805459240902,99.38279325953013,74.95515406771365,76.8999431666429,72.42083399362848,63.92814099348843,75.61335400960454,83.54132911286935,1.0835288316262117,1.1093243187043051,0.9109974098868576,1.1644132748735658,1.0378109428961142,0.9997239497041799,22.606412406291444,13.672007811365756,14.506293207955004,12.659607193163867,15.509658840738055,13.282695314485272,3.104147012028681,3.179312382835213,3.341788112719132,2.487962877267211,2.0895234819055237,2.354891113876471
AG,0.001981696833704014,96.35406413003963,93.8029886335776,91.5241509503364,90.6980411904375,88.37568326080414,73.25709711694928,77.34646903153595,77.37980631699367,74.24246299208652,73.83391228199791,69.94771303230169,1.0864963246754005,1.014519795228191,1.095053597837041,0.9746276097862769,1.0756249827310582,1.0079581104528543,19.132906235808093,16.84220384496669,12.228742222594498,9.941605178452981,13.553979570375663,13.545335325763448,2.8994146552198363,3.41816750163635,3.1079941120408083,4.234481156503932,2.5874158934492537,2.2106545566654923
AG,0.0012118891547591396,97.71951736857305,98.67424305966,78.71956362856928,89.37288842024606,79.14781918783282,72.60173945564254,78.24591824310546,78.60395214700782,65.89442109380155,69.06451942595872,63.90341831015573,1.0642691104339683,1.015522962194867,1.0811109365292497,1.057107539393746,1.0747978054663854,1.0003668308676268,15.576827346251271,15.714464476408146,15.405502574367373,11.145992327635438,14.107427796697044,12.56524935660957,3.287177932904984,2.8809075116805882,3.189098841358804,3.369844407007905,1.7280759044941705,2.782445685315922
AG,0.007986459616958768,98.03205898302171,95.39133406705002,96.85864717769245,85.4625872983505,89.75895199130112,79.82133291429494,81.29477559498422,81.20319500355112,79.01833349165976,73.01665661216042,70.8247334945549,1.0631278476157082,1.0281726173779289,1.0064161781037662,0.9643553378300291,0.6346234810105713,1.0021098132504505,15.319236079014427,15.605496549007825,17.356811682965198,14.803224544404022,11.134306441770825,13.07065637422485,2.5237031763061126,3.355015574244582,3.2159419285476685,1.9508808947381584,3.2981222463187727,2.5345137965715874
AG,0.004335544440716813,97.63013733718591,95.34486234973312,97.9120904864792,81.73952218419143,86.05845105310077,78.69431101097018,78.25321272540364,81.33613114137773,78.25312941804981,69.12068424672994,68.80265087491433,1.0739288651583785,1.1067481847973246,1.2175366141868442,0.8394815546847314,0.9894168520340413,1.0059099694202562,18.456848214187296,21.20448387849632,14.941245915613527,15.406868386610443,10.606029170731203,13.511907386619969,3.9856048023719075,3.1670751313988332,2.9086730137575203,2.67867383778113,2.175302670545897,2.634451123509791
AG,7.489937291330446e-06,97.45033285530455,96.66076780719703,90.60415909378217,83.29815886801003,95.58741945048492,71.83213891074082,74.77006523177077,76.31911997651687,68.9115146599845,76.361109594556,83.88577275896958,1.0844556797522662,0.9600427117754611,1.098512415008564,1.0774431849751112,1.041386182511711,1.0103322962863583,23.502308889056916,15.304617920540416,12.78129015884862,13.646821393808597,15.01337757794079,13.72769803076771,2.1374410575827927,3.385536153834804,3.640934019039344,3.140942531584571,3.1658076264696415,2.4190534718245567
AG,0.0059242134291391255,96.57281832048277,84.79731184066699,74.3928591934641,86.47895194465366,86.0560930788185,75.70638676195647,77.61151578821146,71.38322132380446,61.28724897194611,73.93275801284233,71.4682406632031,1.0678949836966787,1.0195285522816726,0.890554645524271,0.7578359682492926,0.974043065479403,1.0025754764465138,11.880387971168995,17.21443204064948,11.698249343122415,10.429107185537799,15.279082535216972,13.468718925029435,4.305116624541638,3.371821055085456,2.8383948566577235,3.6695241102435006,2.631731690127108,2.292434142718328
AG,0.00819973181777456,98.27511196692242,91.93620575158903,96.57650530069776,81.47259676045331,87.4972601915878,79.6061682641446,78.15301352339085,77.4109454999474,78.91084212378131,64.7898278468998,73.8589323079953,1.0773467830219683,1.1567203047717938,0.9627508727362852,1.057376039404194,1.1481964792790245,0.9796024792966558,17.827710418986367,15.494809785961175,17.806633295768023,14.608478765411713,15.278829196015446,15.040336395582539,3.924693782199725,3.1139325271645117,3.098972016512198,2.796194880315426,2.2978084547644277,2.2725526717154234
AG,0.0019862929920189732,96.52290261057847,78.63315402019356,87.73034648341907,86.7673192728796,82.53213805182223,74.35866563324049,75.81887058330359,67.87146186323027,75.0025916688483,69.21918061402563,71.80782355882437,1.0906106420932198,0.9290660317373713,1.0236780581314044,1.0772805000029095,0.8073701319578327,0.9997229587911576,16.591538840925043,17.644070256878376,16.543758659983943,13.500339283792222,13.053460110133065,10.50205662847294,3.8287118584159723,2.6988055863079357,2.513263344119893,2.9104260238267545,1.224084292185716,2.5260660745413572
AG,0.0006629915298816376,98.61164164726348,97.49738468676219,81.19986071038952,81.1843692429875,93.92757085734664,76.6891082020107,80.22827257794592,75.55541956650664,64.25589361003586,64.56985651924963,74.08441183108923,1.0679077096679046,1.0187497824128295,1.195238893820293,1.007736248313349,0.8476905850773231,0.9939555233005758,15.921442638877439,16.655552409785006,14.351780709276236,14.84699838898809,12.759094701899011,13.26370984255855,3.2433480235110554,3.28611793212375,3.648370968171361,3.8622413553620203,2.4983301585214304,2.636755933410289
AG,0.005718896605085129,97.18960356715077,92.98598442335404,87.88860886410868,93.31971708656306,87.93326179026397,79.25838831730765,77.25689347565559,74.21955025081371,77.54633464994312,75.321356245367,65.63705641165066,1.0666735082738934,1.0613340389319386,1.057099704944171,0.6907517065117397,1.2097340351086987,0.9971765261015179,17.57473240842824,15.649951050408994,14.051210612846006,15.544128992556775,16.533836386440214,12.256775223028546,3.4842853870721164,3.9324584750088927,3.38473041834366,2.947405423299942,2.8846291035277907,2.3268813890497744
AG,0.00017194573879467508,95.85581512303345,94.34861887058851,79.31620420915173,93.25465366779373,76.81454755357673,73.75298708356549,75.8406026493592,82.23338130564636,68.7094173484588,80.62356957661297,63.17457379541432,1.070818453084897,1.0401667729204238,1.2066863351001385,1.2371633996019706,0.7236673425698723,1.009429116191521,10.249060098373171,12.858511533383641,14.637339761287322,15.801010436871074,16.351547957502554,12.562511952216779,4.379267946190291,3.6990781102836214,3.214630276150584,2.798059486195846,2.8408688161650177,2.0073339392404743
AG,0.007307149388453245,98.23568565333304,91.1930620963809,93.43349776969498,85.93195536095256,94.46262040100967,76.72082415333895,79.94013232107251,75.7049492713688,73.63799921022454,71.09539186662498,75.59846163179856,1.0814507469653503,1.0553801867959187,1.0591952914283291,1.2241247551989967,0.9367756552369367,0.9795094091197644,16.69128924547649,18.72326043244335,13.250670335158231,14.296656907944248,13.786383964011138,11.824333188970753,3.605546367443178,3.026611009673527,3.377073534795949,2.7081469078400673,3.093371602609584,2.532713579993106
AG,0.005907695552650526,95.26614520120434,95.39069407499356,96.88378986646757,89.3968690235324,81.47526704692189,77.6411285490432,75.22484646840174,74.58265228291646,76.98441810358351,69.72887133172361,68.29665392442612,1.0847581874985939,1.0472599626525043,1.4080537086267957,1.0155410375512806,1.0209509541599369,1.0000430810931855,19.395643130158966,17.937839117871032,14.70577591728898,10.744432518790417,16.36818763903922,11.589829740503596,3.140508096088047,2.943060902868219,3.0260483618890386,3.0584007372666155,0.8458899300893841,2.5431292811251143
AG,0.007636104390300856,95.42943164200445,92.61300090121814,97.57426961916096,90.28535448781379,96.07708551340454,80.59375919816108,75.34811214565606,73.89725519227466,75.53893655501702,74.65951670178903,73.03610103416895,1.0818438061381612,0.9913808363797156,1.2098871532937032,0.8305094639066679,1.001044615978533,0.9967582627574383,20.201219720976457,17.874731191270836,16.224737943651796,16.40739358813736,16.909528184325954,13.97872088213689,2.8101555597021597,3.4080362160246995,2.7908890463750984,2.9940753938453417,2.459065771117555,2.2622779321184576
AG,0.0005231478572329579,97.9034907484079,89.88731804835354,84.83521941782044,85.31168594500055,83.31381246025154,76.58980977577833,81.70766313408515,65.67536243158199,71.57716704154254,71.57053043971733,67.50442666607269,1.0689105570281034,0.9642940279516123,0.8866796359609865,1.2670594184279764,0.7726350365933494,0.9929426682952982,19.12062423342443,14.034143680355951,17.23281422161836,13.195516890944452,11.797009448333007,13.975440576715561,2.1533704648040253,3.6024199272289943,3.0305930887230974,2.3273369555399945,3.3905202474848934,2.720959337331446
AG,0.0030176693441880892,97.4439168954305,89.08730481117628,94.0983372472767,86.70281311356244,89.81680736354467,75.98423524153317,80.79888930430917,70.8627705695809,76.46202658997224,62.962252961962065,74.6962601180192,1.067088307492382,1.0384154508890784,0.8000442181000657,0.7522626006861184,0.7834097449207315,1.009507035049946,12.55615268018433,15.131408809566585,13.922899193206513,13.330514641724038,13.816792917942845,14.947005920259873,3.5696282507027814,3.1801708434104596,3.0050290210749986,2.562052081605354,1.8644022422386461,2.0442226381751043
AG,0.006866879066233832,94.48580849634239,91.35598167969485,75.75048910508535,85.86144826607574,92.86114068135792,80.29008615301859,70.41399508756079,72.82602431206087,65.47032238057075,69.06840559892979,69.33291107177251,1.0711555009643872,1.081027904560629,1.0336473728578912,1.0976441952515152,0.9774619541641748,0.9991422699516839,14.290890699593819,17.129282262300944,16.53055652486223,12.282204980320808,14.115164562723496,11.790499388581505,3.218753108723668,3.0796960041180887,3.636993265150446,3.3586786181473802,1.8392734395049455,2.7503265574880977
AG,0.014206400272612513,97.96570753986775,94.57042308490972,95.69921630306433,89.61212198569217,83.42241260190409,80.74230882291964,79.54399134091196,80.98274103105129,79.04746116759911,72.56442676492931,65.47730734273688,1.0674910275037377,1.0904405271579312,0.83157366061298,0.9047154908850744,0.849841721991195,1.0034568207890175,21.49477111924779,18.831290257331233,14.727258450709792,12.893101914862845,11.856890911364374,13.030991364157044,3.830656569486889,3.5924166996276283,3.2593717837188514,2.601319864712932,3.144298278392381,1.7622640897767652
AG,0.003775379437835497,97.68664797766503,87.83099584072188,95.52070147019292,86.68322952592624,90.66223506383956,76.06921825477072,79.68114158351085,73.93736376870507,80.21767822057801,70.15834250654123,73.39630886970708,1.0671108066769919,1.0431075256344993,0.9631528248543824,1.1173878729504456,0.7749227568495147,0.9921539504883256,16.395294771879108,13.62360962222951,13.511597296061922,12.598985865089004,11.843748686637841,13.330231939587678,3.0661611097711283,3.0767298740357876,2.913097899554336,2.5801385029268387,2.458751068649687,2.395858005937688
AG,0.004447200564256717,98.95253468621375,96.32412595635574,92.85298366930026,93.79684840604132,91.80003111130077,75.82197977647496,78.60440998230196,80.66410804363115,74.00305930159466,75.79685684241319,75.13655154991888,1.0846258838384604,1.122134814558464,1.012001489045444,0.7882619461614292,1.1109473313216485,1.0072880440895633,20.085860680212082,19.686569737052757,17.544052194849378,13.140504319814337,11.275023750641031,11.574245391684542,4.33791965395778,3.3982606948381116,3.031565148287448,2.4912889194089303,2.8599606830171624,2.577675303208652
AG,0.005018945417680632,94.71978835093879,93.49589804860882,96.39613909559276,88.25455819610626,85.52960796813029,78.12782741574807,76.41010231330334,75.12896844095104,75.88113409831546,69.9405348205039,70.45744762811363,1.0684761414851542,1.0198716435554815,1.0783204014449639,0.9377697891232828,0.915764299150483,0.9903504367004593,20.626633636920396,15.624530100284595,16.081090087302144,15.021305059845313,13.76788402329342,14.2520623728546,3.6764372578197877,3.3009983855619254,2.302407563357452,1.7378640708124578,2.907590731145006,2.7793411677720097
AG,0.0027856391182181266,95.64354927898412,88.3067654528631,90.36248929097579,98.68920956757495,76.87199659833907,78.57574407932466,77.94293499190049,74.2396719723391,77.00647188910195,80.95537333472559,63.75738516533635,1.0912585811422124,0.9715770375082219,1.264862125987983,1.0498442880836647,1.2414018174130734,0.9944290013712943,21.01406355110867,16.49212113998163,14.400832804378732,17.83522594456676,13.729835253678909,8.858051805412284,2.168378420903101,3.565570530106072,3.1231081540174976,3.283247416575896,2.741921421727051,2.8949758606549105
AG,0.008521104317921694,95.45740763638825,88.76890830308518,83.61353498205385,92.32838494494597,94.75615617620825,78.38095461797587,72.98921126209511,69.85215274142344,68.63541289402202,73.04766827907991,72.80434308328388,1.0687785606149334,0.9611716703407115,1.0006730056037807,0.8924259187708906,1.2256516326864568,1.0071735837453815,14.261660462272022,13.553286884627202,13.71770495345993,13.929545120026091,12.498759485354613,12.843303289458175,3.0972415876930275,4.261600638397524,3.8449450063372437,3.163049056881712,2.958736974146635,2.8404391943943956
AG,0.0031972980978393216,98.81619788433233,96.34047745077717,94.31630811297524,85.69143165793294,92.89913403286911,75.98920807254822,80.5625560179088,71.40415042426352,75.63424941019846,78.08031046669157,73.54231554025075,1.0621297885746979,1.0165535903876144,0.97220294829411,1.1435711190632079,0.8052463478073415,0.9846788720319698,20.124289307306476,17.230324159195913,16.011387853455723,12.322708821289853,10.653078800724446,12.941616196943217,3.1848370371967,3.218274892218385,2.8784713930325285,3.771544491353781,3.168747854565312,2.139855801427015
AG,0.008752890561444264,97.58994661449083,83.53724820795372,94.43707498117433,92.86402984313195,88.52961636606788,78.84907978614528,77.67291441624592,64.48892867130637,71.3011888544355,76.19290356798341,72.9698086324404,1.0543772256645259,1.1196459628099602,1.0771530590152276,0.7536448369045224,1.1021189149266373,1.0183843325020658,18.002267890418803,18.060537507426922,15.119968920438236,15.63668985454647,12.072320460335058,13.237577741723351,4.458841396261029,2.993715023385382,3.11564874953778,2.0888244322861396,2.1377284259802725,2.242962209521425
AG,0.0063732798349515445,98.07813192475489,93.07041228327952,80.5714415914598,89.38610657432504,89.3247585110407,78.48601940163397,79.10703321342685,77.88114382517023,64.25449015322869,72.61962757952892,71.42765453924926,1.064315489095677,1.1030448018625494,1.1281224995011576,1.0891292049004564,1.2261789812459185,0.9942743979133679,23.870408564434193,15.250568467319743,16.810505454903897,15.387437948587307,12.969456499076363,12.417080379773784,3.646725342301329,3.121265111661208,3.4090795204310993,2.921878833832875,2.4759963067771618,2.5733632574463825
AG,0.006902177863076297,98.8728924115499,98.85451538696859,87.17995329498694,79.52331908792226,85.45046662478143,77.08165083884731,78.93737888476834,84.75307846084397,72.09265796056525,62.90044211767419,71.87610507741044,1.0635688118526228,1.0010655604958167,1.109620856369003,0.841373175999123,0.7458974026574101,1.0135578182651757,15.980759576313668,15.58826922509854,17.346351581658215,12.446622252911121,11.516510805127151,11.071605165352116,3.7372918726478357,3.2144098349501102,2.741206028703143,2.278707490405667,3.658814185020773,2.5674123663966175
AG,0.02212302737386173,96.2800479524223,96.03047790161828,79.68096240249369,94.27902336718928,81.53119602510516,83.24914450734104,74.84096108724533,73.9188312199736,62.425842601943835,78.36947688123453,63.8078839011453,1.087647147580612,1.0692253573506219,0.9085529522159995,1.1367255644349954,1.0467696916370635,1.0137664139758118,19.061062282632733,15.125478889819428,14.534883181882796,14.938079399380065,13.263980784589616,13.748842642239492,4.095539959568328,3.291325878682237,3.1061575991199457,2.4468816231126826,1.932480391950973,2.1682964711309083
AG,0.0021768590592976976,97.781508832213,94.02575259490281,95.1278003987159,86.34916302579867,89.17258781409632,74.84505742626571,78.03000781855395,78.74373668656831,80.71609141831243,66.62906602512797,71.60090513537313,1.0549130501510866,1.0629663374875444,0.9626803556832897,1.0732988895487243,1.1766279517450706,0.9982163649961439,19.836432065344134,16.16436279565812,16.790441544418,13.761629012813735,13.094884706743175,13.917571093706522,2.5880174072746316,2.653366258294097,2.775314837742504,2.06009059934286,2.9478954769866923,2.014766608528775
AG,0.007828247611263163,96.3786357817066,89.45344795277416,85.58774725552081,88.83110160956856,88.98525532895114,79.91418143447517,74.20863940972444,77.11228787928069,65.66835654796445,72.8846611317247,70.39098396321333,1.0776896423467914,1.0529800636954747,1.0190406283424973,1.4460505931889125,1.2903434711508208,1.0134901520607011,20.49012311217713,15.478621975144357,15.698209699224117,12.794103977633416,15.230538103265555,12.774021243212927,3.0950620641288507,3.8845431236694057,2.8156894763391653,2.9316670263584395,2.3124279260994482,2.401323943483488
AG,0.025406702725259786,95.90048537161654,92.00677238581588,83.3890747526547,98.50311438756553,78.38635011291069,83.71311768370565,75.47372514925881,78.05310843987634,68.06588953385173,76.90752660804502,63.43358566955034,1.0739625595593387,1.054842348220161,1.1104962645463246,1.0170288416677764,1.2738047024376333,0.986834189723085,14.525708724974422,19.563513883403,13.015842092874935,11.883979924492,15.319301161473287,12.285721907354505,2.9318782386005644,3.3470844185412547,3.983753181335598,3.349836872646248,2.3363310216778923,3.003447748751519
AG,0.013067690495183002,97.91066825234284,83.15366481193699,86.44439405862428,89.4243157218347,85.28570983243053,79.88973174854932,79.4736326541493,69.22069204788546,71.64003662693624,75.31799175158042,70.43441804075151,1.0608991148703073,1.0688076335794512,1.157285310655477,1.1060542636783852,0.7000961306633476,1.0028940150203258,17.590381099973154,14.073066642460615,12.58496524879661,15.205519539108531,13.867019416762156,12.155284061545476,3.972959543253769,3.5153870729285748,3.6314795954039907,1.9408508494551686,3.1135695142847393,2.2148834985635606
AG,0.006795377555259535,99.98628255805414,91.15258656596394,90.56787603693076,83.15520082669862,88.99341288628112,77.78534288983487,84.15296958166404,72.08233703461437,72.18251019872987,65.71535806543436,74.1333521350598,1.0675385594850142,1.0816203572803047,1.0951051778104381,0.9144116580428057,0.7772291199965791,0.9968760501883805,21.207379144647152,15.31914655069006,15.602705868057514,13.863900245977216,13.621538371734484,15.697249882722184,3.106599879103673,3.725310708384124,2.9224151558490066,1.9633576697113324,2.342381474016409,2.255589578272432
AG,0.017165174265510112,96.91499227358268,79.28117029710943,95.22799900581616,86.22699810407572,94.83652902715053,80.79241275761717,79.3692629597488,69.26112862824579,84.78459075516487,76.41689959969624,77.44016792978056,1.0643790858225628,1.0277292462046759,1.050698834448115,0.8214431466489154,1.2092556754235189,1.0021865004601,16.51812462221411,17.481355148566767,16.750175959473875,12.148029583733273,12.066589025342052,12.009213525019156,3.8413487753476745,4.04639146115413,3.5105298542093673,3.5675304311345553,2.5041588090970346,2.3741961505799787
AG,0.006396132303691534,95.613563456622,91.93603015281491,94.59916703663106,87.40646551924348,99.3329420535297,79.38215765058865,74.74557662156677,74.47937688113976,78.44462853430163,69.87567026781079,78.30315954969984,1.0695366545121692,1.052742890010677,0.9229693949770865,0.926019432848825,1.1328316846964184,1.0115358175741567,17.730271368530353,18.56289170852242,12.068075585552874,16.3846746425613,14.54773178298435,11.668000281735608,3.489482946332749,3.760908107512932,3.2412309474479697,2.1751087150408406,2.2333007237696423,1.9814726024358738
AG,0.004904077993515228,98.1437326430518,98.37530739335507,92.75388804790725,85.97417354409318,81.24773409540315,77.43734242187212,76.67204682374133,81.53781729305639,72.41813974768282,68.82956200293205,73.01345137003727,1.071231422286235,1.1564268147894698,0.8666682291626049,0.9506549334859244,0.9597517533728033,0.988220801029773,22.286996614768587,15.676356611334542,15.088187727514692,13.870850813245598,11.599108504612575,11.888546263212518,3.1327719569068413,3.6057465169135914,3.34464969673724,3.4036396760389938,3.0180423886523555,1.8446635081896612
AG,0.001923284490133128,97.24207090321654,91.57928669491464,89.06099555544715,87.85601906670477,78.1436661654585,76.2382935527974,75.94115798928956,75.64607627937644,75.55270224142919,71.77161666680684,67.82613170848822,1.0674990433422762,1.1073731638787332,1.0401772501919093,0.6880854423622529,0.9896921213088967,1.0050089692379496,21.62213155416863,16.273788139737043,16.732971058670607,11.089408920787154,12.912562331151625,15.083851539388942,2.659968271797379,2.982846284199057,2.78656344468412,4.123418774449192,2.8349994111065726,2.2461139881648213
AG,0.006569786760904495,97.27882213421171,88.21922962911967,99.28197544195336,91.29009994280692,76.3370098021772,78.43480034475114,75.68573271316214,78.94680609325721,83.6191258454626,67.25831940183406,66.27798409148782,1.0769453506864426,1.1136197908346315,0.9271810637010707,1.1296385275836995,1.0752044054022205,0.9784475196703086,22.999807964808085,18.4902954807976,12.696882282250172,16.995818279672672,13.07527533764293,15.168453893704783,2.6536597103481223,2.538135480076939,3.137831276815573,2.7183469810896077,2.6005741848501187,2.173002695387775
AG,0.01564445825381374,96.11287405650754,92.49529694418248,99.74735221470536,86.07290688356764,87.11020463472795,83.42548556647044,74.78433637198995,74.78723424083901,83.35710182739835,69.7707462877144,71.38105083157794,1.0789603614829337,1.0575633462150158,1.0979193385322599,0.6656118737251411,1.1769518314273597,0.9917886411917247,21.906278735049646,13.021045812322969,14.468366081042339,15.847244998603534,12.187259310664313,14.82760194955516,2.4558999310902756,3.837539301900266,2.8312432422310554,2.695657425927728,2.8675744811952955,2.3000746416352706
AG,0.00428378369002395,99.32924097080331,88.22567811015762,85.48054427415329,97.70611194926359,88.9264527965563,77.16197813688055,83.37048260349539,70.94942346089339,76.49542035273322,81.31121377667033,73.96276892604065,1.071803680510648,1.0359086797320387,0.9942707752720982,1.126857634689905,1.0158031341423754,0.9919871076746086,14.696560428590164,17.21439206956303,13.387231471416708,11.002172602162807,11.258037464235791,13.07264973936964,3.2163304947283784,3.2466614053351504,3.395743134166211,3.091008249161705,3.2398232190100305,2.1007963796909475
AG,0.015431891049586135,98.33322754704649,98.17800457031177,89.03555004386322,84.69988683941784,88.24735393592282,80.66161463759445,78.81753502954533,80.38355669902153,72.52580448924638,68.55256803150056,74.68971264343114,1.0697375528787683,1.0732108423963644,0.7938884942786805,0.7375251181204656,1.0358866850482475,1.0014781138675573,15.406652909611097,16.677029027520256,13.71572166808067,9.499580543245855,14.21699940678845,14.070914032256747,3.346315881711647,3.1571530050237815,3.030572314412534,3.9697101996028925,3.1718127754212797,2.4218689356128915
AG,0.007421735530874301,98.64177211961467,96.66141968075979,93.8107494609163,87.88752911771279,83.00554919880568,75.64550163061281,77.52321662193526,81.29706912406772,71.89547478433315,76.00980856288179,60.962364714467114,1.0796045283206657,1.0347164144483938,1.1916780983021462,1.441376076522392,0.922758453694138,1.002934027190541,19.808985297422808,16.791902572187908,13.938892274711767,12.860528517748962,14.549768116159782,11.947726672467816,3.6382795302998763,3.763873122051735,3.3001446865006625,2.473408866356067,3.563085873692456,2.6047235496148646
AG,0.014185607804033017,97.3259852134556,95.30617138330584,83.5522874637356,92.54685401797586,79.31122265239405,82.29334751856973,74.92519411777548,80.18985474759776,74.77419178341732,76.62527267655777,69.65102121052891,1.065782124330551,1.15040717860701,1.1005355572404343,1.289282818361245,0.9396382512738843,0.9866811135619209,22.4627597447748,18.793659145106428,17.27691509934069,12.563814528176769,11.864330548632351,12.91284169316264,1.9707004623881117,2.493020654265719,2.5712794810896185,2.7733373132664685,2.948525142240638,2.7138755286136913
AG,0.004421646623480905,99.78822273239147,94.91035807133369,85.49530666378517,88.5295892507875,94.91199542459943,77.0528067524142,83.11488300937047,77.62479673430389,70.29211177612692,70.98873651305281,75.62592754024342,1.0713387028702295,1.068031435766359,1.0659692841747244,1.177064842206867,0.8859478420591165,1.007243562073276,15.98121996412366,15.334269155284433,14.08655572354786,15.486393532594015,12.172579970545597,13.138661815947588,2.562469523900876,3.2136758734320803,3.7915997309603324,2.5569202407866056,2.9837314797688324,2.7418504068373193
AG,0.003416345900390154,97.7903810554907,98.9467775056702,83.2880442514525,87.71560206128696,82.94007687442299,77.04025239394527,79.39602449571831,78.33562714294884,68.17451697222131,74.43388506929765,70.56986573355326,1.068312275510286,0.9717414835887656,0.8943359352389658,1.2699091422247846,0.9215239341741228,1.000546467069572,19.187709682280996,14.335232300490127,15.862295454201972,16.438801609214913,12.609592602164108,13.420693565195261,3.4738508284750798,3.883275287093339,2.7677535087169147,3.645560939763004,1.4473589224445105,2.6735004239365785
AG,0.008866940873677504,97.53941617242572,91.48951627092748,88.97958615498179,93.84060141170096,89.03062651583762,81.06248041237953,78.03014033327608,73.58793905756123,73.95880409553864,75.65551991221476,75.65692479916176,1.0728020826900284,1.069434342467435,0.9723191487891276,1.1771661293229247,0.9403632208425401,0.9891673809940177,13.932012602150133,15.800807272136767,14.908766072667458,14.993754716170256,15.847814980532437,12.163402747570473,3.6190981656220718,4.079724487691179,3.7039802912686803,3.606175296444544,1.9375130069210025,2.527238083263919
AG,0.0025395903860102797,93.83457978992706,86.11453718242024,81.09691567297571,88.8911646812589,88.59733916484602,74.2917906840902,74.06632197526875,76.21468475675645,71.05780834995214,74.21672984844179,70.07411055438759,1.0658819897895437,1.0670626935615612,0.9322102590986598,0.8603681949346651,0.9802957678666296,1.0003030587944264,17.482862928763215,18.531680062533297,16.672170624193782,13.381660181599928,10.405919077362157,13.688979352510746,3.732016481485248,2.5814003764983937,2.268275378641225,1.8793340137981973,2.51709479568401,2.8259617277953546
AG,0.005837495788304426,97.15049894389492,96.92730058666952,94.86919657029944,87.31330015890856,89.16423802490138,75.58798932900943,75.36056056939137,73.70555800088292,74.80133253946116,73.93929787632361,66.31342701481947,1.0618351628601876,1.016635732435103,0.9465681806146469,0.9607337264748337,0.8273763068143309,1.000666176844762,16.6467896211559,19.69342359875732,14.737356397272185,14.250489876995927,14.063017325796956,11.683564041055044,2.9946628244630005,2.9093568533980947,2.5738210038505693,2.6577647224041505,2.1176378109187985,2.3059442950951348
AG,0.009336913621885098,99.33454163037152,90.86955279543123,95.66650578310937,90.83032128012589,89.50418391318344,78.5014223644209,79.21266625035132,80.6575401484674,76.89314229773757,76.94664790264822,83.17932217414172,1.0745802179662616,0.9781788933905662,0.9075617382264112,1.063770617439596,0.9263257737499501,0.9793418509802492,16.082605043689156,14.104522111540039,12.963547703598824,11.537104782295673,11.804602629281991,11.735821111149862,3.4189657710054324,4.01701682321832,3.581794370113834,3.1785365175837863,3.2131691722681985,2.107852950043942
AG,0.016102101123143645,97.10805173339249,92.84501505422874,85.79978434420386,90.31216524377821,82.44959539081675,82.34361576780053,78.15232216622006,76.83109841964539,75.24726009723946,75.26781814943746,57.82686086635938,1.074899057994508,1.0314400066964016,1.1543763782645429,0.944302247932286,0.9771545839503348,0.9984014559877638,23.594555481522363,15.986752823458108,18.037985981672737,14.971148673548724,13.7409109380983,11.855130948741838,2.723355826575526,2.8363579763460285,3.0440565384158007,2.7308760040649362,3.240286067668209,2.522376126878015
AG,0.0016475012585023682,90.79985429181873,94.41728855950939,98.33664485673684,89.90100752361396,92.42329912484124,75.9762588628804,71.14818262642716,78.7149653650513,77.75335594179508,74.31744090394405,75.33927787819506,1.0658082012090668,1.0430870036986857,1.0467775160175112,1.0357448564443055,1.3174167640855876,1.0252581905849951,17.88951317702986,17.842200787477477,13.859497283257848,15.485330845022911,17.030511297584578,14.425289042099843,3.729598431248388,3.814238679372262,2.8992205133058575,2.1050773079185845,2.1541158092930814,2.5399010917245253
AG,0.021204969707382903,99.31463485322156,82.98843302808501,92.2974928798171,85.87386635073145,81.79626206743583,81.54964312896786,80.2708623408956,59.956265095317846,78.74312701905785,62.48531947089738,67.88648196998129,1.077636627791098,1.0627396494015617,1.1181130091052578,0.8865419302403612,1.0815854309039232,1.010852772930792,16.756674865637308,20.034301569017185,14.735649594666185,12.070550626923932,14.845817989056957,14.232086562417777,3.453718411424152,2.964298786855326,2.8924791654388815,3.753032972432398,1.983396416960947,2.113481035876519
AG,0.003983191028305191,97.33397589833447,94.91766665220817,85.90859556551668,95.69607004345146,93.34326726003748,76.22415265909693,76.69812708481501,77.99662363828416,71.62879246880588,77.99956424117003,78.21484630087619,1.0762277699525593,1.0689986514674457,0.9174755559898231,1.0829904292000843,1.246443120119898,1.0079406781868694,19.442435661580056,15.90417323504286,11.66177765386406,13.979398358456422,15.518377452917063,13.049213917889048,3.285494565594072,3.249941773316106,3.0412670641755417,2.4207807446248193,2.673390809802431,2.6981655136975897
AG,0.022320523908023616,97.68742581471037,98.719643675781,90.02942047467087,88.1895055415811,84.40670364609096,81.34395713020864,78.914516763422,86.85257416065998,70.86008229113577,75.31236461607742,64.34708657361261,1.0526716343642981,1.0907684652086698,1.0667055508622807,1.0598968618523388,1.0846909716228128,1.0005657361555098,14.775186000022353,16.527872401541803,13.145917120637758,10.97607348721058,16.04089961027165,12.81544424983894,3.817095169133799,2.6986877934179208,3.9477412326267713,3.1157083349246504,1.684819002847339,2.324202722187364
AG,0.0026233213289184663,98.08022468435539,90.71402788266722,80.32081964331472,87.41387002948592,91.19515231348791,76.86792863597346,76.41440748446088,68.63182667207647,67.64008949581229,70.94453995016559,72.60521568906837,1.0701022980555097,1.0403022798180805,1.0459533075811125,0.8169850993351193,1.1383109551589874,1.015261849069976,17.189435568385264,13.066263463693828,13.591005865313686,15.88480565862648,10.995259326375146,13.943357966281896,3.045773559105976,3.8848188993259667,2.977078968163117,2.7804780177729618,3.4508421655359003,2.417889098248776
AG,0.002987908138721423,96.87182553997528,99.63791719159903,92.03993069590597,92.91520249659114,88.86258126433678,77.311587608941,73.19707206263784,83.30712160370554,68.96298894319682,78.86060962975188,69.96347174458677,1.050024134143,1.0249141227679548,1.0025664508499093,0.8988107878217507,1.1514232416458356,1.0050396789051088,16.798892805094095,14.221224524807706,13.521881723426848,11.765497273487723,11.418223556291778,15.346446780994357,3.6784453058016413,3.4144272893223007,2.643319357895285,3.7676001812103657,1.755219740697055,2.1768713407899516
AG,0.006124532355269586,94.72766784961695,90.3263209428339,89.3996370530788,89.2758969008605,88.84644804721185,76.91398003995006,72.92392265234137,74.1156915997579,71.41483415583842,77.61433830112813,71.36712501829851,1.0630534646800718,1.00129981505662,1.0162172486819752,1.046897377533561,0.9905627706246503,0.9956129140902518,18.699501386571647,16.261678977000408,14.660739869112767,18.09321369766268,13.204632358151551,15.06696244722836,3.9583780480033104,3.978766361987478,3.2530316312815395,3.0425153329003294,2.9442508470532447,2.573015132574043
AG,0.005277671582980345,97.25900424749894,97.83771643270887,97.80207983645663,88.28913908746536,82.83712209018427,77.79921759819155,75.24522604306533,84.02713165747838,77.57342905272684,77.11157070708181,69.98782745108034,1.0622279193923965,1.0323712618687073,0.9986093559652569,0.9540683244670732,0.7291159672194436,0.9878285698683339,14.367798816334009,17.645115208678803,15.887980831994486,13.754353088947461,11.558971582971369,12.252696339962263,3.252606563680738,2.939741847344631,3.0165936416816086,3.4978460250403174,2.871887312201697,2.583338760839665
AG,0.006157056848387866,95.17670318911755,94.46605718165698,85.19152389605307,84.50385088756728,87.5679338908033,79.22006948276047,71.50530880239761,71.62959443895197,65.69367332838947,71.31847475099592,75.23123726375393,1.0760973518481198,1.0181418965059366,0.9354670044430365,0.8507703093629818,1.1739891937237887,1.0019276342526917,17.39333706166048,16.7082468507164,15.930454484853488,12.609609500780216,14.556506589855228,14.722344998858208,2.7778420452173673,3.8985020151474257,3.1241286127655012,2.68581754558837,3.1080337460867593,2.2398869438640783
AG,0.00999923055353424,97.57080846762292,94.6865699318485,90.52260145802603,85.92382977614204,87.81237442916982,77.65700287567324,74.83325813290486,80.9256222072346,71.60103448169183,75.63466230251169,75.8406292784343,1.0561921128086147,1.0940307021314837,1.1551590264604132,0.9743460636258765,1.0234965687574955,0.997701173598447,16.848524562795497,15.45252346900292,12.761559421593837,14.728910997079026,13.805625653198097,13.080225156128783,2.692452778413036,3.096940645617983,3.8684875997705803,2.686188618366132,2.8625608008646877,2.276449336207732
AG,0.007221881797982333,95.5531215007833,86.7091305230498,84.93303107095423,89.80689607608595,91.60703484567183,77.63814359499662,74.44664019137461,63.46201342207066,69.74183548282403,74.10286796949939,72.0826008893119,1.0826580543673072,1.0296105735883998,1.1823641352976386,1.3849791712802197,0.70762701753359,0.9938951305895378,16.119608455560847,17.014709550494754,13.814436789021485,14.923782015004447,15.087498140600777,12.45806974413385,4.6640451815718915,3.1673758730556085,3.8747311288243993,2.8147995272569712,2.190853627849422,2.616820223860991
AG,0.0068208158007225595,95.37340105266138,88.967413879282,91.98140296799778,93.34247327736765,87.49464764273112,78.86325171782228,72.59869715613021,67.40220469601897,72.12677497130872,74.74704620798526,68.58524289652019,1.0508047066644755,1.1246194334294521,0.8254270053973196,1.0381217696361928,0.6853642009960083,1.0036558219157643,16.41417866525575,15.918149819657847,17.34937835375359,13.397620796822046,12.694544599690824,12.815185674031211,3.1609571572381636,3.9194550338297143,2.763304298103194,2.7084214701701814,3.1488853833802666,2.401857320095235
AG,0.005599424102268492,96.60833961264281,90.51645473571286,91.31626772037649,81.80893547659733,78.6673616355394,74.95678713546243,78.18890122656403,65.50249768378977,75.63311204902887,64.05089485466134,62.44094019141879,1.0690917966941116,1.1218638473529465,1.1132034613381716,0.9587615299747326,0.8409940800890687,1.0013797160909494,11.719897699775728,18.413832584280026,13.912922485079076,12.773088243177593,13.524784252902235,13.436687453138921,2.8307217130010343,3.598387919227205,3.3425859795966364,2.554070210301295,2.8099986266449335,2.1863908546600985
AG,0.015377719300292072,97.6674208431399,87.92723710619236,92.70059008012876,89.90374102952751,82.76632240880997,81.33025917636719,73.43631497081188,68.53856669890108,73.27662503403285,68.93094312696155,66.1250519123345,1.0815737816075317,1.0374439832242714,1.0130462216276939,0.9230999518908775,0.9741391167950115,1.0004679029761412,22.054790982057614,18.44780358043257,15.037093451467834,13.934053681535723,13.577539064091436,14.426829564821038,3.204873013855191,3.525100456248673,2.9164717713516755,3.00459232494561,2.6535887181785083,2.3311962750444235
AG,0.009426427102469272,93.96976510678738,87.23233621566503,95.7325433102099,88.44312005837801,87.53303093333592,76.65081612451074,74.55684801578954,77.07394333173292,77.15581238047719,75.2851908673635,77.92364244276226,1.0853830818999821,1.0172340870220833,0.939385122673565,0.7268171466551869,1.0305509953484597,0.9838662372957745,21.477780621593897,16.643717435934015,15.123741227244903,13.888546864159949,15.911119193071688,13.084493079624966,2.7013933352395236,3.499179106951558,2.2703523570574897,3.7735895391407945,2.049984935496979,2.6588668131972755
AG,0.009058679537442913,99.74150855585614,99.21207089174352,80.93123971666787,84.12864311719606,78.1740148496508,78.17645139525511,80.24549138818792,82.5917398736411,69.83134843819825,71.011960628515,62.03956845808926,1.05927697359347,1.0757562080574448,0.9231862683386617,1.3306662954633568,0.7342567767193369,0.9893269874524264,12.13175618895882,15.789183262328619,10.600799384026281,13.405856323936868,15.20359293903128,15.829451861549398,2.930034292502312,4.129986595249819,3.497815879888519,2.4096273398400974,3.2985200375988626,2.1456293651859153
AG,0.007823027791657052,97.34487983866886,89.4341226559201,90.23657796166373,86.90328987730966,89.2535255012738,77.98430534099305,76.12369157445174,64.86398956666382,70.5127198217212,67.30177965257391,68.93181623530455,1.0730649529188512,1.0224800904100673,1.1373810941504159,0.6789461515925692,0.9768835941285091,1.0047624148846503,19.606745728593964,14.59497336639448,14.282083662730221,14.160035003260008,14.944513396039198,14.745571038450528,4.305844605698283,3.2955272268088858,3.2573035522611202,3.451128559996335,2.064155548354539,2.5586602532430476
AG,0.017381365298854763,97.4859686072215,91.37950513472296,90.07226888167938,93.03140806633012,94.66659339224819,79.41662878011392,78.73872378951376,79.55105480365692,77.58223251710496,80.37780369413356,78.16858542979946,1.0658222030164495,1.0146785859717506,1.120475590744432,1.231550967886963,0.7507727780737524,0.9987874735659169,17.40498600704527,19.416792433573175,16.457325785272044,11.744613102885033,11.239976259073337,12.749679387197626,3.3122170362103356,3.2482660942015027,3.008228101612684,3.2667135028933334,2.5967956182248546,2.372627205604746
AG,0.005733700829780911,94.00788207956494,79.58941904861888,85.19138329482675,90.95276310399598,77.61571637973191,78.44355963813938,73.79684798063421,66.13316024735704,68.44133223160082,72.76503122273556,66.21671296498027,1.0725812527518492,1.0238457969638721,0.9512388932206765,0.57611347970276,1.0022945099860499,0.9820097297932335,14.450691472084502,18.587878351397276,14.433186455778486,15.433295003389528,13.462506120714052,11.421844016877028,3.6307123939716615,2.88907221499445,3.283738779596429,2.347811229669743,2.225694922317113,2.6657916559501644
AG,0.018497968868640444,95.12442507777017,98.27319853386325,97.51089967299244,89.46211171804927,86.38995622403213,80.59902455752498,74.05539716808784,70.90598344885161,74.57386963963648,68.29622935278736,71.68080790691424,1.066718106197196,1.05391449044179,1.0662458884302517,0.7564216109932361,1.0011029726186376,0.997785126914415,16.617719578724703,12.706607414317682,18.186567532729324,14.334453883930742,12.168573473152499,13.967100166135559,3.216312685277487,3.461105627619301,2.4976620810040333,2.6387985858864282,3.083474800569144,2.1430902046366715
AG,0.02094968172455664,93.52697087387031,94.71962805065237,93.9201588523754,93.39898673914595,84.58051196063833,81.13845163091226,72.90252280201406,75.16360055636062,74.65370625010655,70.30369956791114,68.41901907303425,1.0537379465465615,1.0403002781693922,0.927723541073169,0.7646307866178266,1.115070715007025,1.0044224387289746,19.21968199122868,17.278929124249945,14.492673090613772,14.363146886257937,12.042248219959067,12.517708761594513,3.402432268620835,3.9992877463766288,2.889363362589191,3.5829299250620963,2.349494414354982,2.4179384383506224
AG,0.0005328809193776087,96.69971565941621,84.06447727628871,89.23624029781935,88.57522742535866,92.43894256031362,73.878976667512,71.64774198656224,69.0667263898856,80.01783186767975,74.57431562321209,76.46652527489586,1.0677091232368998,1.047894378973142,0.8655268688612795,0.8410714967427033,0.823607124867871,1.002517095867804,19.778503680278384,17.495844118161408,16.40054656567122,12.412146901120193,12.009502157976494,14.04637941783111,3.6093036646305854,3.656918256057438,2.535133953426021,2.629807174830459,3.5236020523159493,2.4125388271036456
AG,0.00859814537106108,94.63242067846153,95.99202870286766,85.8404126429826,91.41057977452037,91.54569070255168,77.2937596972817,71.5084113769236,75.80585081952282,69.86995349270299,74.70601007258159,71.62163469542922,1.0843755031687805,0.9888051565285476,1.0592069391568215,1.0928467306419996,0.7617334656252768,0.9940354849161014,17.46830252597856,12.54059039594767,13.851541064774132,13.25288309644546,10.6112179133114,13.066902569365281,4.040439620063077,3.0797169442582204,3.7612544113661857,2.125311534623143,2.117471117186197,2.2203720622642455
AG,0.013789467917938532,98.54384539080398,92.25284318254889,91.65096486970232,93.02511653100576,89.3379584895437,81.33693532223812,80.7591194391398,72.4358225983948,76.1151453022885,76.15941739992894,66.97655732680875,1.045735053068956,1.0851832989507595,1.010502805189342,1.4555486451963489,0.9806796717034004,1.0026260876960802,19.273252384538125,17.330986681897947,12.804055724413615,14.141645876426676,9.196197237509931,12.208503342724757,4.118529671104732,3.3121440602153984,2.725423002857528,3.1415384481972897,3.0559137966619168,2.2101357703331392
AG,0.005754695495072069,97.13590878031535,98.52216313099723,85.41423941749885,93.03436569392629,90.59404797420096,77.20533686076817,77.47916882709778,78.71710160354093,68.38417758140918,74.70371371346715,71.83679035795078,1.0516456841936515,1.103453824351948,1.0250633330531176,1.252460413445765,0.8982768033850225,1.0048328077687754,15.914166477908799,14.935878472603099,15.747537717234358,13.7692764731569,14.70664912014211,12.704746852189981,3.7872824040475517,3.3952180634127056,3.4366217656980935,3.790720761967331,3.133824289724347,2.801658424057154
AG,0.015998110387007873,97.70029960165873,95.61257060462668,89.45319176456198,89.2662706142582,85.65210343757754,77.56299696059283,77.56385922364734,75.54700799674586,79.1659156017596,75.0417804520344,72.26450849097021,1.072981100770105,0.99766525942744,1.1673917175199167,0.8419725075493638,1.223951332812799,0.9973240437431438,16.42671487416325,19.661443353917804,16.652775642810447,16.046591601057138,15.638532751304957,13.68690030285816,3.8577170136447845,2.8174726550101994,2.3593989877247683,1.8487863476938773,1.6620914300961158,2.42138581744211
AG,0.01748623305514934,98.0296023620693,97.01548052854879,93.36676380434989,81.0290145389521,90.9265885946939,81.15398032070814,78.0266303222188,79.5606349627977,70.05412959602842,68.18854503328735,72.00001455438259,1.0870891074608928,1.1320951332667624,1.1051211691263216,0.9832596402459741,0.8458159322076444,1.0235013410182137,19.4434187378585,14.311287292359827,16.447056981309,13.782894094864337,11.535553880343237,10.694521191857131,4.21367395606838,2.7018873628263482,2.852948367816262,2.757626291827229,3.1613193311900547,2.6349664231985908
AG,0.002047435296848277,98.62402135384211,92.65113833655384,93.58029471491344,82.99766301879853,84.41714834150511,76.69459544841975,78.9079933003276,74.9106354463436,72.69179073377326,69.26136823464458,71.75965770210162,1.0691236142824911,1.0906716122957176,1.2073076357289034,1.2356655058245238,0.891611296941892,0.988109907026669,18.5110296094729,17.676154318616774,18.46605626156303,12.643885036300912,12.477912530476324,12.104758634368778,3.940309179425058,3.0652186437946844,3.022435943009592,2.2696756064303267,3.0474582386564526,2.773816592976318
AG,0.003204962432095836,99.51655974365522,91.06964934370927,92.91464255409377,84.03038934229102,94.12876842308543,76.93942702998301,82.53408905082532,70.89877147090864,74.00435117948906,66.18782822824606,80.93781639197523,1.0559573890161404,1.048162069376202,1.0270825891809532,1.0004974069400783,1.0355830420215606,1.017075098458903,18.53992060177341,15.431511983131326,19.939740194006852,15.160702840227598,11.807167878158136,13.05197606121093,3.2541877737894818,3.746175892468023,2.4902059832219026,2.9907764415306892,2.2354109979361247,2.030040522714971
AG,0.0005642687205086834,99.11738756928685,91.23623026508422,95.77865023717783,94.08211956686065,84.09666309937826,74.011742765067,79.69447467284515,74.47736732896547,81.61166077529461,74.15227130654944,72.34492769674,1.0747670028396414,1.0198750895580326,1.2549073986738506,0.8501972299186286,1.010907980500167,1.0013039700275157,19.612086127181954,14.817014139410059,15.507403610856429,15.605998873468295,10.951469378468655,10.587181890908955,3.0918769582482915,3.2954130187355894,3.164989568869536,2.9296036829590886,3.489966778898763,2.785919874949873
AG,0.014802124098503346,99.20979812936237,95.33592769081342,88.33145169801728,94.0640832793389,92.56606410406332,81.47075575617114,76.13148416054763,78.13604411095946,70.32034778653977,80.42427191353106,74.03140945240804,1.0770760865348394,1.0313307602506334,1.064554968954789,1.4263173154314035,1.1503828040230544,0.9929664340264487,19.019121086443437,14.37497888385355,16.600328616492263,12.521186141763252,12.445779222167227,15.689124607864713,4.133185015544102,3.4512305072601626,2.9370939752405603,3.291075982911254,2.907430537746735,2.012847849222765
AG,0.0033995386295610874,93.62907155481048,72.83685736452908,99.0931339121605,99.36392647837373,92.6872615988369,75.52533276065374,72.89692111185666,57.500771495318986,79.12588183091283,84.77287266333276,78.82970842060844,1.0832726317940915,1.010752128078608,1.0359346136920418,0.6508456189573666,1.2590922217951483,1.005602778787694,20.106233616796302,16.62694743390092,14.752363902886616,15.049083736764132,12.759748531448766,13.647161080484995,3.0210996402616037,3.519221375818959,3.0937818757332995,2.765074486656517,2.060923264827423,1.9955054038411464
AG,0.00441034610660991,97.50360906378967,90.02524045954473,82.72562616569347,88.95784274623043,82.10384495013244,78.53360530030862,77.0685857764415,75.12234302256,62.14168808738804,71.12728357155297,68.92585550849157,1.0764498919631498,1.0607507354677304,0.9446389317986403,1.1898125478115862,1.0322621931491491,1.026493208618646,16.327190962849556,17.827606341105902,16.68657370372827,14.985932265043273,15.267155611897394,14.044870579395129,3.2356827709467186,3.808643905677026,3.7773825473189024,2.4622024795361797,2.7356367638307613,2.7337691378590474
AG,0.020692016506563635,99.01931943656898,98.60477737051994,90.79145635744116,88.54674293966283,85.80879089069111,81.58094088024833,81.18429895483416,82.4783491335481,70.75287383828233,76.17610497609552,63.13920467765452,1.0696878163693182,1.1214098959850989,1.0227960424425926,1.103055568350514,1.1586260417944005,1.005859543685834,22.722889290797582,18.049394059000672,15.730587529530963,13.471144646661145,16.241689107073768,10.1146277427443,3.916663280775942,3.3868622145195637,2.6761698067872985,2.5135392384085744,2.5558358546323805,2.492343737927148
AG,0.0019909523903763227,94.36171212047778,85.88755924888986,86.13680987738333,90.96374862947613,86.81751299747245,72.92014809905666,72.85741894173532,63.4983013956399,70.07963413608819,70.8940354577486,78.02262754502075,1.0653117076626133,1.0541398055885391,0.9683961422015502,0.7718833318413135,0.8848850950231694,0.9963358935783186,15.540560839872654,14.3222444568675,15.642398742138242,15.735612527271682,11.641009173768834,12.310568210343892,3.3414320991582405,3.0900318482494464,3.505344173572734,2.946204346669935,3.6660386481541307,2.729704177009631
AG,0.0037816614460598526,99.29746501931022,87.10660155561237,89.9786568855149,86.76794144935498,95.06983122587323,74.84242203614258,81.3108950000163,73.36598405382459,70.60198306674292,69.91519558695572,75.91365558672902,1.0634245288541628,1.03655793279382,0.9885027653348247,0.9733755682265188,1.1362414782814767,1.0115522610764758,19.574567167447974,20.06965861477471,15.330725492639889,15.654444846269486,13.27425768112972,12.370179838950017,2.9265934137580643,2.5814285797736285,3.278889759344529,2.5309779288862777,2.8499361426114644,2.3236380892160997
AG,0.01332103651927019,96.25263417348556,82.41882129960142,94.15798146557627,90.3315302691776,97.85624548425912,83.15948195637465,74.58952240035525,70.42995447773556,72.96651147065165,71.43844134760224,77.41072282832764,1.0834686337447754,1.1011358345460949,1.0877773258328034,1.0414582649027373,1.112332505783807,1.0030330758518384,15.993582452226565,18.212058287173654,16.61087403966022,11.63263835946357,14.38453416036718,13.677225103115104,2.94587948159879,3.610559352715331,3.4428524227238784,3.36577377357189,2.918562558116051,2.4720583247460306
AG,0.006463042618827111,98.95824992065646,82.95619540556616,91.72838835596687,88.71605270597757,82.045105961829,76.90171112310323,78.60434128637472,67.52097165319745,73.44376931073165,66.46936237915936,68.23079894534743,1.0781739761737759,1.03149759697522,1.0633942280396227,0.9190676566134839,1.0381090675265678,0.9977214233502526,17.05400647695909,17.881841079445337,14.796440321703326,13.389050213485334,12.3317341920617,9.747905117038455,3.5101837883433045,3.4128248396516616,3.1894109294885937,3.1152260257937763,1.8849640603719737,2.6815110660321553
AG,0.012537899516121885,98.0206575079391,90.00112338041961,74.1364750966921,96.85822053773569,83.79341992391817,75.7333961368609,79.35114393006947,73.78474401838533,65.30404026564786,79.89505450889983,74.4619017964406,1.0542066910045864,1.1061283494604153,0.9472624769024647,1.3369895965487426,1.1316065988783042,1.004624039477632,14.641944092779076,17.612261323764553,16.17181390193975,14.239602343275719,12.29015848252569,10.997546658844271,3.985333527463558,2.7220025509463124,3.0261644477897285,3.2740714025631696,3.1868532807845034,2.4820033010747977
AG,0.015675770918743188,96.85031091209473,87.87951800891865,82.68890455339029,84.27547225657771,90.20005765355944,78.8393854751639,74.77781579935102,70.48617919636118,66.16443991803278,64.89035551811654,69.87085334550846,1.0481183965431198,0.9806375270210751,1.141247009055789,1.3457620215546648,1.1734644281978805,1.0075897005344385,20.59148141867956,19.20682688221723,18.292183145889503,12.387177531177883,10.99861920158367,12.178605600180042,2.894970326726361,3.3031910368703694,2.8654456535939685,3.1010224889560494,2.698011689679642,2.415729362341172
AG,0.018759963220225436,96.56056640088585,78.10262616359263,91.26369713617125,93.78812606214377,89.07216473286475,79.6784845640685,75.28339788817513,68.51552714092848,76.38500919595104,78.5211606764306,69.63106909532397,1.065027643663398,1.08677293200373,1.0713425388211586,1.1233550165824282,1.055973043525911,0.9973909561915418,17.152300489600098,18.62797439307764,12.590403602735883,13.576972399502221,14.077108547196715,15.169615900062142,3.1411696846203685,3.587366402774445,3.1166275018983955,2.0479834740779,2.1665552593165476,2.6525201783884365
AG,0.000690460152832056,99.44444544488476,79.53489819920661,88.77206184059406,93.34009883363586,88.8630927168802,73.18768315438525,77.01475556124745,68.2378584722066,66.87244732965061,77.07162392357878,68.9155753411216,1.0833803915711055,1.057216639058701,1.110056023420331,1.4974336345604262,0.6926397682974954,0.9989020438991393,17.711620681039985,18.00453050818993,13.926256433779752,13.639035303998146,13.74496972627212,13.373765841288764,3.5927933958035556,3.4533892001430244,3.239532388355214,2.8703997450078367,2.2114811903828313,2.0766932373999674
AG,0.005352980634898764,95.11211866554773,89.13869992472176,83.45279327457304,97.1530751850559,79.6859338873806,77.06753632871025,68.58145338178173,65.96166016351009,74.94024844386604,80.65845844982273,68.3628806080753,1.060058826870658,0.9685078186299269,0.9851907425650039,0.8698228142585887,0.9943648800058904,0.9914629778924378,18.15177283226452,13.214887033527365,13.365857380174097,14.067713245459888,13.560765481525236,13.865665078416544,3.1390429894056804,3.3654592922464936,3.251853776461965,2.3513666744350057,2.252391461325897,2.422002574559974
AG,0.005570562333049379,95.53317268054204,92.55884850900954,82.28967705794514,88.22539267203535,91.47790417447084,78.78568599977342,75.39997581413404,70.02852685346967,67.48886433917217,76.72556161422384,71.15276831237455,1.0724499165409176,1.0310734256400746,0.9926631990233618,0.9926697403757618,0.7747565982919289,1.0078027342416185,16.891388919177423,17.74413415317449,15.233842567940371,15.117191807114652,11.552463122963982,14.948045826611843,4.236753925572952,3.087143928940918,2.3787272887118003,3.1703303724387086,1.7354139569425904,2.294287914037944
AG,0.011693336137142936,99.40500341012785,94.78384407638202,92.33876132145286,82.31751522460354,89.15684720291355,78.59288287287293,77.19306112948676,76.86211966530786,78.43322689894282,70.65247787534439,74.74926566949442,1.0717360183014695,0.9592441751827984,0.9819783717450921,1.1034475079672752,0.8342605073717058,1.0098756568284757,15.905787180644747,16.82944286492755,16.23852748181027,13.788590600234993,16.038154816474197,13.646194171006057,2.72982554343014,3.9705632423964428,2.987803758017141,1.8073402043891704,2.7266968077739167,2.773680257670309
AG,0.01141330030023972,97.80287872682862,89.3775925344413,93.3895308570548,93.69321586945071,93.34853287095112,80.15844507122044,77.15773120423133,69.0575366288501,75.58963084640631,79.19411014647072,76.22983464838788,1.0595266638341312,1.1146376579613801,1.030394296641403,1.557533429966055,1.0052409123287167,0.9998169803584914,18.31580548561752,16.822956908357963,15.944517653756893,13.284938820021823,13.251518124498807,12.251327600023487,3.7506392308383467,3.027441618151639,3.009331807184278,3.8956136743948493,1.9901681045722244,2.247168264215915
AG,0.0037427662276673813,96.09108325650058,92.77535410637914,96.15977979912603,97.81583063699976,85.0942369043945,77.13701275725992,77.13287484985501,77.58634395699447,75.70959239826439,74.28392669194767,70.86649231326699,1.0573964426347733,1.1487046146473583,0.8314826947429269,0.7115106196433223,1.3968792268524333,1.0013616453954461,17.734689438750788,14.935425889270157,13.74962078515776,11.299004742459198,16.87563344857073,11.039901947806992,2.9277710708418754,2.832062766157435,4.11618557709154,3.6843337742316313,2.35458450744832,2.758059982614103
AG,0.0010117314250626156,97.07192264207548,91.13626021214739,91.72040609760192,91.06255045409851,89.43165653360121,74.95086932110063,75.65334923906579,74.02545768839863,73.2427747247042,75.3292602909077,78.04788786532721,1.0713642654727047,1.0350664856706264,0.834938624391157,0.6375958016358119,1.2732388827542327,1.0034530211090291,22.052546140556565,15.53655730247287,15.046522280513281,10.571259436063059,13.874403210582253,12.054894719046342,2.8771775112468037,3.6247975670872137,2.580597451007903,4.4140565300099315,2.187843374015354,2.812125201272033
AG,0.00027853186343071147,97.59760362586462,84.90374206574627,88.69343356472453,93.03397622819324,86.66120176374675,75.15038868126875,76.39372853677233,64.1535600352519,69.87315106853157,76.63882821353477,70.94840913572855,1.063232748428945,0.9892948146145097,1.2291838599083023,0.8721018283356041,1.19507762191925,0.9909150242665969,16.233335497076524,16.85863664909687,16.444414621563183,15.503857922388818,13.588061612150574,12.998213256004838,3.4526655086790035,3.4031835984370016,2.5912237771927478,2.535759114542127,2.4770429706903503,2.35457430845969
AG,0.007523010554679849,95.6603391704536,85.0310189373823,77.58230267426323,90.19965592376785,81.5232874761198,77.44836804948343,74.94882714808521,65.57844128297361,67.19155449818973,67.84010867864954,67.31530663281357,1.0698196452144484,1.1543331914540353,1.049981927331777,1.3826676500232105,1.1169329356983735,1.0139255731947512,18.19766552563234,18.11278673857969,19.348682129558803,13.115700883847627,15.905531643289741,11.636364920357762,3.549958436954515,3.029658915077918,3.108888003688014,2.513437973791828,1.2741327066206136,2.6003867419988542
AG,0.0014164089652563456,99.64313917656685,86.56236001193086,97.59083852614782,86.34525085253318,89.54319880161076,75.06607244601491,75.56093147069839,71.1108451586762,84.96757289898022,69.1283235811225,69.52548811497408,1.0847128396402248,1.1314492084150116,0.8085872347824492,1.1388139335413523,1.3025113363005654,1.014817576434675,17.120477936381416,16.124912130004542,16.949495422664814,13.316356443313099,11.78714830686536,14.402680307555219,3.61238894300308,2.8133316787522875,3.093255129778217,2.958648300136146,2.310718674688851,2.4432649114131344
AG,0.0002217069882670292,98.23325046793909,89.06384675043098,92.58209717823162,85.48722016460327,81.72027626951595,73.02511591915896,76.67043042373734,65.38786289326717,74.8006021669935,70.87066969395282,65.03841866544876,1.0794655475552963,0.994139747460379,1.0875846906853976,0.6057727632926433,0.8681427637552445,1.0047671345754867,18.667167946588243,15.172577173470795,15.633570876894577,13.006588051350931,14.886490428400752,14.114526483498711,2.9406125144418613,3.988527026705706,3.3894585758353806,2.9152786354515237,2.380927802889275,2.755406548538973
AG,0.010351774653586523,96.38724029931832,89.30676489292526,76.25512111032248,89.2963541827179,86.95393612293041,78.8043733195218,76.87168973787082,72.55600094553681,64.38629193153787,66.89095041457638,67.30211077178514,1.0591815951131525,1.1377001502149406,1.3497775317360798,0.7035960878841956,0.894382354137039,1.008130012345521,16.327633373405476,18.48648246487921,16.46910676856001,16.05486711525973,13.100082907239498,13.462387050525903,3.284520634304607,3.2627196276415087,2.731535146432067,2.915066916058911,3.009201650604986,2.1589596157466913
AG,0.004924298280141508,97.73776887060605,86.29777729158496,73.44112641184805,85.68403735601059,81.31359565131997,78.37977820626172,77.08668934553519,73.65494357150791,57.099902315310956,68.01471747918866,75.37496991418799,1.0631373709702372,1.1069699316486146,1.210953535282889,1.271624584731361,1.5061898702802972,1.0082732172755884,20.55673824479319,20.181647948455584,18.256681421663824,13.447896239154467,16.613699510313257,14.690134313838064,3.585034165833644,2.8657096207678716,2.030349604089334,2.872087594941116,2.0598716710938207,2.23041553084194
AG,0.01044976796918076,98.34365159471423,85.32575359950059,84.9057525885219,87.11540852602796,96.72553379403793,77.84689549980452,80.53091680164398,69.04100424255388,67.38952999320435,74.82308507337922,81.18541044950288,1.0787577542998221,1.036844045452744,0.9380343680350638,0.9959983586521965,0.9015360082782464,1.0056928522966775,19.478174541697925,18.243827457218522,13.047144021965593,15.329118816369704,13.419670570979136,14.241359100847689,4.1472554872625285,2.583622040931666,3.348802037144169,3.345632992026417,1.9249164976073239,1.5278790049619553
AG,0.0002817143638055725,98.55066326526929,93.03908206637287,94.91791320007457,92.88864521516582,81.89640583682967,73.90285558388088,78.88249411919962,73.81732914725494,75.25413478002552,71.36157624363086,69.79139015876302,1.0823362996032708,1.0411376254251377,1.0620341559278466,1.269927534939933,1.1051204429019301,1.013679092331648,19.34812660202459,15.365725090625167,14.787760385550268,13.125272188641954,9.555976870723125,13.16044648643408,2.5425672391606104,3.256227004747923,2.853966854231789,2.34283126786946,3.128770424054329,2.0013607548814316
AG,0.011876776191204122,91.16744284757202,89.53555822483712,86.85176789967542,93.96289504410922,77.44529143713191,78.74732341485378,70.11887253706469,70.07534690131298,67.90729858959338,79.95236169575837,67.53785456186637,1.0667367120435236,1.1111697172583903,1.1881670196226508,1.0501489347444943,0.9410317707647983,0.9867255789472608,17.31124096034065,15.605632854309187,17.413550806295355,13.429685279746774,13.036169996477218,14.302113365326798,3.7773755993315272,3.6179736268340528,2.512866285076905,1.9941810844416183,3.3731603027750876,1.4772054024084924
AG,0.0008125562368625455,95.95041349716297,93.49879530533872,92.06438273077895,81.05843156798815,74.76906939334667,73.2840438504204,74.8476164738429,73.55593818065897,77.94578483668778,68.6442950172508,59.64260202604321,1.0506108365674935,1.0926182336216648,1.0194137803664358,1.1973800609784866,1.0323901432972633,1.0011821546472857,13.998605319909986,13.666124775471342,13.390043590801804,17.902829529843512,14.58828924813663,12.202431918308616,4.468737831636912,3.7793101635924033,3.409280584620297,2.071157841740799,1.6502556202751273,2.807563436880856
AG,0.014611779247654548,94.6565098685878,80.22595012715115,94.11750794670068,92.71259957681276,93.2754231062664,80.03851066713777,76.8801088601658,71.1809995474402,76.37973542610956,76.46702662724549,77.99535174534797,1.0773538831544809,1.056879305472603,1.1329728092021665,0.95745244620883,0.8389250520316637,1.0046866108741346,20.110984058192987,18.826994101358697,17.37859728384397,15.656965036422104,13.506370564890563,10.820950697708177,2.9604045666798893,3.6939190193416387,2.8632731319535667,2.1809779305343535,1.7080339079418714,2.745527611734101
AG,0.006341174865283742,95.13248428898915,90.95939442047427,94.53267180078181,84.39307384202901,84.58697208033071,75.77225614183456,75.01708413806196,76.55507517949415,76.99121366031514,67.7727520409726,65.4217321423162,1.0708032955903888,1.0572666510605364,1.0718156993667285,1.092385921806744,1.0988719735545276,1.0005090628443802,18.32708016050472,17.759212662700882,15.81877714256256,15.983423915468034,10.74284519151367,12.49555329367777,3.5855242611151916,3.181631512051557,2.903022659428362,1.3723007953426496,2.7502660010773066,2.55333461538395
AG,0.004709140181634547,97.42854971453977,85.49158353639771,93.04878836525619,90.27172155612553,92.62763602547807,78.97536679847768,80.15125200724388,69.83767323659855,74.95938595178463,75.01471399045089,66.93225224825675,1.0699489983991761,1.0893682910622835,0.8113452028530052,0.8254747686048092,1.014626488071066,0.9872092011640855,13.31949461144131,15.271657497098944,13.43797052409832,13.930363417258388,12.667324343872219,13.499702359299846,3.9981696905132202,3.54694604034706,3.1353833947901246,2.9949488195349945,3.399649896345804,2.03816824949004
AG,7.70839308169557e-05,96.3982558215626,88.2192790885648,79.53994858022124,94.1692010688781,86.28744455463104,71.84029783966938,72.62358358244725,69.63966708975305,58.294836495020945,75.29500171400059,72.21237238035754,1.0639681050926717,1.1469493475587462,0.9902267916601187,0.766661624915461,1.0243461728097027,0.9965114810127126,16.90261887920674,19.466977983025256,16.63621016320118,13.462029445733934,14.240765489161593,10.65413388961067,4.416754311887518,3.0359241880241985,2.866505538481195,2.2728902205628945,2.2519131076478645,2.7984629224961344
AG,0.017005191946641053,94.38970188774786,90.34800976672028,88.98392823660564,96.88459141975414,92.42597426102505,80.96071360748581,73.11135398695154,71.63581770827736,77.15918612244307,77.77490240890775,73.29114504975303,1.0787586848981408,0.9885132365817626,1.1144704295903194,0.9945278746885295,0.9451520543924695,0.9878983988413813,17.110278714015653,15.676862260580137,15.597667169254352,14.117824033358076,11.028827700976322,11.299277940246988,3.644372587256586,4.023281418508291,2.6529412092844478,2.680517666689723,2.165749434131444,2.9696623568701925
AG,0.016170937880333986,97.6525667497918,79.73273002776892,89.66754701562131,90.96248365256585,94.48574917325259,79.92311102302558,73.62893794609367,62.65909238382804,75.45379296897941,75.27403717832834,81.47948114887197,1.074022931204703,1.1021506016254596,1.0658991168760354,0.8373919009418676,0.9282447354609203,1.0003658396598973,21.251509966204175,18.02290390377296,17.967018139301985,10.633656001837759,13.356038785673391,12.612537583921608,3.635066678996784,3.4074560135519847,3.731387071825225,2.140403777142951,1.975053111125096,2.559863706379819
AG,0.005840659183038288,96.39195568668832,99.14047405175398,77.94144530441412,98.22171583034563,88.1719050152337,76.62133707329377,75.86842992378055,81.87955541740915,61.57740865090349,74.75936027401262,66.53504211698393,1.0808163332806073,1.1420496201771129,1.2914616244584238,0.8791936712053856,0.7818576314433385,1.0012471782936907,18.848921101042407,19.45153630851047,17.95702272344688,13.324232835810122,13.626204678016414,15.783874325072787,2.780369604831738,2.7726015433507385,3.338906836409273,2.0659070614752766,2.5124360113074915,1.8228538926344982
AG,0.013033479080388466,97.76055105778764,93.21145474571696,87.77127212130726,92.79759066810547,87.70957332581465,79.00943504127007,79.5009581782739,71.57806864799659,72.76931669878643,74.98840430791083,73.25487750987203,1.0542014137574443,1.023937487911647,0.8779810482312878,0.8594532233659034,1.1810201524757198,0.9925154189638576,19.887675549304102,16.60445920199278,14.568338534947815,12.053921779162678,12.261430043287072,9.256639469606501,3.476394487263086,3.368247868207318,2.5536952779951396,2.5824337697620066,2.6499523509669123,2.7650878440833626
AG,0.015951723091144236,98.9805189499462,97.45934011778286,95.69604978790693,86.53015881409968,84.10735647427309,79.54021320936083,76.48243710731438,75.9497293417324,73.64896649328085,63.04872727748681,69.91650497687816,1.0655615290394624,0.9493464901849074,0.9043612101428736,0.8825657387785089,1.0890523895906064,0.9966139374253107,18.625083668423823,17.186604428175247,14.18039368015952,10.232323660873817,12.76235413839773,13.276273440472265,3.716527965477736,3.505238083529181,2.7619908559396302,2.6287968832693713,2.327308066581423,2.873557244182488
AG,0.0028697023223428074,99.75907063861123,95.78020620108921,86.73676556104832,83.2803740938426,83.02538649406293,75.46611119318011,83.05587056467664,76.36097108186516,71.3466707489863,64.65631547362062,72.53878864540823,1.077597852369952,1.0593788823108805,1.179831680236131,1.0405165537548624,0.9470489855205878,1.0009679995338416,20.12372910877697,19.790075008854135,11.187581816107272,15.23343354728143,11.625609575144491,14.387375213241977,2.5228670369466593,2.6324672901818964,3.48921418600531,2.5014070863209206,3.036275275542183,2.0724556115822623
AG,0.00808472725569317,97.9371769237738,85.80303729306311,84.26436251145748,95.00133930216144,96.87816846536636,76.15474424996818,79.57231738835176,73.7156533305204,67.60186985726904,78.18750491024805,82.05129362528878,1.0781031765015276,1.0442426128932822,1.1938134567728105,1.0145297638789936,0.6006183276486743,1.0085841845824763,20.792367089383855,17.359781315817838,11.417249026406473,11.079446343554046,10.670565255661128,15.026803554635828,3.2757769162983736,3.3451612465434497,3.4624232748698582,4.127856132057885,1.9967038905555512,2.339990811344264
AG,0.013696392383846116,96.54930262207915,95.0614981651844,93.62143456684676,78.91791733507323,79.90107137570914,81.09773057778924,75.203545114451,75.33899297966367,75.85181600275163,59.71367317668037,65.85956282312387,1.0657802672783427,1.0486826959652011,0.9782443667305092,0.5863598538150955,1.1791110339315898,1.0036924810475825,14.800042450237957,20.124922401851855,17.440283306314022,12.935361514699348,13.258088529546681,15.326739581480629,4.056769312173569,2.419865602938331,2.5255750551531717,2.934977306484698,1.7296733161217581,2.7519310901679552
AG,0.007877348387127368,99.59491586024626,94.02215738624277,89.56364503249698,93.02678936240126,84.92695154850959,75.69989532554789,80.77920850594107,68.1480867165649,68.55091346292426,74.84182600043,68.64124482910066,1.06672829027115,1.0162454350611767,0.9206776406919785,0.9152358272156412,1.0092543695569989,1.0029430096162808,20.417778225659685,15.215758190555956,17.216625096455758,14.45334009699475,13.740124328457119,12.667759365964535,3.480375102545981,3.7108424968677642,2.9611821541504737,2.683443588718391,2.896754937891437,2.133263273494524
AG,0.012371347257688285,95.99125616008098,92.29088435738035,75.08181565613489,83.12433572861457,85.10761829476911,81.21585988593354,76.43057258711112,74.28551450582206,65.30581015376772,67.89960549981514,64.85198337660631,1.0789982008888443,1.0007668871816258,0.971034397387923,1.2247136044809561,1.04454421291306,1.0137161240064667,14.388380137774897,18.854794102458968,15.574210677035174,17.56768994016223,14.359326966374239,13.334631435547854,3.1956671277083735,3.3511932864240377,3.538435585945499,2.4594086794048233,2.7073369464458223,2.2145706919320483
AG,0.01755040295818884,96.45542850938403,89.09701958549982,93.87467732841378,92.7570072204589,85.61388238959033,81.47156460527279,76.25496785742298,72.82527858144012,71.79399858141888,75.36841856808485,70.23982276127906,1.054529387846329,0.99672482896789,1.1106173679874507,1.2076669510149456,0.6422635684914926,1.0082461506558547,17.044208685680882,18.369710733955454,11.347008449802297,14.771903495186232,12.266772313520134,12.62940653877576,4.560646710434014,3.7768301954274346,3.1069844131819537,2.6164925911657884,2.590684720904561,2.428641633669671
AG,0.007359329390576017,96.96481905956766,85.40713633508501,87.71645361807097,80.11551189998745,91.66407608785529,77.85159952959246,77.55346852817736,77.50176019839904,71.51486065459271,63.195942550605864,76.19561228311844,1.0596494360964144,1.0217338086367787,1.0196582052646748,1.106271118883825,1.0180694936243602,0.9950601669996642,19.25538030190504,14.09566620523317,16.40047258631977,12.336666929056616,13.807545759588804,10.447953648592732,3.800598040630488,3.197739647683732,3.4510577873028145,3.2115730745090323,2.472260134150373,2.4012222553811062
AG,0.008660302839441927,99.06765756394194,84.85293576954527,93.02604488498352,92.0325470661582,89.0713131835135,81.53832657084997,79.80728108480945,72.08591349685057,77.73125610256847,71.90753499218134,70.5457786436111,1.0752254613415617,1.1249271441932631,0.7693366268616325,0.9722382738108235,1.2947812905371243,1.0044613799597546,22.819343659139165,15.087216749574509,18.401297177580346,13.090075442880767,14.108576357980294,13.12006176325159,3.108634332163804,2.619437730519625,2.7259287731457444,2.503279180279577,3.6028888296436095,2.503233445861429
AG,0.0031956974407792243,99.6241140058048,90.31069297895343,93.87813771503123,91.28168996741461,90.2313945087518,75.74257466295644,77.3741567302605,73.08538922192488,75.91010704024353,74.77562169295508,75.1459150601896,1.0760340210117854,1.109410083800685,1.0571162989603322,0.9072697366753848,1.1543514773083339,0.9937809981019025,23.993068354729576,15.712046214082363,14.821302349552873,11.010027801843249,15.759453346365943,13.711940173495362,3.3419696491603594,3.502070129650092,2.9785103967256767,3.6418491177227135,3.465125076442363,2.550173650799463
AG,0.0013053001428487965,97.90024928149815,93.4557804992284,89.15505124641076,85.80450046856923,76.48256450926317,79.20161788391057,75.43435384365891,68.80221597585982,74.7102895394194,69.64862165226295,69.83933841912302,1.075718858170038,1.0218567272418069,0.8770243539063396,0.9721539965781042,0.5179825179371315,0.995488093080359,22.82403607594764,14.776633219079544,12.581546274328623,15.58633337722231,11.442206411338327,13.176859141415513,3.198999303846736,3.487512315571532,2.8144128440107017,2.8114493567626795,3.4905896849330387,2.5038602445958036
AG,0.01068869352005071,97.42560984405225,96.99280523736277,93.89535864473176,87.32683762315048,80.02509606775442,80.24731251957304,77.98580400683376,78.77483253808184,72.31950892831348,69.13231813827046,63.91679400029269,1.0698279397951886,1.0630704673689153,0.961046034359595,0.7446137160555828,0.9771718128596708,0.9995193433594841,20.263112277393837,16.324389578740835,16.00595185190336,9.419039805582575,14.312297126060153,14.852784102220573,3.5381503400842256,3.411132003909063,3.120362483070263,3.326740799587852,2.460428359081263,2.137554995313771
AG,0.00014269793241629506,94.16558082061107,93.82768090538224,76.60240078936681,83.4563340596508,91.28467592174313,71.51033532981718,78.52179357606788,80.71888851644344,67.28254700936782,65.53525937060405,71.03517916427145,1.063504627931213,0.9916177758272399,0.9466535090322379,0.6218309882972456,1.0232538664644055,1.0125416189605618,12.81785955463505,15.179544399855585,17.55101758206241,14.036059759908978,12.250121897864776,13.226322204948431,3.3960764643497225,3.8519242559246396,3.5512950502446725,3.2638009966211916,1.70472089314061,2.0618329272232288
AG,0.012975543460435082,97.75255278795231,99.9986610356743,88.61041121038066,82.22125394949144,93.59510310880884,79.28943800679241,77.81992841567353,93.16740498004427,74.33666213690334,69.16017935822913,82.37686830062462,1.064825107341624,1.1068402434264477,1.1808073555538763,1.151934621748367,1.0563792777881291,0.999180251348633,14.368613898411013,16.883300683442943,12.124320175248526,15.338906813838157,10.904006306168798,13.93780328907682,3.4725343774687008,3.732654388341056,2.7055645435078057,2.9899102306204366,2.09834144649907,1.7325308590878188
AG,0.00454211380251096,96.13416243898216,85.00192984919967,94.93371245869942,93.58281272533345,84.16728957898844,76.00992129079674,75.90740654495744,66.3205481104315,80.87761285356288,76.88128444047497,69.89549768353807,1.073623319651253,1.0891165234413007,1.1039827136440605,0.6207389341101368,0.9415829632320601,0.9874761347486134,16.57729024039738,15.850152339755683,15.751866603488782,15.500585091352432,10.67688632838695,13.81992563033321,3.949066192575002,3.422522598864762,2.990815969957837,2.8460176220984232,3.234774825655377,2.499796388924194
AG,0.0015066490783151784,99.06834826626012,91.43058561031944,93.51125375748846,94.24974081536193,90.55824953590579,75.94029850887406,76.37012060533571,78.01751518602921,76.85982250736363,72.58947176364465,77.72491805364,1.0787771701928897,1.033636688239513,1.2703560736826525,1.3205299184223291,0.9215160850526279,0.9956868567828063,21.12817642582775,16.673839485470616,18.65762898223538,14.590338321572426,14.422572097853546,12.806641966862378,3.549857459184841,2.8293362657296695,3.3864989873437743,1.9304010567213163,2.57497453370576,2.8875851738680027
AG,0.004612558734266416,95.39154920904456,94.14499732304076,87.53497565671823,79.81209196338506,87.51473010329028,77.80102086264851,72.57887517329073,78.04789306531154,67.79939940912104,61.44658984585743,71.08447296264606,1.0718240003145807,0.9729609311194106,1.0999789554391222,0.9970019746746466,1.0477238215392812,1.0085034018772316,22.634902664150726,18.84125697311856,16.443789749292918,14.987688271126663,13.508739100229045,13.014363887097652,3.7793757246380197,3.3522259521879914,2.8782814626439,2.5447464934963167,2.577262595412807,2.5600427106999377
AG,0.005093225648744361,96.2319749196727,88.15699115178388,82.54079792796607,86.80480539104933,86.2882398487804,77.126783461947,71.1271792577927,68.603193885654,64.95820265515104,70.07910939049366,68.38609675711814,1.0836873750009999,1.1414640002033976,0.8855603726663466,0.9507789019657932,0.7192774492002902,1.0055992213178218,17.888780557311737,19.46768186693967,17.558858141580533,14.531589465280375,12.651767604664917,14.16406216127073,2.748430739185971,3.5707259680504837,2.7370000416364,2.611359889299534,2.8943358591925645,1.5733910733091279
AG,0.026709075733706757,95.55257564508457,98.54163085465676,91.82252484377032,96.82150897716416,90.4666962704296,82.81093259559924,72.91594632062638,78.27304059212933,76.26430668336806,81.90052365882471,68.02987811062117,1.060250276875435,1.029934997176939,1.2718715576681852,0.9440542846502776,1.1577229444654646,0.9849431495461595,15.68424128106054,19.44716447982769,18.144923044416707,12.089306153256247,11.780044159415459,13.27327042973359,3.3821564907296295,3.078828031958936,3.1447596467451686,2.822545801259995,1.8988542294556607,2.294801502361011
AG,0.0023882331846925868,94.82401751852262,97.48503928673104,83.14100434354282,92.30360402321622,79.92031351885942,78.1586070144204,73.34307619212495,76.24541862071953,68.46421494010373,77.1633419334515,67.61258367454178,1.0671274489565015,0.9525221263399193,0.9249970021920035,0.8699067136408213,0.8229452777680106,0.9848293877156434,18.291795351967032,18.288621072236094,16.607583805627137,11.720626256216708,13.396667226616282,10.968948566960385,3.633401195070683,3.3628476619175474,2.9355572965589736,3.242946789135961,3.4403192657357744,2.5746000666068856
AG,0.009380516861767751,97.83403846297263,85.93970876425794,98.62174553593587,83.3796772601519,83.89392051115749,79.4490388722424,78.32909070912075,66.95443751347142,79.94182273593479,66.24315009541615,64.37587654099596,1.0679691783363099,0.9750908047049955,1.0596719197670643,1.2592300948959625,1.0037536025948208,0.9905528900216525,20.354185176321632,18.58977219081707,14.454316569837687,15.886310015885929,14.324487545757309,10.326661758316284,2.7900589994162797,2.4601224469842715,2.670629889118129,2.8505034425055293,2.2194713491752283,2.4717649150198264
AG,0.0066337741214440174,93.17980003069043,94.55337897095312,93.13083119265721,88.68937096620192,95.00679970806897,78.60068931447698,73.06234276808127,74.60525139714461,75.61922077160838,77.49390040504824,77.5677255138518,1.0654801491478432,1.0276589133102776,1.1223025608911952,1.0524869160396761,1.3139832815978012,1.001755398770186,17.62183703537213,19.992247752972965,13.898627973920986,12.794868769355375,14.846121775646889,15.913614444002825,3.5993302025238387,3.003878538352015,2.797012851766006,2.7256297110980823,3.1364507959429475,1.9327119838172067
AG,0.011880179854444338,97.62443717460185,94.94368177861543,87.82527029535372,85.73590962414164,82.02259856313415,81.3660362002486,79.63407793084173,79.83806573378101,71.75861263598391,65.99925257882887,70.51168379771856,1.0699134312367788,1.0324248723537595,1.197635215279891,0.8999558386806359,0.7910191779235587,0.9924280375049095,18.410606402378093,17.526479076067144,17.427151446010992,16.292839401749376,10.45028286218638,14.446398208291818,3.502143482293762,3.464482354958255,2.848375901826001,1.8112756603570164,2.691510024458505,2.8492823607393594
AG,0.009909732749697257,99.3124939277832,94.69961666128022,75.67541122721252,93.73026025389812,86.02471093750697,78.41895514992558,81.3216981883285,74.9981780590818,58.94920263092367,74.8444533278652,66.18933995139663,1.0770919041093225,1.054862781112711,1.1957054224549535,1.029327044643418,0.8826505673009082,0.9996164715342303,19.08226025935972,17.50299739149248,16.996652238548517,14.56134917812308,17.38124985925875,13.72960365641861,3.5678307924824546,2.8706269426703166,2.6233830565031733,2.7453466247320693,1.8033435241981697,2.147574899706412
AG,0.02087864106715045,96.79792642946268,91.73090468983597,89.10829817995986,86.2591303454243,88.22150860159468,82.40819095244855,75.26748512317234,71.71347613114973,70.8705463747436,70.96314663446898,71.33834375830403,1.0730337108821812,1.043933966709597,1.0535001162363866,1.3701603744571704,0.7537905071037945,1.0032191377551227,17.400486265716943,14.691208003319053,13.150777876588293,14.496315692975061,10.085501604058736,12.104228832099297,3.0975327091605935,3.3866862578097154,2.980011435373003,2.3928978768031097,2.8132975319258584,2.077316994521447
AG,0.00018835470844674247,97.88368183252652,91.39074416079656,78.95168837503378,94.253274098901,94.31423508875238,72.89708328652151,76.96874117683856,72.62362228944428,62.35688751613212,81.25031818634123,79.26731100903243,1.0617352857739766,1.0218611968306393,1.1954404134405454,1.278595654086891,1.2560200628174125,1.0027794989081595,21.209779139289736,16.19711526206036,14.51557153675417,13.161230250148392,13.462821810967226,13.160464875072414,3.829992574291326,3.610177133353688,2.8238642111031877,2.488609301417814,3.1596546480869456,1.9961943307770542
AG,0.0012620493969176716,95.60665226804072,92.87196315607011,94.3781582320769,81.36643770687283,86.33075275092733,75.12324651866432,76.62763872020312,73.67181038016642,76.2355847251577,62.7228094123019,73.68135946919323,1.0670000720534973,1.0557794599363797,1.2164204859751562,1.0496779887531416,1.093213569519649,1.0002047160427783,16.195396396796696,13.57625604469641,15.256673568954557,12.979644498611188,12.748061984356463,11.58651436019667,3.5701109731860448,3.266424836342063,2.91569790466972,2.822431242000173,3.000369144984139,2.639661064789484
AG,0.013756042242953405,98.94425559853302,88.69221012902834,92.00736950967627,87.59539176452417,85.86341465126179,78.03616626366895,80.77070107078062,72.59128505821991,78.24948769984466,69.0324560400403,65.81481794877817,1.0638186265554224,1.0222886051010818,0.9306326624602985,1.2119504519736022,1.139446666900968,0.9855383208471137,23.897713416428193,18.035969801946422,14.729436044349073,15.379557519866658,10.460892325734113,13.264942056840985,2.831403578822137,3.2684735690203435,3.034343941925193,2.7028470148169585,2.1477879482636553,2.3888750023623913
AG,0.0004499323371815801,99.77758874768072,92.4441962320182,86.16778257776967,77.077049211292,85.02300822595741,75.2969796233091,78.97104149182839,69.72361287842664,75.47450379146663,63.72671929450937,72.62825450158587,1.0741293283554476,0.9386754137026558,1.240593992022142,0.8276031794373939,0.9476164701291631,0.996962972105901,18.3183038550928,13.282814400116536,13.850953480538028,12.873865338346917,15.407427822155165,14.149438196077044,4.047021296075603,3.0187103709647567,2.936085181670052,1.3951185957851233,2.065008426340386,2.3086796371073173
AG,0.009930222597877795,97.83186991661388,85.2135047564133,90.89062981130976,87.70518053130215,84.57030394616969,77.6816591363818,78.96899516770475,68.10444048686125,73.60033891833943,70.18151264585396,66.87622168801248,1.072577570583349,1.1102705883031425,1.013241164691776,0.8901332967122844,0.8705433362740562,1.023640772647504,22.07520718086617,16.815469808842575,14.354906839295783,15.587765513467223,12.393820270302422,13.490640013875026,3.5181602279111024,2.448529598017896,3.003897565843594,1.553283247671223,2.740616919807237,1.973608941406653
AG,0.0001768593079288345,98.83565069175847,87.66246469705341,91.76573383758102,87.76375367481602,90.28885627824575,71.67413439624471,78.09935227212281,72.0971546022354,72.81602502494732,68.15902220738771,76.3213728241413,1.0669411792875914,1.0307010862928898,1.0813597052590187,1.0117896524442707,1.118262318411316,1.0061736867468443,19.48448079893291,16.979085614871106,16.970814791561867,14.346237792063505,11.425163939684193,11.164085842664678,3.00459147040664,3.6140477743021804,3.250149156239496,3.5282072334516927,2.2411326668609095,2.9567601482984176
AG,0.00883095495725988,99.20470006471704,98.5804509130391,92.6160896435385,87.75624808153944,91.48614348863326,78.71736228762275,83.04354226514572,90.874702849111,75.19516666891796,65.85712244307949,76.4084994467534,1.0650882543122164,1.022433627264132,1.1883933516454943,0.8435049577255164,1.041808270124278,1.008958729485029,16.539709658690192,15.666940027403912,14.423691085926508,11.352327836782361,15.787312249355546,14.983829841732216,3.9180100531429876,3.1603246365650914,2.6434489789829594,2.6989255500224205,2.623968970605234,2.100520559125296
AG,0.004028441306142468,95.16163933494454,91.90350880247917,85.3411915664244,88.11431566233315,83.782004883909,77.6261288350932,78.57043508312896,72.52415490611796,69.85841017507684,71.87181866735199,59.85791610628052,1.0625329053800245,1.0135686908696457,1.1600514705444458,0.905999519149759,1.0596171615982835,0.9964566189360681,19.884816938782727,18.950676725711563,16.548213118912702,12.499152594401568,14.432643825944806,13.201139915152881,3.1460575502685555,2.728235227465443,2.9897041244160865,2.9142113880558793,2.1180555658866793,2.4951860568947644
AG,0.002265320466783655,99.46787535897728,90.10599554449767,90.56590181535846,87.14067052780906,87.5593235031178,74.19427125482333,78.03270657783432,71.43421611566885,74.84377488236777,68.93711706981922,78.20556411562829,1.065731966679884,0.9989376175272979,0.9847488825324292,1.1138647880165353,1.2477707929076784,0.99570965369073,20.314504165972266,16.48067969414,17.653650424840567,14.445699246777991,12.087835451611445,13.88015478330147,3.037531249343563,3.4530742085115804,2.651875286789212,3.245522357540465,2.52315731536864,1.699021755680807
AG,0.006083082923314972,99.15637797794096,87.09986917950489,84.17404739126674,88.23216639831776,85.05730408250788,77.0804726128347,81.59130241600973,71.99970566438071,66.47246812895635,75.50862881474653,67.76416384649531,1.0857717733929968,1.1184987681044136,1.116478294859226,0.8891444162499886,1.105199445491322,1.0103272679666104,16.401434168748782,15.728639662911451,15.067930687323292,15.679033682535977,13.31530697608782,13.662673586886074,3.5956637751483798,2.971581847423761,3.045639743894392,2.518547115542825,2.1211498649596963,2.256113238702366
AG,0.0192193289886584,94.69998051347876,91.57299659868595,88.10352187595159,96.56177610116852,84.05420504475362,82.26604665038147,73.22689203851425,72.90687495038476,70.16230292759785,81.75263946693785,74.60254513258047,1.0655455848539412,1.0057103918704764,1.0499877579902794,1.001475570626673,1.2217205160036115,0.9799182818837998,15.208688892556625,17.457917578738115,11.387343532670988,13.892506432255699,13.229982940911778,11.519265844772043,3.5976844974810653,3.719796129770974,3.089260443704415,3.3870297379077847,2.3247810256293664,2.689304266827541
AG,0.0067079919735094145,96.37849712603618,93.60690609172255,87.34450545696973,90.64603310223205,89.6031101430577,80.34878708334652,73.6958122770226,73.49523884909961,71.44660972163352,72.83639985567318,68.60987929574523,1.0583970926642816,1.0574839394189892,0.9741299405465044,1.0344865304670807,0.6582269577168983,1.0240265938470847,17.14544305451917,15.850766811069613,17.886216666199772,11.54683275103544,12.638745821218931,14.745907724277552,3.5993658648739077,2.7262713780563472,3.111018469653024,2.8856746003189118,2.0140723370153055,1.8108183374139533
AG,0.010509409508123953,97.60315539292073,89.95435957773375,94.63904732030763,83.10285680185318,85.05576068879783,80.18889967547862,74.72012846026632,75.99526616706699,74.17525770241984,70.75520154718532,71.3680670708709,1.0707157764020165,1.0675455804969598,1.1112915992381587,1.1526908884900866,1.004583962201548,0.987997291030938,18.363150183826242,17.915698388753334,13.290514367489768,16.47567433699644,16.15443986474033,11.986917964326798,4.271799297840108,3.2267248245248084,3.165586635563075,2.2188635327416546,1.2617074067760439,2.731123995871037
AG,0.00016170675825546624,98.82685813601775,92.55693274673787,81.41519267796383,89.80089015553102,91.4998663633632,73.1852754823188,79.0959305044712,79.8149791315144,67.49729348932755,72.47120066273547,76.89191078469239,1.059504364956905,1.0048272607819457,1.2225261087163417,0.8717249095510125,0.985334651461223,0.9912587559537831,20.09455572829775,18.08224471230018,15.230261780402264,17.230935418807245,11.638771466632589,14.615072378820127,3.0164629452867584,3.5045851811090385,3.0769904625810387,1.8311139887843015,3.9623183716179584,2.5754594270130102
AG,0.009762430308858629,93.73481791824305,98.33007175729934,96.8964155276879,90.87766898637379,84.49915799397121,80.00231480133222,76.81554687547232,78.53733537999868,82.05755984818622,74.65082874232655,65.09629188831117,1.0723228586161482,0.9840716302589223,0.9720707461669279,1.003862778342786,0.9914352552767807,0.9975364054262177,19.619787737859486,14.554807940863029,13.960360732783531,13.064323438544148,12.506066113016907,14.544793052708021,3.047200651559162,2.9399544131261757,3.78885483207974,3.824745474369278,2.775748553579013,2.7357339442634903
AG,0.006958140150843112,95.10194576726647,87.49168341829453,95.79293919522097,79.13643896111016,87.9148775585078,77.51723955517319,77.85441458086896,73.54811051447808,76.62432662142925,66.50226613781138,72.13252701859818,1.0696436687356388,1.030269038519893,1.0985532034563994,0.9877857979461839,0.9223863745372571,0.9951840690976601,19.07086407317615,15.903521372511532,13.497574101568809,11.983437576108305,10.728789171722427,11.70425766831669,2.90496448345218,2.832120182723404,3.614622733173619,3.1611358541293053,2.521313395662204,2.600643235789912
AG,0.010226417870153026,97.98919248748207,98.10881115799405,86.22062392950184,86.41277677925594,80.85389787283627,79.45948890298072,75.52601199817148,79.96565691435106,76.73980362043443,69.95935062799089,67.24999680621761,1.0784949724221995,1.0315658883106127,0.7538914211591858,0.8408619155011197,1.2189633837066547,0.9985054483744984,18.151394646754063,14.188552591473401,15.691889096884841,15.170832666782516,10.899718101335763,12.7767827919605,2.947060582101957,3.6349736789307694,3.1321261051193474,2.686571866057212,2.672129135871019,2.4532199412727693
AG,0.009720902110494709,98.25236967989179,96.04122107028309,80.590985570639,90.34095049886312,75.52535318261451,79.63597519748534,76.68423415610039,73.85085504900594,60.291768812356594,73.70259901633398,59.230591785391965,1.0899030704335841,1.0667509228574645,1.089407270228875,1.044189058426474,0.9860420614708416,1.0219353632258288,23.39510820669607,13.59918799587217,14.449482956511986,15.223863364534036,10.476383090409177,15.470182788510055,2.608057585153235,3.668183224616918,2.7561569563906247,3.7909316766672814,2.64289026567139,2.031958702320761
AG,0.004515948866598486,98.22605664596304,84.85182135792449,93.65060512603016,84.02761351250477,81.85732303005487,78.35330537941165,77.85952594909419,70.57384556832486,75.63903832073765,71.59729398558792,64.6612383649975,1.0662679978542597,1.0470932283005812,0.963143517792041,1.0154293377461925,0.7635105694065019,1.0242834899032665,20.34803707430452,17.479972943971347,13.717614750682747,13.356353475179887,10.372618004788897,13.268735033503104,3.6935089526693905,3.405716692354932,3.1715189795265357,2.9477849289931024,2.3918585415264575,2.376567785801821
AG,0.004623297066839364,95.56775220654053,89.43290779017923,90.29526811269412,83.74758570519879,86.17757043141307,76.5625007052493,79.14055522725265,71.99200336648623,78.06689236531658,68.33943990022229,68.47015772830265,1.0792737075847723,1.0687192159374224,0.9228304107871842,1.0815546459567649,0.8490000819195104,1.0136169337760221,15.12528586973863,18.964823000542882,17.661704734168634,13.244143009708404,12.413143460857935,14.573705442686242,4.054255441784089,2.209915451272998,2.7141053660158874,3.0867532672409888,2.722610461166047,1.917625738741722
AG,0.015318021738586358,98.77157365084958,95.21934418382551,94.44934621372609,93.25156154260951,94.60814478206458,77.45330254858015,75.88548497198578,79.09014985256258,78.13628369779825,79.40163223056395,75.08939442550933,1.0555805107235188,0.9865794394756539,1.045085714086814,0.7394064668683491,0.834580678499165,1.0060501401307846,16.94036776568997,15.029681891619433,17.189579039167675,17.037343784017622,12.789256040247219,12.3941952769855,3.54514831150103,3.949177271377791,3.237899639839447,3.313175418274292,2.4123518518540727,2.556963657190865
AG,0.005471531940066151,95.51955741988677,85.75419699655188,87.80768954432567,93.52505504863129,84.56445860865126,78.24920385243801,74.53913711425471,67.0484890708268,69.61164668340483,79.25173412818957,71.45470279959574,1.0742530114709088,1.0777563454747525,0.8404242987092396,0.9300202140223082,1.0187568777400144,1.0010257071675903,16.886737639924604,14.77523873170805,14.97384498338237,13.514675948066174,11.83787205423462,12.947669632403134,3.512702730118023,3.181247017668961,2.400134603046816,2.8843462272243254,3.7203799797859376,2.175119970592891
AG,0.004288744315249316,95.52944239551039,83.8395538305209,89.94510265943543,83.1807653407018,77.19080093304339,77.38991729381502,74.71359651097023,64.15518173357754,65.99787080040551,66.66187111902629,61.9596399831605,1.0680686428386272,1.036145716890428,0.8868192430861579,1.1232696275314378,1.164207646418667,1.0040598354531567,13.8869856780589,14.057070937438288,15.070969645842027,11.238726455547775,14.53440524623907,12.55755751649873,4.108228995857893,3.757318159480868,2.940256484848954,3.5793711934487353,1.1620641717346416,2.374897617258102
AG,0.004361502612062871,95.96656401966823,91.50081393313089,86.09461354708043,88.3288451321885,87.93224904686767,76.20592871774211,76.49026992892156,75.06214106314988,70.29040749743551,68.90165343818057,79.29544024820449,1.0727379001260342,1.0046069428204458,0.9539635205145531,1.0880366027892951,1.1356639469469212,1.000271068001218,23.832737696775244,15.223492709143516,14.15023798209892,13.134455146153158,16.788369273745147,10.38522560088201,3.22313536269379,2.8674473358884045,3.587681021826801,2.1709505959751136,1.8973890880555988,2.436583394545782
AG,0.01887140830641892,99.86255081796571,92.9136221277781,87.96844584932012,95.49502748738894,79.2955981582296,82.46080824759375,85.08689995191166,71.46132417858985,71.05407188425276,75.02152444028688,64.01057271024862,1.0747315646034579,1.0146523179826235,1.1308142402276913,1.0099517069905446,0.9074967001057629,0.9992688202274203,19.376854027601194,18.237035373116168,17.70554218006088,15.353075708029651,12.282857436154412,12.257754804164888,3.7564526364825284,3.2837821398025593,2.7663747797260534,2.594621230853597,2.9360487877828123,2.7464087453691386
AG,0.009183907770755461,95.19675406285859,97.80624136936385,82.82937944721188,89.27729069737687,99.0625672830981,79.86446901479434,74.73199477722972,80.53708843568289,64.66037839113588,72.83196664285629,75.7429595043369,1.0721042444200901,1.0562282284080193,0.8541097641588924,1.1974472770321611,0.8868330397103144,0.9948175288262971,15.342959303018892,14.584820066493082,16.04218022365625,16.417466963769968,12.852836140193192,14.035590510396501,3.2757261658787034,3.635294741149571,2.923464479190873,1.8840953041040502,1.7064459533346783,2.3138184945857145
AG,0.0010642269456362103,95.41784052210764,90.74797884335756,88.44920995714412,92.01672549055658,97.27347015325628,76.88593984578803,75.3288715948195,68.74073603948658,68.3988547588745,76.51502208504569,76.36364303171031,1.0538976967843914,1.049200701494273,1.0570462478606941,1.0211792261749129,1.3552308870117011,1.0043415686654262,18.805169424143365,13.358734095419544,17.919380099604986,14.591981588617402,13.976457229234983,14.548008211872212,3.628249221471613,3.6444915794806128,2.390160029932126,2.1987603524863424,2.165359458430515,2.5959494521786306
AG,0.010012614895624097,95.033655033253,91.76007047602813,97.58936960056816,90.78478754084922,80.24381565114537,78.13400299862595,76.30032092646512,77.6663597582149,78.20556639567802,69.39524165596939,66.77023073255134,1.0701819185781871,1.1441141906266392,0.9909676076890769,1.1906762526793444,0.9661574501768039,0.9879807931034457,18.51893513832175,17.55614271482162,12.95161532206127,12.94037778938707,12.28095059553114,13.631179941036159,3.370719967098802,3.599272784519876,3.415471696836365,2.675324601742677,2.6886247862146875,2.470635950613575
AG,0.00926988610835123,95.99955094529673,98.48883306494308,78.62419347990243,76.2841836896015,77.74973561001745,79.75471721067343,77.65121272459729,76.41661692636073,67.14771564836178,60.860127990317544,66.09485147175414,1.0686395301370628,1.1734474844950447,1.0022156540761862,0.9423537370743992,0.8724152239552683,0.9851716640053085,18.276138971148868,14.4122883910617,15.000043370218968,11.833420514780045,13.489352094020868,12.664298734106453,3.0609975589769127,3.9731565545755796,3.1629328793505707,2.46267246547748,2.531758112538317,2.29294086489258
AG,0.0092175795100749,97.14523802181213,80.71782749999527,88.57770040178704,84.84935629549145,86.1003717619591,78.17275705703167,75.98621909767418,67.91697978190962,70.47181052755897,72.02646012833446,71.00592996339091,1.0648638155516983,1.0982903291413693,1.0801505638327644,1.0489840121106544,1.0107495363457144,0.9949902462411448,17.072709741608804,18.606469452691293,11.891443336824713,13.48354829008656,13.200690298407498,12.648432175873205,4.246450175870847,3.1602599124599937,3.9077442436118615,2.6442319400627627,2.7280121147970737,2.345458489420753
AG,0.006310934408079414,98.5607160630835,96.26180489310413,95.20389378720232,98.12702773791243,80.05186637884913,77.64598860014533,78.65046198627735,78.9292047092593,75.32476347463101,77.3899894394248,64.96319076254795,1.0803985615874672,1.0919519138170746,0.9952075490146234,1.123035872864766,1.0428529013220895,0.997159005022061,13.641208845130928,15.530329002502665,15.663712771499151,13.272026045596611,12.055407219360957,11.621201051080748,3.719170351276827,3.436408933838724,2.4931472942969006,2.5883325265062997,2.529111643138937,2.6618064885501056
AG,0.010383594370203877,96.0593690123045,84.47068008426594,83.434017657203,86.39287998692808,90.6640122204077,79.63543565385511,77.25347135781574,66.97094199039631,64.60824952151138,71.38180028937943,72.07631876949554,1.0694503142808067,1.0575316145692168,1.1795311670170534,1.266671080030095,0.9911667323508685,0.9924306382921689,17.686457328505355,18.391184112549677,15.24688718672778,17.581310788655763,10.919369842513102,12.542842393700733,4.639347967113869,3.5608161801737883,3.054407444650982,2.4019625006466185,2.464454813334549,2.5416114188354735
AG,0.017048061058133893,98.83526128277049,82.44607955350156,91.99483844664353,81.94013494195927,94.18904926365427,80.91836025845073,77.62709609725846,66.31360463150467,70.54525393800522,68.89342620274257,72.88478656028552,1.0735045831229681,1.0064673846748218,1.0536674491060576,1.0334635379379353,1.3359325634875239,1.0006080989042108,22.506822296496612,15.878637709128016,16.401316889483997,12.93216846607621,13.682114888373565,12.309000851973236,2.197573776902749,3.291424931830722,3.1796811811947077,2.1799584738086693,2.6642331385880045,2.458574175878658
AG,0.008795663928514143,97.36174694419076,88.67040537693713,92.92153685524094,84.48709425038048,84.44898895543314,78.24185263830438,75.66986122171242,66.37226623608123,84.000664336748,64.65086149888569,70.07705978356253,1.0646984383169968,1.1103989136020787,0.8828680723612967,1.0335654499986475,0.9283267275347018,0.9805084802903313,12.403362857401923,16.01613194957289,16.07423456157386,16.034469900003444,10.736655872084711,14.67008114410991,3.14950405792312,3.4110648954766507,2.800465711422715,2.5375869559566326,3.3496545394314436,1.94975803366353
AG,0.0036384119968813234,96.47064134986502,95.01050454486244,79.03801769800683,90.37959359595236,88.93097914967501,78.6374030696997,75.57214903273795,81.13800625838672,65.313128185543,78.12264935333715,74.4183701171308,1.070073444342586,1.0193511934770463,0.8143026830884085,1.3729672571291476,0.5262561515268235,0.9977203067451449,18.668356479800977,14.600831088558413,15.779507260034283,14.146045863381199,12.667362215402173,12.610789275057055,3.1923233053333644,3.6376170371286873,2.6940581808739896,3.657300247686579,2.3715808164383185,3.0633392247027036
AG,0.00482858322915315,96.5565388825248,92.94452941034372,86.39356200223938,91.03606712876615,89.22088760870125,78.39687131474207,77.31395350690508,75.98015931525713,73.38935346176666,75.04394505617657,72.62153808757714,1.0700634355070395,1.0202292595961107,0.8960195974346299,1.230668830268416,0.9471812465002523,1.007375802913297,15.863019869015332,20.35647919832078,11.565762629596996,15.419955776927061,14.0895460459604,13.60599929661396,3.5559060701700185,3.1495227693220915,3.2181130166184166,2.061837648322039,2.388266985097263,2.160943074045699
AG,0.012021025703369534,98.97892407815911,82.34890513537937,92.36021945079217,91.45664493851305,86.14801677518928,77.89389369789082,81.45883427020479,68.70138505980258,74.28563729266838,75.29633247876289,77.3719117731828,1.060832624957833,1.0249678908269646,1.1429877165694333,0.8394284027277255,1.0794705813572454,0.979634306792028,14.891957675586937,16.385833639200442,17.761501811736665,13.55622074271408,16.0360494062212,13.224541764047485,3.6758846220473265,3.154114070496505,2.7760400776969614,3.278236095961845,1.4674184975810864,1.9788947161386734
AG,0.000722074741772005,90.90966447538582,85.12491987299812,82.56683913393604,92.05908019162374,84.41212577017438,74.1272654698759,69.89587901557977,64.15734839180242,61.49701287414834,72.78031723377752,70.15001496121202,1.071738423080442,1.0217499175838205,1.1231781850933258,1.0290291463261465,1.1903086261552218,1.0047918999948355,19.201240827722437,18.4595497197909,14.932124705192475,13.809118784509746,11.158044794830456,13.681619983611194,3.316773859110009,3.738486866421373,2.2991125142441673,2.696675438081864,2.8727257088819034,2.2212001022209815
AG,0.009743133907218782,97.35205224074791,98.2427513670331,91.05354210411558,88.40496575863084,99.24568964721713,78.97148442231924,75.78980820446097,85.88905038713371,74.83340042939766,72.96315135967501,82.34676084611641,1.0641564587870935,0.9710204321734455,1.0429148513811257,0.8846019881372762,0.8917533749939968,0.9901616869277251,24.10698471887488,18.867185962322054,15.4837595995951,13.51820541461673,10.550454011224046,10.249247288035104,3.223083356897864,3.3394547672600554,3.093223150303592,2.2299251219560943,2.9642214751354032,2.3631772419547175
AG,0.0004022633820926315,94.10408614880464,86.38229220319748,93.97382891752645,87.81681956858993,97.01934224600595,74.8997521612344,71.75074923133846,69.27098902051102,74.21259906476458,63.28698221257197,85.18400415900581,1.0679157376478015,1.0645257133653314,1.0442839783384295,1.096721420244619,0.898078338762424,1.0115825064669401,16.561900261802318,17.23529487762625,12.037177704607966,12.130615242385755,16.95111549600134,13.110685970916604,3.3831726862263762,2.8450351611488798,3.2815463438070087,3.5468504473413693,1.2600464528527333,2.0049655763212466
AG,0.008285894181646176,94.0951223432392,90.85016904114987,96.33110030811233,81.73939211466414,87.8334481127924,75.78868257678769,70.6233075724126,81.88593426394456,81.62390377632593,68.10406914651632,69.93445551306924,1.0645713018735987,1.0449618768611766,1.0156158375283053,0.9483678177892512,1.1544262343251503,1.013864598988931,18.505945973858978,15.569046993991677,12.500045990998622,13.830087806085974,9.781557925757145,12.777571178943452,4.405679704250677,2.9173098479888933,3.7088296165182983,3.1943527057882046,2.6672966717773443,2.3233663044758366
AG,0.00246133106952187,98.0986291226886,95.08239541561628,81.1823062503384,94.11665016403201,93.0411372118244,74.76006495640509,80.97945821322824,76.79379990731832,71.74077824134386,77.10253542998657,74.91696591129715,1.054123800176836,1.0595185547441925,1.1020476498121607,1.0317234639279824,1.415500730659981,1.009408400404149,15.100165921549696,17.15687865339021,17.93039694980673,13.473666320076811,16.017711008742012,12.564948070210347,4.633865850986327,2.8905610238000445,2.8881985004264776,2.944063478423694,1.9270983959520684,2.865711212228869
AG,0.0003740862907154615,96.74699336439866,93.8323624884954,94.62596054575192,89.50589629311851,74.30541871462265,74.03757742035825,79.23782718271278,74.5413973269788,72.2706140018424,74.25581959508187,65.12005588186386,1.070667821847693,1.0127712719870954,1.2433458307214336,0.9971331041331827,0.8589505549857132,1.0129018418818037,13.394788466146803,17.306751766461456,15.352282027171817,14.115688803079722,12.753617417610744,14.534670025397713,4.215124661977694,3.1062905041552087,2.713319830344981,2.715805348061261,2.7685052599278794,2.8669580369739815
AG,0.007990634441746391,98.0067531860243,81.36202018282768,82.02407865759015,90.42949705115909,80.94502537298652,78.67785125815595,77.51466145142707,68.19362781304291,66.47426166563312,74.46777385226818,67.02150825628428,1.0777684640059157,1.0448679953010738,0.8262174004572507,0.8482497862061518,0.731950054939984,0.9995219194182458,16.502842044657953,17.028484106132538,14.842737844642015,12.658026614124662,11.745071497842321,12.030292405647874,3.7374739095600344,2.936331052275679,3.098147034406405,2.9157449510165323,3.140972874237228,2.8773574005957885
AG,0.006531352333767727,98.16332907682003,90.28884328029488,86.25217665162302,85.72342797251719,82.4802790156117,77.56184545141295,79.55412114398702,72.9463373578298,69.73505560810834,67.81423081232423,71.29761774046223,1.05200610178101,1.0183331605647352,1.2240683709517883,1.1121563017167357,1.0038011170031171,1.0118700031546972,10.8477318795602,14.037171744682745,18.21825625097478,12.991122647719843,10.66586938136718,9.328537501267888,4.248653045569646,3.7504423048613553,2.9745968268837957,2.5906388855002196,2.7125985334351763,3.068530742677639
AG,0.0014244109365636282,98.4952019653586,85.17561174422806,93.67229006669918,86.63701863450285,82.51679668336948,76.14285086680981,76.2394350132387,66.14094692108836,71.38386534823391,66.58999811845537,71.35115053854287,1.07340253005601,1.097000515687118,1.0892235463646742,1.4109520726291724,0.8415817855890129,1.003857677859893,14.242567163736108,13.707447535009251,12.13478840022567,11.017014356132202,11.004380343698703,14.479647668873463,3.1974608376060623,3.2141085416811004,3.661378207603686,3.0138954222905188,2.4059575090536085,1.6823853809432792
AG,0.020101157209886148,95.37866333853346,96.09479594799357,83.53548082739164,83.93989420733122,74.90219847217871,81.16342538158924,75.71497059064397,76.18100927984212,67.98460002676052,66.69249585660138,62.17477977343704,1.0834266533051666,1.111100035788281,0.932672738382298,1.0444022970415494,1.107548408598176,0.9888523693997325,13.459309806963248,17.924415506887662,16.42925615646901,14.148691646989185,11.84955242697889,10.682665383063494,3.4681791593469398,3.868595598091918,3.5980037564296894,3.143212574695875,3.415639096299831,2.5893018232265437
AG,0.0062601198834257125,95.29617720539662,89.44727744529773,94.0778646158303,80.32106116782626,72.87035305439288,77.03335225911147,75.77351709093394,71.13096152038106,75.07424328659619,66.52231802509603,64.05469245345307,1.0739427136663373,1.027482381523574,1.0540721192509273,0.834080863954293,0.9298275764236358,0.9890760086223961,19.814018140204904,14.351274519684473,16.19648054540703,13.858257224723783,13.756244095203767,12.89079473596875,3.586615192807482,3.7534782216980673,2.3630628164900713,3.014084930116777,1.92472230468113,2.1743504497172594
AG,0.01796293257738328,93.11493282303745,98.99612917609181,92.57216493558097,91.25990607172754,98.06670108970538,82.04599137141427,70.5676998763773,80.85104666564236,76.7868157408677,75.35995360235407,80.58096318629201,1.0817024535120539,1.0514373297828314,0.8042921556670525,0.9101502322710194,0.9905022833572917,0.9987168576716279,19.850523925036374,15.174343018624022,14.07351676335455,13.678969000786385,13.5226418957993,11.678215498418966,3.5749571853632913,3.4328344463764444,3.5415301263873964,2.789638737987797,2.587447165222044,2.148083241472462
AG,0.014762071108358739,96.5140494873236,96.20624990673026,99.77216381969096,86.611660450906,83.81547971297982,79.76035335104156,76.63636511782018,84.63558082131998,85.46673712694205,70.56247057951518,65.33208266665598,1.062542525329715,1.0811094054431558,1.1382328419374548,0.9938071378735558,1.011959936947437,1.0153272899352166,20.164146813850188,16.47226778663081,15.027916684814837,12.251320770921065,12.582307744552601,12.429418689705516,3.2925693209584788,3.009082139671197,3.2388645680982875,3.1310518724728307,3.0831698497970104,2.4060582890975586
AG,0.006196401276002288,96.66226432572236,84.42942088406468,82.75337082897295,78.65986474204385,95.87142427246559,78.03194800257245,75.05490528458752,69.85459807052092,72.01891825071687,63.42995970872876,74.1368808225476,1.077867747762374,1.0634226088785768,0.7700843372274399,1.1893521599258248,0.890992892743229,1.0010998917396705,18.47020683253738,18.463672923361518,15.006029205329279,14.519432806989817,12.09278980051331,12.753265860982399,4.067991972432601,2.1816896809988933,3.856279509403131,1.4717519352971222,2.2708962532760824,3.0497307708510117
AG,0.011747504768889798,95.31034835323243,91.50561313066878,94.23414569166805,90.56186026232858,90.77764511717098,76.68353667480008,76.78999847569573,77.87836765820742,79.54130540951395,73.27303768649917,72.28558352646714,1.055199253786204,1.0464770459834423,0.9098054621487073,0.8722970299964389,1.2578738759975785,1.0056180530609007,18.416463463365318,15.560458168485667,10.669902627132949,13.059027218388826,12.084088507864239,14.055676029449394,2.719617025356065,2.485804347771894,3.5637417563564693,2.7016271574430886,2.0107652603639465,2.5618700507866916
AG,0.009578665674235588,95.84316163551529,82.59906550808525,96.44034382007031,92.15265326973527,87.12886866062854,78.48635782139094,73.42968926513338,63.78079717023882,80.29436108189965,78.86783271300703,77.68860541974975,1.071751164876147,1.0402823765221492,1.1718937874397497,1.0372331888667015,0.7106488881153329,0.99498430209059,20.403149644266072,16.457478455166445,15.229745164285326,14.496987694620806,14.568787466770779,12.373998930826714,3.7641502985682203,3.1445004395499754,3.01808842174453,2.6752746730102266,1.9915776914878809,2.3709429461715836
AG,0.005908656248348489,98.40903958690973,84.04735710475829,96.32130448871102,85.25080967416923,84.43682632370373,78.20231917805908,78.88058220171494,66.70630922123556,78.73966803100093,72.57326435131367,74.30205053813262,1.0819109615980875,1.079917859609326,1.0750075342192749,1.260638801668843,1.0898575947667406,1.004180579379644,20.68034269195749,17.296170681264762,16.300611765173358,14.557114358107848,12.95922762713116,12.798251576493442,3.418068797315221,3.665642301377573,2.306842397092376,2.8932800687711944,2.6228054694594136,1.9326915080891083
AG,0.007453646719718538,96.83211045308153,99.99759128181863,89.4221415090764,88.11825956490904,84.62359918553541,79.88388406684243,77.35696927437787,92.83759116946567,65.98269087130043,70.11090799781064,68.10301956029781,1.0507697100163413,1.051653594420025,0.7975772772159978,1.095494642839542,0.8124068339624506,1.0093779174349629,16.91787405561929,18.35260556773718,13.871199479940245,12.94008619837557,12.140482911746199,13.806288033448222,3.2904362193612933,2.9356946201021383,3.486491399279459,3.2024355002488885,2.1352577477288612,1.8843266935625254
AG,0.0075549643167950025,95.78672571235603,96.86541109178046,93.99026577129474,90.52236029663158,89.70114115290555,74.58550440686959,75.61440034665485,76.8656802302809,69.0954680008593,74.9495395789847,72.3552431177254,1.0826793425463979,1.0377867454209193,0.9595684345949592,1.1994918593108257,0.7293255508204792,0.9881325947139691,19.440364905467273,16.023976474841145,14.953053605174027,15.024989196844746,8.761348541850861,10.535127816856436,2.992728245140558,2.6076391390390046,2.854957635044065,2.8632685567743583,3.0682167461516294,2.380967345036873
AG,0.00909312330103016,93.38129094813739,91.8232577028819,85.95854809690472,92.8703507793478,86.88247354682359,79.2579236369965,77.45891991223814,77.03318683318126,75.39900881171255,79.1074907285505,75.8285641139156,1.0569326399137355,1.0199113828826771,0.7258246209603829,0.8807883502459292,0.9021763996462819,0.9845834572591381,15.198280780212789,13.3618046822827,15.350429009023145,14.34875649390122,12.26651350561747,13.435471167422307,3.116114731634656,4.097788284488992,3.0737650693917478,2.6771720593348296,1.3837352482730048,2.174739046728879
AG,0.0004438149440220257,97.82013334853605,93.00484817411048,97.44427352182355,90.28754018607822,89.16256101837332,73.44804590194117,79.12914667941567,79.36712302996102,78.17578079861667,68.20403096625675,74.31146865156988,1.0572962232608212,1.089537669890336,0.942658534755864,0.8806199671108336,1.1414451221506179,0.9908092327392369,15.821380528325882,15.670593921286235,14.870501338230238,14.048660909674103,16.295643811322336,12.630353365640095,4.172948639157233,3.658380522778703,3.5273808619172855,2.803857541915915,1.83190938201078,2.507161464300929
AG,0.014333587943222734,96.6507792311193,87.66814454871772,87.80632981935472,89.61263680089809,79.2726874751263,79.1625668415769,74.4177681017496,74.19904407996185,73.86721013012337,73.7832796753254,65.32368340886183,1.0669840456180926,1.0361922539433657,0.9701046504615396,0.8151625043729346,0.7677737116571749,1.0124949762683149,15.05327693155974,16.259284350758904,16.728572789952867,14.595447210527341,11.644965660916613,12.750415347071451,3.2335212430005966,3.154465276798832,2.6139483633497,2.0810583338433952,2.8795405390912596,2.7493962276500366
AG,0.0034131437846524654,94.92995354443899,83.96597423228212,86.03314831250178,94.74272438647458,97.49933018446708,75.58272368343356,74.89878872169425,70.74251141358526,69.74326421316087,80.83245264829154,77.03233450083204,1.0628162277068034,1.065293094510864,1.2397208342976616,0.7699779828327402,1.0901205295243541,0.9964710550951178,18.42685437702912,17.17981654572487,15.335337693141417,15.67123812752826,12.523688918559172,14.142786730164707,2.628233175810086,3.0083762360750406,3.3120267250810347,1.4661853170873134,2.3736571146608294,2.4467533954953735
AG,0.024903810142346057,95.29756425019438,95.22219932607314,89.70983969667351,97.14267927953247,89.89517568961949,81.41649259699435,76.09249893901499,70.82177054313732,74.58805269984136,83.67767006889905,71.49744558634146,1.0681077724929569,0.9742893418505417,1.1431748471542498,0.7175142697172691,1.0128874829912775,0.9974467681899841,20.63124426965305,16.20394079012367,13.631866370151487,13.261109443385452,14.510735603962798,11.164211408568304,3.5320492898924902,3.314415261433628,3.258909500026211,2.498008380189406,1.8574965475638197,2.3152023774475436
AG,0.013676500614911696,95.71316978699596,94.95466540689273,94.69740579936943,92.69039905115217,91.53896146237432,81.6807400357763,73.52659981597698,79.28973684008463,82.01249565259565,75.36022815344168,77.70699840073323,1.063079845354649,1.0491453992582418,1.1425659389704725,0.8389380653963484,1.0328249775098297,1.010634349659104,14.816518882472765,17.240867236074465,17.633839381758786,14.924577710798193,13.20525179432041,11.367031765722354,3.0760390497178123,3.0835184784546765,3.765527157693475,2.4998878635818658,2.4535114261297593,2.183407302940219
AG,0.017632309030168478,95.66625084828769,99.38799229659237,94.61774147375421,90.69329714506941,85.64669829124175,78.24886981384537,72.20522604908142,72.88402395324265,75.4807862898233,73.68760364407868,75.82972626301759,1.0568380211006663,1.1132319050551578,1.1824969120581943,1.0782957716607433,1.0254677303307256,1.0027863394977508,14.328775753232309,19.777380954644546,15.899467469012212,15.653224966514216,11.97442293607234,12.95221821495799,2.9019659395503417,3.024318733390613,3.309096955288306,3.034834733497146,2.642434297143951,1.945108107374513
AG,0.01188226862503948,97.4373626584765,86.51915947981395,90.36060063810598,85.48118077263626,76.42589603137228,79.50348695626683,79.98061428208446,68.25462213759769,73.99500683499404,69.6832325614919,64.7450306423948,1.0659523114089953,1.081112271083192,1.0645267502559754,1.1592309390275601,0.9459605825823917,1.0063197560619523,15.885046007511344,14.313905399720138,15.099781997494278,15.688990028649696,9.988370294073864,12.706614227693498,4.424573677535159,3.695864027276567,2.61387845863362,2.745629427595924,2.1391323815488255,2.603810474773749
AG,0.015782633733127542,96.66821744412844,97.1757752893246,94.89867321112499,86.56566306500604,80.9283697543327,81.42142396245069,76.20332521218634,79.03602220339117,72.79277136631826,72.29673951110718,64.54208015515697,1.0603346308847086,1.018766944970666,1.0195192827702946,1.1563194037673934,1.1212549650135404,1.0046295729518386,14.473649383085823,19.430151678891228,14.120503431583804,13.531062526363735,12.915166227912144,11.046499967222555,3.221133230808533,3.4892726582487104,3.3427092153995184,1.976372937400924,2.771179368631002,2.288301064798777
AG,0.0067079830743819084,95.99645735749607,90.06739541881565,86.70923454429939,91.91413948391408,83.21226816549512,78.91882073009508,74.4262441414871,77.61796212899279,70.83993640189027,72.90847356137478,71.9764637033096,1.0643135868932725,1.0981655898047564,0.9304161055233785,1.1253695303583942,1.0204980318664951,0.996065070382073,18.479225952020137,16.088207671187266,16.59476138056973,12.710669166452746,13.191842020723708,13.761116428172643,3.4836041528346318,3.119216187339588,3.0755780915925093,2.9745235697516694,1.8352550570585442,2.2839627178797763
AG,0.00412627547817568,93.27991620634214,88.0573511175619,92.19001885752483,87.54295344508664,81.5359029346856,77.40439676411454,72.20290344755499,72.41432932386289,75.10126082474153,69.34481354837837,69.46598534466939,1.0857146762171128,1.0571639941119921,1.1499254857256358,0.8408025373113324,0.892551578772509,1.0125807096032688,17.746343744312785,15.820420671604989,14.305432349037332,15.575604474727506,11.706306003037279,14.18640874043738,3.373730015686635,3.473881878279521,3.1708141148152307,3.427084043979825,2.658768820333655,2.2252887178151766
AG,0.02021171920814744,96.71141563723303,89.67642195207938,91.13770957728636,89.90012399296977,87.3834491760448,81.60616864714724,75.55673239997338,74.3742758802727,73.01132117817895,74.64578677855808,71.3660631458589,1.063148635903349,1.0687982252400008,1.1057803963725155,0.7693898057549897,1.0197017868252582,1.001181315537314,20.645867325026405,17.180413935234355,13.62510745103074,11.481012989353605,14.310898378837964,13.752335856021347,2.642031262039628,3.748659946157848,2.859238435736003,3.318103198589033,2.779164403292893,1.9888801633264173
AG,0.0008210606159062642,93.39432484432629,89.66738307566354,84.94790388228323,90.29486699995417,91.8555780602894,73.8803130686097,76.12842327292262,72.24508206278963,71.99797170401035,74.88844614290835,75.5614959995217,1.070549073047979,1.0312657652226058,0.9331425671206351,1.014811475959971,0.9469080279078443,1.0017594758559885,18.712632567311235,16.08048686222159,12.378682022672079,10.864095101171593,14.047262439127728,14.390238255519693,3.8383704850670193,3.406289276143637,3.13266369811842,2.330584124852493,1.815299138698164,2.7307995675744126
AG,0.00865224537717264,94.02156767053982,95.37962126432991,86.46891180679103,95.03103598339193,81.46245266854096,80.71072981716665,68.92910786365502,74.35036893396534,74.35483095435328,82.80107528009736,62.161789420565256,1.0560330956587696,1.0884369392274762,1.1209664289666172,1.2984782128901882,0.8957391087547517,1.00409142768148,16.30966290358065,16.98178182974933,18.25294851505594,16.646573305067047,13.807552988448395,14.216815078874086,3.4906230460448784,3.738072309120304,2.5385067425895445,2.2232091715451254,2.342860612986765,2.0106271915774387
AG,0.0028329681365776645,97.3103033517126,89.56057244323573,83.79925667069526,87.3570524140884,91.3646386285027,76.60273427430626,77.79933398457952,70.45478603001125,71.01746094402432,67.5039633759446,72.94951087227788,1.0780642999936811,0.994509475263278,0.8758706457776436,0.9504758068465685,0.9481771098923278,0.9977906910737535,18.987441015161266,18.472866227698226,15.382890517347018,11.78376285225434,13.225318112668981,10.72172906469886,3.11532155657891,3.0391645348196263,3.433503445345357,3.5555830683008596,2.121878740391395,2.7205558378107666
AG,0.016915320815175917,94.08491485794437,94.42636767995211,93.55138473859822,81.10501420977353,93.19946824912012,80.40702173780701,74.67148553772539,78.68965375261062,75.88742758278592,72.77858873671869,68.13318828515855,1.0604696350710734,1.1108264473197382,0.9534323336447893,0.9833487977943595,0.9687949704092452,1.0102124708929923,16.62359454824575,14.111278748424017,11.38561068605578,13.281234788973077,16.59856037350357,12.469181622295517,3.572527856786641,3.8006609996742715,2.799720295045088,2.558529130976986,2.274868711191014,2.404962301144959
AG,0.0034035374600051554,97.67357955719204,99.6525089914216,83.047882872903,90.03130005870557,90.16721487691086,79.11521467718275,73.30760134541926,89.59778590527978,63.80040044803776,70.31295152341379,72.85591477188818,1.0753325572277954,1.0946330640723565,1.0478791064504993,0.9886129050857246,1.2083745373464356,1.0148092608445705,17.7505267464253,19.273848628417134,15.222330582468304,11.80061957122127,14.26885769320906,11.801824633166891,3.643201657975757,3.548454460617649,3.0916277571099187,2.786555434549767,3.013646304132547,2.431898399567579
AG,0.004869240772188133,97.53353983551123,91.08732034292439,97.1251364852005,87.3280945566679,94.54865185953025,76.52128309135624,74.78232201363399,72.05069624539665,77.04197829801853,68.27265679006226,80.65285000947354,1.0631284487030583,1.075433166636641,1.0879833862333144,0.9340898320678823,0.9749196289410934,1.0019454793396851,16.064746596846756,16.31960598754518,11.534695334213309,15.197471429301196,11.71027961570036,12.277856309128392,3.1859325778282663,3.5055620398551524,3.1123027460086328,2.2557563638551787,3.257630859623198,2.0851664442597917
AG,0.02179424820334246,96.05784485133898,85.16509041711252,97.0534778286862,83.47994834803538,80.1765922553326,82.57759939997456,73.11930008378626,67.78054707593347,82.77608973606249,75.13065629699662,64.41813002087758,1.0848968291601988,1.0752991618820662,1.149584115796987,1.1065286801059042,1.331831121249769,0.9957167752675465,20.345090035721178,14.578275821595732,15.446404512598331,14.852422427236212,13.950776581721023,13.256137467453636,2.9403585571100312,3.348562383767102,2.7910011961166603,3.41132378341819,2.232421683162144,2.3997284743799736
AG,0.002312322552584825,96.69664133834365,92.17782883823276,85.30363817585338,91.0651262231642,80.56070112179161,77.20816424136143,75.54572364927148,79.69135989623857,73.03922319333526,73.41222215377104,67.51519704157845,1.0798897122238904,0.9878508417466938,0.970064746108229,1.3024560804260432,1.0245793368774234,1.005888147405589,22.781382971824517,13.596496158282264,14.012588137381165,11.170709115606112,13.809198756193126,11.29358797190633,3.240378013340532,4.030366747427041,3.0306092123124606,2.8118125182112803,1.9801623188323019,2.333211516492551
AG,0.0031158997944366155,97.71307041289299,84.89686314087282,87.55014070040922,98.29313152634478,85.1716335973569,73.77499872927717,78.34893732952895,65.32277190785771,69.7892133545318,83.4962911057505,73.39817697566164,1.0748075247658337,1.006884647179792,1.014298840232338,0.9288246723946013,0.8073836363655031,1.0079408640901804,19.585477511801564,15.14814121061817,12.721577742559552,14.677553128083293,11.904619321743287,13.92304127286381,3.389196022927199,3.0617300780802985,3.471159402390862,3.766701949143097,2.1819923324921127,2.391734229557005
AG,0.004727962065447798,94.75934878873709,98.49981011314462,91.26629972775521,79.68019456083324,90.53142114160873,74.33542085457114,72.15337321319397,83.60367132883825,70.44497742465357,69.63661596112142,72.08528254575734,1.0915188420221995,1.013228891316186,1.077735908553368,1.08534034051585,1.2839284939191296,1.0094492964802058,22.716103962031422,13.85474405278953,13.544393997220148,11.855685771610704,14.167787250591074,11.657019313312977,2.8513259521793497,3.9662615567255406,2.34956770199242,3.323043515287664,1.8282179786094939,2.4160048057456365
AG,0.013054119086383043,95.76844129222653,84.52122494633456,85.54438068997328,80.1614830721316,76.82540022786445,77.22542366943469,76.6100924422852,73.12995877810697,75.72519382672007,62.427551983332144,64.93223793809722,1.0632262128654497,1.138696832530825,1.1423090298709644,0.9197528278776543,0.7817487512313965,0.999390105126007,12.246066690287982,19.820160442505,15.435106537515107,14.49458399374829,9.644721766485997,12.41995741795793,4.6853558699193165,2.747601595782161,3.349616341514599,2.583437502262789,2.7567594736999337,2.809517494848368
AG,0.009151066499442315,98.6056331986985,90.23420792096792,93.2103177401768,83.60051428958447,73.09148436116142,77.28283439616082,78.37307512706793,78.49182722291546,75.85079400454248,68.44258756093909,57.90340417833867,1.0673156967319357,1.0226887327726808,0.7173251956112864,1.3595702036903958,1.1338229861335092,0.999429812570296,20.120520817698647,14.592378498380699,15.041986834276567,15.072537348290657,15.07783408900691,12.765575750280293,3.082830750146978,3.635783987686974,2.7805152489029648,2.890813007654907,1.744195641841731,2.466394839172015
AG,0.015556076859451786,97.03886644030332,87.35809722200734,89.5372300780877,85.38446222815105,92.14814287640682,80.91781907593868,77.26106466228617,67.73253760207373,75.61226413024058,68.51864873986369,72.329212254782,1.0406278897787418,1.0414539006344883,0.9529827473475759,1.1597187186382794,0.6888669990878196,0.99142961763099,17.39463272947802,17.11990302681302,14.94609418785547,13.393283227939703,14.115939508404484,11.660151972957856,3.8546140090415464,3.5361944372832204,3.0965248257736366,2.6253810418666954,2.5305281812187723,2.4521990922143573
AG,0.008101409199992506,97.28673341482187,88.31179858785536,91.75998270971114,87.23556533105989,92.71135757306746,80.18296899915819,77.63557199418636,71.70187656150813,71.98232032321444,71.01447350995942,76.87942595501154,1.06139975910651,1.0532017057958094,0.9547533089016362,1.1358924374218315,1.114314227911827,0.9951969757335574,19.63017599880398,15.536200334452419,18.674748077516718,13.700725086585921,15.375582855200372,9.31068453037475,3.5598856644155443,4.148355686684774,2.834756416568199,2.999128330728022,2.451314421343568,2.716965379532181
AG,0.010173703162687816,94.7853232150723,89.66432866096096,88.34709659289817,97.23398083211487,92.4201264272417,77.41619605419365,71.1663681348066,73.77015994778485,70.93737582344197,77.67532459424845,71.2583325122161,1.0673982186121072,1.0754020187034998,0.9935726420373903,1.3860239968415209,1.2560452955653032,0.9811592955994686,15.6647829150027,11.836014716193581,11.491423712674848,15.849614401785544,13.207787604206981,12.398893658288232,3.79851583495656,3.746106883974672,3.5660878329062116,2.448201602029377,2.83296857133101,2.8582656993110542
AG,0.007166024221028871,99.79922475822515,85.85130357110452,82.26393952244497,87.17222947128396,83.42832227386786,75.3558039467704,83.34582401813006,73.48834433300905,69.21890739603697,71.20415803621745,71.33018068004331,1.0690401364355882,1.0153500449349062,0.9735383408717079,1.0296859023188394,0.8152475846836296,0.9915132565310905,14.038517681567594,16.111838750318142,16.15641655405209,13.055757999813872,9.552769892486289,10.746993072137506,3.7191162215364444,3.283079990326586,2.9342539073394094,2.8149582463653884,2.572364955192197,2.8579225326622915
AG,0.0013045331254385709,99.26319307628998,92.1767298140584,90.4959874765497,95.6351962533549,81.65479551518348,78.13163727852813,78.64594053822167,71.14852026295232,66.16198951196753,80.94851291547879,67.9948378023148,1.0681879023053025,1.0431794958609177,1.0106541531030429,1.1264436101576984,1.0942153839323308,1.0012018513223493,23.602676844978877,16.724877676254515,17.651106194249735,13.615341369169336,10.890938339417136,13.900251925112851,3.08274621260722,3.2433422463908856,2.5797047698992612,3.0390002807603604,3.2421767720311836,2.2494125023287546
AG,0.012944400569534924,94.972087097762,95.96382976591947,95.07073243587568,79.46312266965568,79.13976132164643,77.21717822819856,74.04636484993554,81.09974437643106,76.12168625540824,71.93107015188943,71.26244670639363,1.074096904940256,1.1551328252445967,1.193338258982749,0.8081530103866,0.9144577732003295,0.9859996710287212,14.098480487636753,19.37950449653597,14.818560239821691,13.65134394424906,15.47568311463015,12.48232645120693,3.576368003588119,3.3085183947003416,2.940300868289382,2.288133708693624,2.013283411674708,1.839512422641166
AG,0.010851409208773454,98.70348169843885,97.05998950749579,83.67349150623171,90.23056027313979,96.24410907088021,79.25914457040565,75.71728266571135,74.26374094451694,69.78463970588948,81.88366803654593,80.04409255904837,1.0654501973561177,1.05502238386941,1.1172579183125193,1.0827665141073761,0.9574148810316464,0.9847387420017937,19.802180550288412,15.71690466059842,17.320114064149937,16.23364405763815,11.013934481272614,14.116133426075105,3.196231801272755,3.1009565355448174,2.676494148260402,2.891784292977346,1.9838443989786296,2.2634641112719978
AG,0.016958982274832366,95.96925697276576,99.3921240746514,99.80812871402608,85.93389201054522,84.89930223523076,79.44536893338328,74.13217232810706,80.20685334668225,84.39529304303008,66.64985719491068,70.42286559946962,1.0831937886406648,1.0646749411952765,0.8753296927541281,0.7144326635186833,1.154192602808844,1.0155706693456032,16.53339840069989,18.141206132900976,14.633753429199855,14.530324521021125,13.659718113103356,13.162274469909471,3.6568400261468557,3.782159727371321,3.264174963649181,3.5381710109398057,2.2787741698030834,2.493577323786304
AG,0.009078504352669822,95.19274754831049,89.35631288417598,96.78633433220145,88.7377193697061,80.15319429356012,79.83195113541396,74.98155955624269,75.98626611343663,79.18357486521998,67.84204156680813,69.41848545886629,1.068589740781125,1.0254337943263152,1.3258760912865568,1.092475012493889,1.125727669827818,0.9982897628147461,16.58477860912449,15.587973132753767,14.268905877117323,14.004790774725073,11.01473675114124,14.23700739103178,3.1398239363424683,3.358160459388758,2.6558695790294147,2.7533476165931945,2.830587239128858,2.1076752124947844
AG,0.001326745892624628,96.92915298536319,86.59474846100277,97.57953576590687,89.37477002880838,81.86697111468885,77.82246246635333,74.47956295729678,69.25436865840457,78.93375210677527,71.5853422347118,69.72579062025706,1.0733435173289656,1.1122241078069337,1.2111047740052228,0.9585383471123607,0.8880785931940025,0.9863446994382137,17.04218856374211,15.67987139681166,14.343644117157773,12.225139294082561,12.339739201173927,12.237854930806208,3.770297620134622,4.110612308591535,3.121732386890251,3.413518406400573,3.2083553742956985,2.610549012638402
AG,0.005964421995080753,95.22096208771896,88.34111622763493,97.17336125118882,87.29263647420919,81.869927971854,78.98455183589837,78.04892717292593,76.47958908112606,76.93904995225226,71.20314561915089,70.2211329666967,1.0730425497477354,0.9846148667884053,1.2123399884603547,1.1159095145382643,1.2223869059491548,0.9910540842208556,21.21240481461352,16.718466538138323,12.80057069900623,11.395177570311365,11.588551551003182,11.318878974420846,3.207493667101588,3.060449016463842,2.8709800312107303,2.9679500580200835,2.4572544681879744,2.0400672046224324
AG,0.004607400568685374,96.26186387757274,95.06681242031571,70.79892932633513,94.49409111785499,85.70997806296477,76.4549354223798,76.05880395763143,73.42585175834574,59.62306116838205,79.46375995696152,69.93798712816428,1.0783531258084562,1.067642218530242,1.078964045678508,1.3178439345091146,0.9643147390357729,1.0057085081648947,19.28118868675109,19.552151967229126,13.539836264417419,13.766720703591544,12.900166673847284,12.628113189625468,3.5663932480028757,3.060698254765833,3.121255495632538,3.1040133821038944,2.3155540629058766,2.58966590047939
AG,0.01679837421855504,96.37069626056301,98.6378098870063,92.3821889027907,91.0199036693075,83.10277005881592,81.45556216346222,74.41562592095471,85.97339575670732,70.20456521162886,71.33531293326739,67.60182531232749,1.0808744087277693,1.002346157171543,0.9398375060559379,0.99282075432196,1.0801608694484084,1.0169723903636276,18.769921714593153,19.529730831967342,13.937338626887165,13.668601781657916,12.343610666180274,11.97938972752845,3.2262817322670485,2.928687154468627,3.535501330962124,2.3871287484635655,2.973908463859191,2.48728111816714
AG,0.023152159517938573,90.5042999932156,88.54590061779784,81.72951143618536,80.04939494527527,83.97704478838438,79.79104712479622,71.17873828148068,73.74163317923035,63.8172019226962,64.4216572461751,64.11283032939642,1.0733299943931336,0.9912847693006659,0.9797459841783228,1.037071286903684,0.8636222830536048,1.0049216427875172,17.897607464492825,16.156169369131256,15.67351083166964,13.50400537647787,14.25364730217741,13.65994219315842,2.877529239581768,2.662220915638242,3.059384536583304,3.4604578294381616,3.479581841165402,2.198755386381155
AG,0.008177113997355821,97.75076260996428,80.95690533923096,87.53937711597645,91.3698336174735,96.08105115050546,79.60375672053927,75.70496441463803,66.92632973535446,68.24618926376476,69.89811657362856,76.47585840413376,1.064312730553342,1.0930485544121533,0.8408872200587818,0.9284178973188255,1.0492917633585115,0.9955777055395936,16.436912467084902,20.68017133033677,16.72606240144136,13.805803882409837,14.098983376102396,12.440570952162824,4.086140763135873,2.5122904122244636,3.131236474308471,3.141155070335173,1.9314990129083778,2.6341815528871715
AG,0.01603294875823085,92.56972898524184,90.59926123683904,99.18429451732264,83.95154315591668,89.69758780085817,77.30363724659681,70.8851599186385,68.88131654791007,86.04904995036271,65.470004538072,71.36514608254933,1.0863742495397954,1.0525128503904226,1.003625324436899,0.5393798177076857,1.032104940346698,0.9933933333800046,18.35327746968587,17.479614683347748,13.18584923771509,14.199516950253587,11.318611960277778,13.47323317277126,4.231135225270525,3.423005035692327,3.211375378686914,2.5812167551337857,2.33199657333257,2.099729200711304
AG,0.004782660717547006,95.5287856928516,98.03996402246582,90.9963469218059,91.6133192422605,92.23188341717163,77.65808721062469,76.2233792507456,85.88106422388603,74.64188280373877,76.17325157443635,78.14573445957627,1.0776039071851482,1.05735564771341,0.7071015303863837,0.8576537482718963,1.2000813919958593,1.0119574260963966,12.932940702225823,17.423251169052467,14.9360299673318,15.269440226970403,14.374620994136908,13.793421287956292,3.2952286756086733,3.665602171416206,2.8213405584604225,2.0670118143553493,2.5054632155199807,2.7157626812414293
AG,0.010392450370574449,99.93266110284586,97.15737936386405,92.00474050850855,82.90389187474784,87.275527457074,77.04828585811453,80.92293989344981,83.08817365519445,74.64653116254033,70.49904407453324,68.59377235277007,1.0785758308251432,1.0527040469235156,0.9619593695741009,1.2500727496281732,1.1466962544764943,1.008019450121925,12.386967744652024,17.54120592416675,15.453132508169821,15.551694809093785,10.55235802349156,14.53287489819495,4.2189409900166925,3.8686824491078777,3.3206822458367697,3.2999520804733486,3.479610228035366,2.395926808452137
AG,0.0068725020493058,96.46001725996112,81.95159543472568,94.99672975973493,91.37861986968326,73.99800290685661,76.6126653202421,72.60702327746446,63.448288493355626,76.9386293676947,69.00586568055228,61.26034419955161,1.0595730904916618,1.027105067740614,1.1081844005429877,1.1240979712551191,0.8065127868147317,1.0076394672918592,12.357742445187336,17.75022313793164,14.20637669844254,16.123428974963282,12.687413171170112,13.186572516968853,3.679068012439801,2.8681774368939874,3.1969304576511157,2.2136159553815054,3.1838647788018912,2.051415654876961
AG,0.009345134070717149,99.2982685256855,85.74532813982954,99.76949503310242,86.361521504323,92.73298372012367,79.81312922595016,78.55528192511339,73.37784886749319,83.8380488604351,72.48093180487946,71.64664363659172,1.069154890057153,1.044024977605548,1.028674722401765,0.9876910078396814,1.2478727526989295,0.9935070734198936,19.82243249281538,16.721324445876217,12.627898443084637,13.884963447113556,13.92367619534902,11.248876372094045,3.8292416201118624,3.0452652079345603,3.2393190707836803,2.350579296837015,3.5129942273464185,2.198355240997799
AG,0.022797704913805436,98.43576700316532,96.64293661222352,90.78901522846718,87.40689054711507,81.88236534938522,84.38814462240356,77.37543161561405,80.00680152597634,70.38986554919443,71.0645066029898,63.76581302511924,1.056395664287138,1.0146954476097385,1.1355108073307778,0.9643386466346137,0.8681288757240405,0.996076563180874,11.806105748198505,18.80070448425102,17.15359071095781,12.647557346666014,13.952110132851313,10.504505398781907,3.4714870563635034,2.595224523742763,2.831452831609782,2.7679603249614875,2.2280423213000726,3.109975959895775
AG,0.0023940329104143072,96.85951123035255,95.19358101343653,78.2917750291319,88.59936969545049,88.67260507535482,74.54271756455995,76.72805700084984,83.18984771390684,62.55711010449298,71.13686045580042,76.63618297612979,1.066468206832869,1.1223187582109424,0.9469376816737156,0.8474036566836427,0.7018296232262392,1.0014020665749068,18.847318597927995,16.96344819691678,16.468238638822882,15.587519885565829,12.350123144727718,11.071165013050408,3.562377875054833,2.549479819768807,2.9985917540781677,2.086180517373779,3.0397994821180245,2.664607332324778
AG,0.001038349442829652,93.15931754072791,94.82254187763266,89.19457925401684,87.7621837035217,86.86766735370342,76.04649725844205,73.0477695907687,73.64594559086169,72.2132550553969,69.68031875605209,70.25956445050444,1.0563071010435494,1.0771618424069729,0.8211099978439114,0.9924115789104927,1.0835789006239587,0.9944517733966236,16.78893481685334,15.419295821452922,14.338075323514513,11.409146222423182,14.28619079602753,12.921431091975201,3.6461940001145368,3.2027681967645742,2.9117137475959276,2.94119790641044,2.2584903951603987,2.867391585737414
AG,0.004389491311398293,99.94216275950365,93.04733020339137,79.95102533941291,86.36980589729247,80.51470749471481,76.76460305240151,82.9489904059504,80.07361321670349,67.69761545492,73.28270144558286,66.88177862441744,1.0762766007020064,1.011342501012928,1.0519684999340113,1.0466947460483678,0.9946721150570221,1.0077127043681013,17.58194435879095,15.173076286831455,17.80545268349754,13.646180955675268,9.943244348661286,16.0538136841217,3.1805292939158925,2.8329613854668283,2.6383550913796916,3.1490911164522215,3.5677181426691957,1.687534871634601
AG,0.011923549518846471,99.50722366301183,92.93764667672055,90.19650939033086,88.4970457220515,89.08563991663013,79.69830178112993,80.16310695985132,73.06105862751626,73.86479712248087,73.63289506406406,77.16846955420203,1.0672505124939398,1.1193749574200982,1.0917478121981417,1.1881383643600125,0.9226302862713814,1.0073307579327515,18.388245091412852,18.90765808040973,12.51028729827841,15.253528730243392,13.484732953069116,11.680165757713832,3.852817543441315,2.4330100390792184,3.465545155244715,1.949157823992314,1.9349265547707342,2.3935394843272935
AG,0.002409305104046613,97.46999990496737,91.30750818925486,93.30275420448851,91.05776530943389,87.21414488573699,78.59971797760367,73.8329052612938,70.13811474994144,70.69030829359215,75.35418088774989,69.0370912281085,1.0799853958548493,1.0160647226248356,0.9467315339534601,0.8921922228102885,0.9121434267677079,0.9973194548827938,20.934818145054845,16.846036841590866,14.923290205516,13.82286463827345,13.101800783279764,13.125161843438741,3.8040266885518927,3.1001160497793125,2.8322654816687813,3.057225685753086,2.5062912338763,2.312792411109738
AG,0.011294632078428974,99.33236684017086,88.87392190423951,97.13739341123235,90.26941962967054,92.00941906584501,76.65691570835705,78.69750872014315,72.77720177903917,72.19553473008604,71.55601483827903,76.26192720233678,1.0613759547070192,1.0394175808096575,1.314409720234812,0.5934096798864334,1.102757126404778,1.012838645541659,17.57461828301508,20.416309642654294,14.884751409846452,11.815041981966312,11.251991605740193,15.11342860440538,3.875944315724922,3.4050112314483356,3.1772986888756933,4.270504269294838,3.5028473230411055,2.273354849581568
AG,0.006614609433982569,96.55785242770985,93.43017555591615,79.25202603111661,89.22080821104295,86.83843249406398,77.1520423913477,77.95061207471589,82.71706946287595,68.3950402192346,73.23700193588502,72.12828841735951,1.0669393819679744,1.061049219685715,1.0700215681390293,0.9508244871858408,0.770171018758933,1.018886436280906,20.880918010188275,17.11799392503189,15.202456674739976,12.996750105321345,14.22493319428722,11.244779025912562,2.6347338489698755,3.5080274335896293,3.6554970202090087,3.2030143162876588,3.8896375064206286,2.303025581392532
AG,0.005385318119958654,94.55747364728444,97.7934023068115,98.91764042146221,85.89073266872288,89.70049351283464,77.22945727481388,71.82886132391545,81.60788743115184,76.50539733644774,70.76945976972313,74.5358191347725,1.0649232482391768,1.0827568598810557,0.7902806778061341,1.0335541913416064,1.171334277670773,0.9988888372924458,17.12078245747132,12.670177212303233,17.271250868800028,14.83310807461784,17.166594715267582,12.465477347774707,2.8090473758578582,3.823464416596547,2.973291671557364,2.860200953202449,3.190686648367965,2.12622961222239
AG,0.010448778181524844,96.74711193167798,96.41387104863651,94.10585200060025,83.49176234141659,89.11744291890625,78.32408755927372,75.21243767410495,76.39247455397962,72.80380057175189,71.00396949312399,73.79445243728682,1.054616043236386,1.0592179682914684,1.077291128126482,1.0429947664769512,1.0733378859436644,0.9868952469958642,13.744744210030106,14.447105640011912,13.054507133758994,12.385178321307512,10.309070635964742,9.223641132707364,4.541375064770718,3.0729836039797465,3.0002653300120667,3.120300602770108,3.0655833400800825,2.88879505907169
AG,0.005345630183343385,95.49994111873293,93.1292584574931,99.10125031794756,88.28119936411046,87.03483162424031,77.8404948431433,75.17573111734542,83.16341830873807,78.76688006771874,79.5180550820127,67.53117647279849,1.05734983258015,1.1378624584269723,1.1903253679924184,1.2396627991860618,1.139552255125963,0.986304096018617,17.177228721115785,15.451821324388753,17.658225702602287,13.68629500316935,13.442016099445105,10.463653457900714,3.785084356566726,3.4554442895793094,2.932709042042953,2.8623274274928168,1.9272795546431825,2.647322268943432
AG,0.008543163497658436,97.6680945557925,87.90500754841106,84.35909786919203,95.04351060973147,89.2480388208306,76.93123418847304,77.61527233174513,67.9889305569345,68.43456180184644,76.44705038271559,73.80243948994361,1.0704139061282842,1.0568243359578795,1.0455849351316169,1.2929265390535256,1.179917618139554,1.0012289812176391,15.830940811244776,16.466673269888123,12.871505246266857,13.261050014505008,16.120970849895894,13.320441837922724,2.920237953536436,2.768294617212315,2.958494654968646,3.6434817426425616,1.7342653224386613,2.1073375782766237
AG,0.0027837589150980935,98.67082637124825,93.99778537187248,88.92806750828609,77.71868308594463,94.4417627691793,77.26872844670581,77.01813201693354,78.0962483002489,75.4134280495077,62.49175338003561,77.3205051679522,1.073541143460883,1.145987992192053,1.0039702441589449,0.685071898622104,1.1309029591762065,1.0031680730887298,15.843645928724444,17.536869297762138,15.678503510616917,11.883487575529124,11.852748427445363,14.812125202610801,3.6309673164110796,2.8053757254485827,3.190939071975092,3.6986019463551707,2.7211719662178546,2.422244972932445
AG,0.007599002815443017,95.64484850172988,99.27774928817537,94.68086435476323,91.61552860153252,87.94068034484275,76.35307834276286,74.95723863124373,81.94322020091323,73.17241489082394,78.21824920898186,66.26795580350189,1.0646799182702733,1.059820003913675,1.116050700179045,1.299667345350561,0.732439903370627,1.0165176520629442,16.408800246181695,15.488053990201875,18.270310712297853,13.90409768513685,12.45419288485252,13.215599209506292,3.5889225944058922,4.072789149842036,3.118884264724124,2.3870710982321355,3.796994264032258,2.080774299247784
AG,0.007059567060962314,96.96963665412075,96.63314909541128,82.90969090656863,95.05189611420889,90.77939144762514,76.44572753829713,79.6128164036469,81.26858356033509,67.47488201548931,79.583512164737,76.35310250561629,1.0650925686773784,1.0661796567127777,1.160852857378546,1.0842195440378208,1.0029249428018383,0.9882472132630113,23.427332054094453,17.967990565558235,16.47251795955095,15.22214404341932,13.45253499182682,12.912404513810811,2.562641646598228,2.751643849257777,2.850031715359626,2.848737350305447,2.9704243777585657,2.0627454944257213
AG,0.001857102151401147,94.62558228060894,93.51421933471963,87.50068948610154,94.48509141584746,93.42527229259,78.52937980288513,74.48654591055842,69.43487381146927,71.48141495449782,76.16477445341114,77.58598806145582,1.0628449066211518,1.081107989353831,1.098513335329698,1.0628462367513611,0.9930879208557235,1.0038717210295447,18.08499357599386,16.312224628441918,11.779121876928741,13.99247137925268,12.646143915290791,12.253498849518174,3.389985305736435,3.3090564313238002,2.7989549323925678,3.3663520656751977,2.109132081029334,2.6611268870090528
AG,0.0016233712703701147,98.76647585103755,91.54043447479978,89.08345077385624,92.84471276455136,87.53735078996404,80.22414840546558,78.72615166879908,72.88077222521227,72.4032994937655,68.25042827327347,67.50643508103057,1.0691721891126247,1.0899583675899818,1.0077661333832857,0.8815973212706076,1.1728658667189458,1.011160122732499,21.18326765413209,15.348229006534051,12.562507955573325,10.692445604055855,14.578389867869962,12.958101984957262,3.365217529007249,4.294753956887532,2.9717519114088193,3.5363797380026845,1.8686870349950961,2.277064107182132
AG,0.009594761961593737,91.63876936522185,87.2975153561837,88.4554907723929,89.49436547241778,77.77671490278864,78.65154370463797,74.76169326830282,63.224278666770644,73.68903935819066,75.93455478328302,67.18007691685638,1.0737214229605379,1.0372205185415522,1.0683740879637313,1.3985821073390712,0.7914779706860962,0.999290108474958,16.71611623157548,12.998129168657673,15.211380914663183,12.511775940436564,13.259293722961734,13.815204265772078,3.089074539067467,3.0341242100559165,2.9088783273347953,2.7995946275757326,2.3610148881374453,2.0606822547583246
AG,0.006821694335476455,97.83250728620389,99.04866587169059,84.00851828573695,81.4429756475755,85.11499269245432,75.89178718205504,76.82275676361655,83.33380122480668,72.76503536041437,67.99823856750558,65.12242283233924,1.071836734963223,1.0719392791139934,1.0499221261948937,1.1699544775880497,1.198555933556449,1.003206961782573,18.529535397278725,18.870669472225398,15.175818038007572,11.346218478396358,14.677804079084353,11.546001196382635,3.0243846963641317,3.65632552659085,2.9517674038295003,3.793200868882596,1.872518100998589,2.1998956045017595
AG,0.007355147243107456,95.26742110389789,88.48966648092616,84.79079638180802,88.36590029154645,81.76480205694433,79.78803476095919,75.71915448245252,69.27900000977287,66.87668768896546,74.08698731712705,66.41551916904463,1.0841870550801829,0.9711088728500546,1.2484798029931063,1.3571135217080117,1.216161211843252,1.0241468375632001,16.047740565815964,15.938080064711194,15.549091619309628,13.07938863342442,11.73583413551285,13.762396720049399,2.5293820915700134,3.657260812572341,2.8524760498033026,2.391709128572563,3.1442648810988523,1.8990273044698367
AG,0.007258633916032437,92.80874141887051,88.8300415319446,92.51892607504134,92.2934246615431,76.74989443750022,76.9479444930936,70.43857775896579,73.7552838553151,76.84594587518377,74.38312341752359,58.08487420563539,1.0519254808434544,1.0173225100392664,1.2398514324794174,0.9654653676357412,1.0022453520072891,0.9976031216036518,18.329319796520487,15.236530451043821,14.927648294127437,15.2548563770119,13.09136105648177,12.32604669306843,3.2652872336534253,3.719522283986427,2.433901398701865,3.199555503195423,2.402955612810029,2.806370607542629
AG,0.016281309629836406,98.29636041850726,87.6768246184168,92.85878687096866,89.90477865517329,87.8780898691555,83.85190200916125,79.06420078685004,69.54051730430038,74.0125696459629,76.0180510587454,70.36266712855122,1.0539252438019604,1.0393768574139068,0.9089820154619198,0.6774130195574575,0.9576841495128703,1.0172168550206833,15.457239887820085,15.58795714410257,14.382591320353846,17.595190167740167,13.728868192485791,12.734991513835046,4.0703531835520375,2.7973268252704315,3.1903826216722058,3.1241267668939057,2.387437391955491,2.2027283032978318
AG,0.0020223836196938704,94.07901699547347,86.93447261639551,93.28786587482202,86.37271035785821,85.0680681382233,76.88463995071135,71.47051431636923,71.29184476687297,78.21388746601832,70.6111316017739,72.09448628052647,1.068045464472384,0.9847883187954038,1.130674612555283,1.0667078562991232,1.1237067005419674,1.0076575225334659,20.741433617366717,14.478694161823876,15.227817243505228,12.88760137880552,12.590054996218683,13.47128811140009,2.5603112640146364,4.1148463531709245,3.608819310974785,3.361705034518055,2.244338752645958,2.9667191594329863
AG,0.003740026263073065,92.85170219427735,92.03347126882352,93.90221134004844,85.4161238498448,87.35006419351808,75.94361051381642,71.59279146809718,74.03570521442175,80.51567223052645,71.53217382942326,72.50248666312694,1.069278032304666,1.025941508841233,1.020558855517148,0.6498104980216062,1.1126019414584662,0.9967087598531198,18.18513663810983,18.568447923990814,15.040463902055025,9.027753909208222,10.227534192841038,12.40087554559931,3.991527711613097,3.3693152104596757,3.2781245593475044,3.290828546541083,3.0805805084665527,2.63366556878974
AG,0.006930976718458893,98.02421888163828,79.05287319324009,87.23120334397477,94.45104012520956,85.1335168056297,77.61671028824637,77.8539899536152,60.117736504721506,71.96549266411982,75.43727187839181,71.19499886370754,1.068355100588889,1.0443552995217524,0.8977915681582791,0.9281923571751921,1.113501597457128,1.0117947906238294,11.772075971352576,18.48621057147286,13.455655151704507,12.274000802322279,13.439648948956448,14.444728871700416,3.18768690672471,3.400119602968883,3.5193540385026605,3.3484700891708017,2.0613218009171255,2.0077571236217286
AG,0.008774456482768832,94.24277421661515,95.95359040842918,86.17942700189384,86.77612376576157,77.68912888127954,77.69491356033748,73.56221535857017,69.5570984299311,72.23715210580023,68.01980881245892,67.44411990873607,1.0838017542115828,1.0697368514165424,0.8560222956383092,1.2449681433318371,1.1211509123728818,0.9953282399720838,19.62412638654824,15.719634172802545,17.040243169585615,16.037074618614547,13.107531844631367,13.517961917280338,2.5618085726773603,3.392556474948651,3.216346261617792,3.2090275046163925,2.6135071401465546,2.1721972253857555
AG,0.004686587864858238,95.48242055186796,96.33302343937224,85.49258872096048,86.28771158691329,88.6037718669264,80.566419038022,74.87423256861914,69.43496371131116,64.41027064552178,67.73039388949965,68.78269707746912,1.0729899219680934,1.0127102125803218,0.991535778909764,1.2231709092474297,1.396082327298688,1.003836904444365,17.31253933802343,16.4633326824605,13.401509172026948,14.616351124640957,14.015046283014913,11.112986223756597,3.0791333158955356,3.890286289627886,3.4224139467654036,2.6523541993867354,1.982294501835109,2.8594490513714352
AG,0.003829086730601926,96.74975985757979,87.8124317926998,91.48612254544439,92.91488772150097,88.11275893656259,76.32563903971108,78.12295470207395,71.13857605651364,78.82494232018223,77.28674534846196,75.02625429220679,1.0791396934864337,1.0713816658081565,1.090354209003906,0.9961205557865604,1.2206856422124075,0.9908467516852344,19.98120009211905,18.29342215886015,15.70763314530661,12.256878622502427,12.186654734842664,11.16108021577238,2.7760597113025844,3.099199529800939,2.924405255578287,2.999969803591826,2.8064968960306675,2.2285996012228275
AG,0.007632073894708535,99.42978138539362,91.45678792112012,95.52186107230065,90.618302231659,79.98830811698268,77.90893977239348,82.40032997673508,73.91927844455567,78.82922475643859,72.1271547832848,59.92298578297967,1.0673008415066951,1.0617653168849304,1.198151684414901,0.9146814533772678,1.1113646245589497,0.9999164839538636,15.447872911502248,20.75503227885428,17.06209396017313,14.16371132698261,13.504483775029888,14.791262801537833,3.0492414815179414,3.4692472255691484,3.017132852703134,3.1275013167399632,2.237491887331659,1.7570706663378641
AG,0.0005773559752192522,98.13864040957702,96.48285784515883,88.44736043043923,91.327467485339,82.41582029633341,74.22477927610521,78.28288610064122,83.3733012064817,67.59076569935633,73.64571655225828,64.69692219315276,1.0865362525548294,1.0632400837053022,1.0820070328901614,0.748758862780905,1.2127694346210236,0.9885672997176865,18.600840093201708,18.075871089602106,14.647244839434402,11.062058698524881,12.050307195870143,12.86113442171063,3.1367056313927915,3.56294616039407,3.340871369737024,3.8005066255818836,3.191162470735316,2.599254258721198
AG,0.0016437310746486872,93.71943203161678,99.70635010593489,95.20201669466067,86.23955422524652,95.55687651902602,77.55078011926201,75.02802337799406,78.26861764083728,70.15248294205006,65.95523258524463,76.06721412229511,1.0819160713395142,1.0561655256863627,0.8994147954355267,0.5553841272168617,1.0060262205926722,0.991175949614467,22.44167962678638,18.745579703718594,16.7984640211941,13.35497148925867,14.041060860034754,12.86127481822011,3.4548270535147276,3.105559671107092,2.534155020855128,3.3789169543334365,2.6095551822443372,2.691737351554917
AG,0.006488472139097494,95.47393168381947,92.31986542250358,89.53657545375277,95.97136357482847,79.73310378212372,75.71411844428259,74.04077523953347,81.1819309714672,76.84367639124754,76.82541009665313,68.65706569223323,1.079503683436898,1.0056585447259512,1.1185404449058312,0.836103289402778,0.8888264283201925,0.9905808604956735,14.309939504237121,17.457058860793936,15.937757872933101,12.414384957980442,12.496544434229007,10.716175989536282,4.046577144468504,3.9758966903502615,2.6140648717122867,2.507500013101874,2.6677053865438807,2.7995213668101204
AG,0.0009296725842774357,99.02069880769463,82.36634583586792,83.16840492098093,81.54697631776114,89.59984132226651,78.13105627143834,78.96882962872178,66.80533827400411,66.92753125890351,63.122225831824245,74.46559438987342,1.0640413831954452,0.9947326981906923,0.8977985095248896,1.1705381368673777,0.580842519148353,0.9988701030815403,20.40920696244993,14.100758083298867,15.697050283828817,14.271088706895442,8.961144890867494,12.627295749976637,3.361243443943305,3.422707571255618,3.1225775611632414,2.3246739055517085,2.609542366569861,2.768240556803736
AG,0.008231130566733967,98.22833438198786,89.77010878890604,93.2540489720025,83.8249656141187,85.95202538016368,78.98913720099428,81.27377346217422,74.47709557596038,74.7730881962675,64.57627487625352,69.96350775895621,1.0649194141225173,1.044740877865891,0.8428748030240425,1.3499622767954103,1.1720967188201001,1.0059699967545161,18.03657241423994,16.4187570033914,14.962604099211479,16.56533182266398,15.17074884004264,10.575359608297717,3.389265399573428,3.265587920567742,2.914188783653997,2.6739995497896945,2.2127685546067086,2.608404445121124
AG,0.0011864041359803958,98.73216158676586,90.36110597628898,90.9345384369086,86.09940879812996,83.9629215114822,75.706862813497,76.8144525110268,70.38753317448426,74.6514426499725,69.77728932404193,75.65636492850528,1.0647014540403263,1.0572171909926382,1.0095572458845246,0.8496346648712678,0.9093355072395759,1.0083263361431836,18.088911820661934,19.54210370694529,11.20861027420997,13.62176850192224,13.88046649162238,13.088722957692916,3.6508504501758505,3.4651316184522263,4.152708280478302,3.460037505187777,1.8703759105924482,2.359360573345297
AG,0.0024511615872264813,97.44873393920376,83.48343791035724,82.6055552557694,88.89339608899658,91.00730675564486,75.34889612754633,77.44988726493082,71.8097568799862,62.252284586926486,72.48375198516871,73.16619888237908,1.0777296599176402,1.0350695853618879,1.2187340473039292,1.1467126248936055,0.8370056447554937,1.005374651187365,14.461849098628381,15.434433362422327,17.244387145593446,15.358494970912766,15.186772992874435,13.489286013459466,3.3563522183768324,3.1623200609460485,2.7226672813888038,1.8667483021005824,2.082256581151171,2.6698955508499327
AG,0.009379185634283773,95.46583744549449,88.42481390351533,85.66216695498761,91.31112787052642,85.50344893023951,77.99902211213286,74.28229773589057,79.0724470471603,69.0132505272501,74.38991962522049,70.14060618842348,1.0659523578394687,1.0805345619765996,1.2196794630550025,0.7105829931421193,1.0361091906880695,0.9979803622875886,20.979954986616136,17.359126063073088,18.63316067696747,12.99772652744691,12.765690834003303,12.326576348476975,3.820954006511726,2.774443522805493,3.1618955864173715,2.1609348833156856,3.403220604058384,2.3321175169958983
AG,0.007449256504245374,98.95619906261854,99.79122011778341,87.6373544594218,87.22549491590145,88.90760088627638,75.68788440240188,78.22901582795842,85.28583540395658,66.28961942394182,71.10084579934639,72.29389930065263,1.064674043290462,1.046140927137633,0.8948380208970507,0.7338853614015233,0.8493319352835245,1.004569495877522,17.592247650458127,16.550351396671847,14.62333395392851,13.245721658552931,14.93874193654053,11.7936327644145,3.720599323577483,3.405870561356862,3.015959128595496,3.494731872824178,2.772813044145903,1.6596312533510913
AG,0.0016511540629609908,96.02346114241982,79.22295803350168,78.23481421428004,95.11295824061355,87.74330404928702,76.43057616076942,71.7842643904597,61.634825022196054,65.2299902384734,78.82671084585071,68.689541009543,1.0604373087776713,0.9835584200840287,0.8743011829789559,1.0079720860606727,1.1976037348803374,0.9871872692853307,17.654461625627107,15.115167785675151,14.180495920537856,15.197590839538123,13.161998002469735,12.7630835254429,3.2673704312790712,3.6052340070340945,3.095379447990991,2.0379598676686754,2.257094536917273,2.39525703396366
AG,0.01728650934285776,96.74550551330647,88.01443087635766,81.74941597892716,94.16776330182263,84.13399954402294,80.36846749777968,74.3720264123065,73.57920870683714,74.26643000880986,77.64937826057083,65.35864610911251,1.0724813130539266,1.011726966093138,0.9521478626301714,0.6699913311704498,0.9589325484161925,1.0212082164167915,12.944714388761998,19.236545456933868,16.394940547179836,14.778692580273788,13.297469596653432,14.441837798422831,3.8473105832270647,2.93379893735277,2.9526359231992596,3.6678337852531033,2.701957556973962,1.7090712871835823
AG,0.009772981314187926,95.20224087534466,90.57431553270959,83.74484367756581,85.35788938352668,79.33644680543192,77.97479978203424,73.19853850754727,74.4189801866865,71.72566483202655,72.69355138418801,64.63948556103516,1.0711714921083173,0.9616035861381307,1.1143821648283512,0.9303322798576196,1.020012439418494,1.020800001817763,18.556721361533906,12.656324370512184,14.07718726982979,14.519514562225764,12.032231074800869,13.667765999551738,3.2545629909768885,3.6532318530848245,2.845564524725396,3.3207974421475717,2.4251021696900046,2.0926916366609762
AG,5.13999597456593e-05,95.096374134341,82.3515488605118,89.90011716957731,88.9083356204316,96.75851476968002,74.78039873402838,74.65931642823261,68.96996215906059,70.73049648204498,69.89040348235382,71.50360660421991,1.0705159537364872,1.0576538263083284,0.9201457623446366,1.175629803633677,0.969040926289119,0.9985036802181565,21.612856432308867,13.836977350086222,13.599574042419027,13.322582774146364,15.031259184637207,9.949894038957924,3.3023600575544276,3.395031946834012,3.1617504385419837,2.9416797737258435,2.969836680178091,2.635176336142682
AG,0.00035196895395932064,98.07141658297449,90.1628746298151,82.76541152446816,89.71418331387758,84.09371400300385,73.19865554499015,79.18623390652542,73.23981546928698,61.71826863362409,69.02255230064785,66.30787990629024,1.0508956606198874,1.0767299546404974,1.1275507457206757,0.9390233328781216,0.73788673587878,1.006078262804316,17.69099209851918,17.612340541517575,16.810670680844904,14.691448305591873,11.519696298876735,13.279518295403978,3.562744696811844,2.7547215650315033,2.681787302950315,2.4603273771100014,2.6016829501072194,2.106441331228834
AG,0.0013255050775727252,95.03529182946319,97.60918369560333,85.18553510651691,93.266733005562,80.64401643640308,75.53219492334348,73.51042277868387,76.35992148151537,64.54748915042626,75.02339740204079,61.537798938642354,1.062849304471778,1.0148680436444795,1.0952994327262031,0.8138912541368417,0.8922098407473555,0.9957241705610606,20.312903873054953,17.149265906054183,16.435397107692744,9.999702260943202,9.960378602093762,12.633925594977763,3.3501650738334763,3.6466671448613615,2.8145767766350485,3.789749108881192,2.6971130765934226,2.2923855528726897
AG,0.014933559139781961,95.45229428238487,92.03280613062662,91.86618081766802,94.83231196862435,83.1347184228527,81.29923171904024,75.62998528312623,80.49555742262639,69.16962743090897,73.46278022629724,64.74499241268482,1.0784867823559676,1.0663356827086041,0.8766814971344519,1.0574119784060119,1.124711745480702,0.9859486909373926,20.15676420577904,16.321232538799798,13.375993756642815,14.47517023896791,12.108016508567916,12.088421814328578,2.8381632398264474,3.308178661592255,3.217341950382371,2.243534519267471,2.9367408340254637,2.341555925323773
AG,0.012598900083190406,96.1795156490391,93.89454674487004,89.78558480701503,93.7354587169159,97.71639439446227,77.74507159305894,73.78684286379041,72.80738434139062,70.31456547330012,79.64938748865087,78.28686773728708,1.0632090774244405,1.1520798898006368,1.216299707183359,1.2654786566714198,0.8426598425374582,1.012893663488596,18.099750405333875,18.601173929803135,13.61868762489608,13.847447081213646,11.725449917013336,14.143855123855463,3.205704028237299,3.0027695645349404,3.2137982218860763,2.292777857501725,2.3843488103076944,2.11986388670624
AG,0.006376737002459638,96.90281163995057,94.22569444532829,92.94438004009758,88.55667490284382,95.58670328317845,78.39121425749919,79.70392963435684,77.89161216393023,76.7095190875615,70.72005339600787,75.90079764221224,1.074897813516664,1.060737870477782,0.9442304905965625,1.1993510179273825,1.1231965156920316,0.9956388294652148,21.21484057582271,17.636784761302952,17.092984409193342,12.960766837775056,13.218150340204229,14.001875009204024,2.370250937387776,2.546516227020958,3.15910114095519,2.744193950287757,2.005150940995114,2.135403152618425
AG,0.010401533278485291,92.10681606509408,90.86421769277052,93.22994974629194,94.58124549768239,89.20379096218524,78.71458547029545,71.26886096278758,72.16513299986434,75.0150814221781,77.02269412871962,68.96641025482813,1.0804578195686272,0.9901391951370246,1.0874916156971157,0.9726555234747984,0.9129857848138986,0.9862504334286155,15.90941279861291,16.4003076350204,16.21866719952372,14.927432871196372,13.680288409881875,13.005892026720167,3.6994474258171124,4.142826163147482,3.0086158737699207,2.399231440179751,2.345573790497667,2.385933763788559
AG,0.002998106613261848,92.73848063157311,86.08435084787048,85.1621970845766,95.70879428942828,90.13973972493682,75.92970906889788,69.79615100160319,68.5692108287615,73.002136668004,79.76110941790617,68.92256394261143,1.0694215022335594,1.1009136670337956,1.0574632967443671,1.1478422669513115,0.9767924796883198,0.9840532271260034,19.91097095723828,14.224921842100581,14.789927366280637,15.512271247534564,14.767409552392705,12.170816128453161,3.777393932757689,3.7314576815218317,3.0618559942689894,2.6844958976087208,2.452262022456566,2.4090356485721203
AG,0.021579306237854094,99.1870499207782,94.13953135169658,93.23003103810679,88.39016013834416,89.07428956952124,81.66053234536895,81.12316728337439,79.23284287730667,72.51549763822055,73.63020522705858,69.00005689049748,1.0474581015417717,1.082810633279233,1.068923921625621,0.9430984949289501,1.3713167202681786,0.9976635852035489,15.623312711680786,15.522510957374184,14.483692735010251,13.154478797532269,12.331597062291156,13.130604557917094,3.6517840360501954,3.729524707263354,2.7906440773552923,2.7981238117637,2.977370552827183,2.4319804776505647
AG,0.011122838643230906,98.03991936792714,91.83887227100723,83.24512793737765,95.95661889729746,81.66747278895075,77.2096155924937,79.17630267518064,84.89955595186751,66.79434465941024,76.29953118034828,61.903125984530604,1.0671240225319103,1.0155156706086137,1.060990285231977,1.2309000666653993,1.2081902900944501,0.9911607395569304,15.940071218552996,15.549316709354049,15.401171823029296,15.317451606136197,11.751924525581737,12.771257821926218,3.1841002474237374,2.980616270814262,2.8560379350133713,3.634887829142162,2.176768649183553,2.0548040926272186
AG,0.006220677337993355,96.3700165678127,99.62212380780323,90.24884172819135,96.55129046534998,89.33137481579872,81.75609131301417,76.08707647051027,85.37425423905339,74.45821078337596,79.32831379604575,76.79046904020083,1.0864840114231504,1.050929337661393,1.155505895614311,1.2285841440348142,0.9372495649607377,1.012569866644947,15.581215809380533,17.977964839821244,11.612247803542605,14.373197429713839,13.456344315775514,12.942408799240786,3.195661818161039,2.881282207341621,3.835616986045075,3.460591761092454,3.24468282251648,2.3913448838304006
AG,0.014579169342962732,99.21968267888579,89.05841187060608,86.27038184212228,92.65019794354838,86.79792326785456,79.93492593490951,79.37417516468304,71.17610198302275,66.21222281721212,77.69128112881224,75.84330694770708,1.084618272214003,1.037966186741909,1.1892286232880869,1.0550903371188431,1.0124603789226139,1.011539073614335,17.5155372023939,19.988910674978822,16.866680064527685,12.946100507025882,15.373665624419198,13.943102958386136,4.386399820958762,3.3849496359900515,3.033311831928778,2.258157827684924,3.022242453000267,2.408395474637223
AG,0.001086811037733991,99.34046771875815,87.00660225793824,94.4579875688641,94.43665939997987,86.67918041720736,73.28281575604224,79.82092648096764,69.73017571464636,78.61352368075083,82.10029595459562,73.24329027724207,1.0721744783941438,0.996368724363618,1.0727423430745067,0.9347282957021175,1.399940438370102,1.0073719048785317,18.65392154135419,14.006096596280296,13.31309313900468,11.380165166511194,14.845821252768953,12.446414265073724,3.4126527217652063,3.218892404411882,3.213444969228769,2.905298077684923,1.2066479094710298,1.8863679462294383
AG,0.017635131147806384,96.1765766657723,95.97257797764163,97.30892677449174,93.52557047082549,94.99676896807865,79.3116148022041,75.63142740285645,81.38418930940918,77.25841556145214,74.98780937573886,78.62296725101038,1.0523327201217083,1.1149105351016375,0.914085953515563,1.2944968240280055,0.9314912797628003,1.0006179862278493,15.548557841996423,20.07921228582618,15.29171042547512,14.059898398922185,13.171449021669627,12.739397269797134,3.5543146418456772,2.4658753424876387,3.3115967054733217,3.612781529212026,2.6654126109154865,1.5109233651124585
AG,0.017617072064390393,99.26732828430285,92.59479835116134,89.82039214043702,92.02601519748488,77.40294611041597,80.4714282121155,81.4455078105372,79.99554878207823,71.88830673121063,74.42094613593738,60.81672661806884,1.0681697831390369,1.0219155623731158,1.1573842633953504,0.5687302563931218,0.7058479181476072,0.9948223627230494,12.606505555797511,17.572349355032646,13.864501611706674,12.082668286130627,10.798378963950292,11.426795939234411,3.835193935718299,2.9517138100689118,3.57106386395036,3.672877054972712,2.8433756630744247,2.717183987266856
AG,0.01250483145626655,97.1743257386545,95.99680453413204,98.55414631031184,96.03589028655398,92.2296259384468,80.09529796602872,80.24740605491318,74.91792794703547,81.62465476309713,76.15780160494235,77.40317448039792,1.083072801339088,1.0082456064318537,1.037442939584133,1.0256591769385455,1.0349658698085815,1.0011084305759752,19.22525685309815,20.126037147044737,14.590009441776006,11.658341091584244,10.463096483008577,12.396517834391606,3.410250406991346,3.0410797587123795,2.9645372742105045,2.2389475122661313,2.598619894814594,2.025962755519214
AG,0.01053521168028221,96.27738552879619,90.98972006709862,84.07626069571972,87.27066120002941,83.94327233310969,79.96175699205205,75.35464612126218,70.45740431891389,70.18462377275608,73.5306973404595,72.80370726876265,1.0658312848108826,1.0512475200069005,0.9604332155497425,1.0262636894315635,0.9160930300090981,1.0113365229179474,16.34778652995628,18.055877302621,14.340545886612704,14.082615935865627,12.789261203858077,13.241600429092365,3.790159089889451,2.324486130905725,3.067851009269772,2.5267743499535533,3.4607637348595253,3.018001824643532
AG,0.001601910897766335,96.64982200849919,85.33163141653827,90.61353054406138,89.52206564401521,78.4718782704754,74.37888749028915,73.62674780713321,66.5452354210999,72.0148965568009,70.62548635038682,69.99621421230552,1.0556808928443497,0.9372936573745678,1.250401682219533,1.0655356876738311,1.25167446540484,0.9994448630933991,17.549783956831995,16.479971042062,12.220513311865744,13.84088143839572,13.442676542212846,12.41453190021027,3.623977773037341,3.2193474143302274,2.9015997592919893,2.2960097971003584,1.3782704344882184,2.7540618390190565
AG,0.006281250410829446,93.0566574254897,82.60445025301054,87.2191866985711,79.17746449054124,76.25460321173065,76.75743447938666,72.81057614605002,70.95279138380653,61.65144760102005,62.16129815341449,65.62049289141162,1.0605657916238382,1.0297319546276542,1.1246047950168292,0.7497795710349935,1.136393626757218,0.9993379271005925,17.48378675534521,18.96839377257259,14.43023474717807,17.542320653449707,13.750561382720992,12.28485172637934,2.92934400544972,2.381694900528745,4.119445494246464,2.0445723059224896,1.6554766647707695,1.7484227853666674
AG,0.01212963678965676,99.79061321294594,88.09017271699824,97.33423159240682,84.21441684242271,91.5114258573679,78.23914537808666,82.36648682116098,72.22351842742349,81.01650794820614,63.59101083372601,79.99498155260255,1.0719216860492367,0.9681103649154491,1.2442518621411431,0.6278063328662269,1.3267581374175186,1.006085346004389,17.758805864155338,15.480236189444572,14.990407700727452,13.204891811426057,16.48682022630259,13.585487384916268,3.6848612797101667,3.4258351455668183,4.053184396657572,3.6664341835327,1.8208604814407139,2.4659095465779006
AG,0.007839588318329514,95.49392961250066,88.41598046101916,95.92491341809851,88.58041782916446,93.12278123076818,77.98865030750844,75.93649424674791,70.7097695369137,80.68023389464317,74.83558762258014,75.4644721751547,1.060760334013927,1.0330789584387021,1.0324088120564634,1.126163027458061,1.0904005464487643,1.000844180604406,15.763352476107858,18.190352936052527,12.888274921903808,15.955126916635788,15.749873959122066,10.783848148263207,3.7314261501622448,3.811086738667609,2.8629461931048548,3.2307081465780207,2.390342725399123,2.7365729492337114
AG,0.010349893795727868,98.19324360488982,88.41038666967077,84.70201386435727,92.98043694843595,75.46792384863889,80.79978002890137,74.38256624493118,72.16453086502999,69.21248481688052,71.07895539598576,65.51282310960795,1.0528681609476813,1.0374463687840123,0.9638669988673298,0.7693637145480291,1.0067231538767047,1.0064261054150994,16.810747680802535,16.470647451977893,15.534432157637648,15.414172769936863,11.970615999708837,14.288596071179736,3.0850711147385357,3.0436334692627773,2.7117414550224264,3.2050143745645516,2.6147265619558673,2.3128381965585376
AG,0.0027908728890254225,97.3056860451728,93.00132749541821,94.69055976549099,89.5539079404666,93.37133922403403,74.52447397557988,77.63747693718524,71.78864096375473,80.29764890809824,73.2995488744399,71.4213489128927,1.0847559166095915,1.128930243958891,0.9907748252149085,1.1851723212531362,1.156981796379023,1.0110509803452017,20.96428096676611,15.983532901819961,14.64065450128455,13.93900546336795,15.256489710251023,11.627920550260274,3.7212389478910204,2.565716560765846,3.0711563231759613,2.2682393140792714,2.033777983121977,2.768517460984539
AG,0.0118234281714496,97.64882568558978,87.04074932440824,90.32918822242323,90.41694836238825,89.97924316354411,78.10676571779793,76.99046904950113,64.86092658101482,74.14593907571262,75.45563086284457,74.7416062069829,1.0742202085116894,1.0688422578444763,1.0461360619884676,0.8378497151196428,0.8593784688747496,0.9909921932516698,25.07275124922637,12.013347901774296,13.713547595513628,14.321427030257563,13.645803562933265,14.41554909736048,2.7589649552003137,3.178158810453444,3.0630794117653504,2.6777211353110797,2.5216858780869655,2.260006871166691
AG,0.021138201377777187,97.44962590673524,91.32680563152856,94.24084020907937,89.97051985451083,82.1128728285592,81.05741120460313,76.38633885660703,69.9115678915762,73.46261050460795,77.42912281990397,65.59883188396711,1.0720154630958478,1.0139921642617635,1.0726171674105904,1.0512903934266022,0.8592865754872445,1.0085883148980332,22.10106580055611,14.99201833835058,18.656205479910803,13.081205277524893,12.987600432780138,12.291230375241947,3.4192988992178655,3.768692013149517,2.8361695650732646,3.6195608316706354,3.9245567661506233,2.648335496726597
AG,0.01976338416698523,99.26230371841042,89.01712446557804,83.74885493942311,81.19056385581706,78.45938606611799,76.26436781226468,82.22327518431959,78.12514210465763,64.05229736522335,66.55231650878018,58.16225074084592,1.080969570053314,1.0720621688867051,0.8262475269167355,1.0914293597782918,1.300324978193872,1.0022398865035338,19.832791317359227,17.24392986880894,14.66758411682349,15.149602641322819,13.615498482620493,11.072315799926322,3.3146307102625387,2.6886660430475366,3.4053170476589703,2.4547668960019684,1.6820975700918355,2.3472412121522432
AG,0.001204536289379868,98.5433470333362,94.59251702905648,88.28515340101244,91.05559242890934,89.50902733321566,74.76376456884806,78.78511770267968,72.80132463916455,71.82501513880452,73.56476720959908,74.83822227190291,1.0781800221281115,1.1204655847634837,0.8200032589598365,1.0064953693247585,1.0565848208930608,1.0065564724396934,18.289819508312352,19.18905973991253,16.360089326145005,14.273182160563277,14.017621064215472,13.084307906779172,2.7317635710380426,2.989027892955992,2.908735035690129,2.292856990544484,2.295751146793493,2.5691040324864782
AG,0.00017010537314061559,97.19219475539542,83.7455812256885,93.32898155775803,84.06097372300404,83.48169093931287,73.41087276432576,75.81304183711933,62.43297935585613,73.90067897801985,69.69440734500873,66.63990170907017,1.0888826007169135,1.0519031289620646,0.9756257204062875,0.9211262469512596,1.1153699748494132,0.9862266652936821,17.323026806502355,17.347764681331707,16.784921355232857,14.676290286898949,15.84755605480566,12.17044896502415,3.3173183134655515,3.5766017886882935,3.2663831538898096,3.145995683738148,1.678171582673468,2.1076978019560313
AG,0.008343611394123727,96.06868175219589,87.05675671474833,98.00124050386466,92.39258373125111,97.78898957983508,77.31067495955695,74.94402237398943,64.02360413054919,77.01517413175971,78.64637044714377,76.18373728962956,1.058248661988582,1.017996338290281,0.9096976272176902,1.2813847656211366,0.6729296454486665,1.0010463710550788,19.47715979342951,19.06529440396076,12.699539613166124,14.075953270437049,9.96337199052429,11.96084277947353,3.405714114997496,4.120117014643816,2.4168561593525446,2.5456783265703598,3.190374200091993,2.132509862823436
AG,0.00041870093965592234,99.41163362635425,98.59608224094475,90.84676764261407,86.91968303399234,93.05064707681603,74.73711924287382,82.17587882681191,86.83268663351741,75.21679563580682,69.05688996995853,77.9039484695783,1.0643249495841496,1.0157547537529872,0.9604276836576124,0.9540504086125905,1.142836957455081,1.0015336215499262,16.75031006552298,14.33612646723617,15.418329692840773,12.817861740588953,15.631152713143836,12.70192266288746,2.738881355473957,2.9430379710391907,3.5916976870525597,3.572540383084045,2.8055996430102432,2.803785536409087
AG,0.011435604000715771,98.47089036956322,90.4771667405954,88.5995768719339,91.97779504283244,88.84721141896537,79.18018367453189,76.84004653923684,76.21414485949482,76.04365938194074,77.15219943250932,75.84476460431334,1.0691380665971582,1.0865946081637516,1.0094168794498393,1.0513238449274078,1.144038728576099,0.9958082310961468,16.605656941556873,18.89710249622242,15.936047060232255,14.334020531919144,12.70180139092896,12.928812167591884,3.33149211923845,2.424417248184407,2.814771615254927,2.273530538795916,2.7547341755557166,2.5645534527577922
AG,0.00632265265155138,94.08934988961194,99.95668533613164,85.11600513954927,91.08325148930494,84.79768163431771,78.56211103834316,77.60701581159839,84.31243869278794,63.311481349205096,76.09832497832038,67.51937966449933,1.0565614851617993,1.0805532211756028,1.099239662426363,1.0127977096838807,0.9077985732997617,1.0002183712292885,15.019921853785426,17.687766729908066,17.763947730236083,11.700635562330895,10.976968789234263,12.87749490235018,3.5151571734018954,3.606214839484324,2.915156739007598,3.1353154107553145,2.669960624403559,2.0826765721967977
AG,0.007014828712051093,99.7623992041101,97.51055830216612,94.88842631199346,91.7969893524399,96.17285272960649,78.03262836161886,81.43390093626226,81.13999649038367,81.64436163110241,78.03564086013955,78.22860403356226,1.0691199484514327,1.0635466650628123,0.9935174336790114,0.9763121678263886,0.9586582539612415,0.985100552991359,16.78822440638919,15.073479012436668,17.159674390234414,16.10329738411577,13.334846979140044,11.316698411547328,3.1441605171400764,3.813509392076749,2.8325694347278527,3.2300327817602907,2.6115770962873364,2.544187994394724
AG,0.016587638313669214,99.2738659580692,80.3613358933271,93.07075257852287,94.0604061088788,83.79903836084007,80.11589409875306,78.30330876876786,66.4242158115325,80.94420641414905,76.02077245257153,68.61352255381142,1.0704987483748964,1.0364208807774917,0.9763613683810024,1.1808099759710209,1.043521185382403,0.9727654274768951,20.213792925020453,18.832284038070785,16.955410905970517,10.832705524942272,8.045761839338795,13.001907122425047,3.71206742903894,3.321096028302529,2.935350921063825,3.0810242191229475,2.6956384359041294,2.73826294205881
AG,0.013951596884136237,96.52041297345015,93.76064833426835,88.04731819218568,89.0861477271349,92.52819898802788,77.34523729864722,76.05235220555475,76.30670439790076,70.1899066958578,69.11957107590199,72.17043661970817,1.0752394230624451,1.0688100801173144,0.8408288747075107,0.508364693935231,1.1152364669001276,0.991504671033503,17.040490925962672,16.672740846320433,12.513525676335927,13.372586267158136,15.165185248796105,10.15775524376572,2.4743440814860707,3.229827329144447,3.2831653014833266,2.772857648789374,1.960844525262834,2.6558290476030986
AG,0.012156660045895988,98.02025442824554,90.55916056832247,75.10602207785516,93.05242173173221,91.13837822924684,81.20628009753229,73.84711666333024,70.03810902609055,67.4754376120147,76.2542650337715,70.91587553239928,1.062069343786555,1.049801271885061,0.956206628702378,1.1761600288638694,0.830272347502751,1.0048353722901082,20.124451717533724,16.768901280394992,16.135257370240033,15.638683323200688,13.665274159721141,15.04868997322076,2.8698549582795256,3.5041855218598967,2.9561318132637577,3.1799155636530876,2.082202075534582,2.1811657659372776
AG,0.0062861264923987714,99.37039038926962,93.85420567302506,95.94302398077023,92.26275641738324,90.60482601398691,78.34408903471581,79.54972791244681,66.54824852610253,71.58407194049558,71.12675885265948,68.30294931967335,1.059797840883307,1.0470897559347925,1.1525040316529058,1.065133204116254,0.8144085621919099,1.0065493297887838,23.581992900182314,15.404920802282602,17.452544844080943,13.178552548480626,11.864625046698709,12.07321311362304,3.4821091299861795,3.0543398800411983,2.7204865689004705,3.008700491044441,2.2827041085191198,2.114388621527654
AG,0.0052429522984677205,96.40491976560087,94.40457821044633,83.12779802099612,91.82074245324728,81.56539072103146,77.24352396098512,76.16898628488215,79.30003691858693,68.78383104690562,77.65456205895457,64.85430189981875,1.0700719065612938,1.061463877050079,1.119185287254375,1.0896362534280384,1.0870058683634054,0.983288059443027,19.73725340017782,13.917336221499239,16.931508777335686,15.432749163220727,12.163971411694684,13.771881511015321,3.44332606311024,2.886363235904747,2.965158572238438,3.7614077449823626,1.566272336963,2.352448949694023
AG,0.0030393125672060605,99.60843250082753,95.82236274559587,91.20389768225095,88.15819798945168,88.2897965875306,75.84515629861397,80.03061628162271,79.7819528434138,70.09096026096768,71.68887718358488,75.73638123560573,1.0733665815462818,1.045190025009152,1.1878599370741596,0.9413558539536528,1.2740815782739079,1.0002314273775543,19.08847571301389,17.84585995642339,16.650822490581376,14.309926634867958,13.28963684752895,13.34547726228339,4.0338994137454325,3.376271923737162,2.8281737670862106,3.640134046017773,2.426460163547294,2.331112163983063
AG,0.0023326555240236486,99.45713359312121,90.66048667959049,90.72398596658613,81.59375783327472,85.2779780768818,80.09743756112647,81.77577371337622,74.3098401110412,69.0418986052498,61.45573245611419,73.45309953063308,1.088236443532034,1.0675852549681446,1.32719531515007,0.9099122940029741,0.9449922397812586,1.010656095689828,22.59526432846042,18.717616885243732,20.475679796977538,13.008683326306274,11.994871533973626,12.630326594798227,1.9452129893251717,2.9492273901633252,1.9332724865335449,3.5803380244114633,1.9530427285983891,2.6877625808356402
AG,0.0040134920559163016,98.54495026386716,99.97435529352269,96.31763854519953,87.24247267538072,76.17809571181174,73.64098450415726,78.74817885254232,92.4955875156551,75.13827280407133,68.0766676671596,61.61617594613935,1.0694434657056817,1.0891648323859908,1.0296919647286784,0.9722524771040345,0.7674304271533194,0.9960560876001299,19.128641085267517,18.092906597860704,13.643072275380597,12.735492628343941,12.377624073429992,11.382401115248953,3.0091642691048026,3.3757882734044706,2.5893663900207025,3.234346371067655,2.2443972938709074,2.839515948130986
AG,0.010333895986361016,97.99838911019035,93.59343872546108,90.01516313314423,80.67179468733576,86.076657173713,78.42948644903942,79.5368488830159,74.66709381758359,69.68877034479723,58.764039099713656,66.2840582909325,1.0814227337380742,1.089808649282085,0.8917597038989065,1.3576092237157613,0.9791766199842641,1.0035052024124809,21.197796275556826,15.409588878966844,14.41212314880379,14.540215327655536,11.567607620433943,11.364683955717087,2.8218564955584995,3.6020918280574916,2.7689192622494287,3.37933450259898,2.9335254900814576,2.7078429167480644
AG,0.013109262321781806,94.80512732663641,98.74719667894114,87.48433710616989,93.0790692455526,87.37112184404778,78.02568132781036,76.53950252611598,86.0881547544049,72.95911739387667,73.54092544967484,67.98846002244105,1.071029340098959,0.9407880596835316,1.0368393476494475,1.2167705089278624,1.0591484089550465,0.9982499366835897,13.995342716612683,17.816726632263176,13.37005256902094,9.959806783463,14.392722648635571,12.616709978302373,3.337334523200731,3.5835229294008903,2.651827376790777,3.388261157841042,2.047354337215597,2.9990040026692832
AG,0.0008155494518773756,99.16248567494823,87.60656297308996,78.02391291063148,78.3249196004785,96.717197258801,74.56755596260794,80.18844121150956,63.478435909842695,61.28454477642309,63.46575382351127,75.37065582540804,1.063229225597612,0.9896937976233642,0.9837604459342713,1.0873037527051794,1.0680949793658099,1.0025336116081451,19.168447683512106,14.615216909260157,17.478595512357202,13.647554519075785,14.005773129450047,11.648639683100193,3.18579807511565,3.3383255650726014,2.871873298074038,2.860940808815472,2.2100314546304496,2.794578891885231
AG,0.0009714414354514239,97.03638480600777,94.2756581036746,88.1878754605149,90.9191367869458,87.53479585173847,74.38186341465644,77.5036241365054,78.07429679672934,73.99731156244654,76.62553367502274,75.17973859491042,1.0672283575618264,1.0872942912266048,0.9125459199763117,0.975303402414923,1.132271320262315,0.995149543650453,17.719558637695553,16.417195333142505,14.456672302489753,12.502708924642322,13.329108174895161,11.836528506396297,3.470883307558701,2.94273389649741,3.060990370700269,3.393059457462541,2.051969468242973,2.2603589863721467
AG,0.0022600406609717375,95.06866957152792,92.56461170778746,92.41085563227277,93.26858849027951,87.33613832378829,73.68460595902678,71.48949698772509,73.33699869272179,77.95398304696528,73.07759875208525,69.24491423980692,1.0695307572407324,1.1229061893109218,1.0045736482078562,0.9727518770340835,1.2051962470449566,1.002165869711225,15.26252799608407,19.197007969434313,15.747940946188276,14.32367517568136,10.942530738550001,11.986424800426771,2.5794555150883633,2.7493185858036644,3.256290274719984,3.5835270435417383,3.0964290695419336,2.1829101681576533
AG,0.0066404122996799545,98.80755712565659,91.36498335423782,95.24453230182081,79.00453080899366,86.32478286579853,76.55569611573694,81.16396461618233,74.68031684122124,74.81539400663975,60.16719695092016,69.18891729204752,1.0782515136555302,1.0980571309211522,1.1718945413146475,1.2597070240257118,1.1753468304743395,0.9910983170952526,20.50545467767962,16.921965534162283,15.065005605015969,13.16546499194482,13.106360167843254,9.75427544454211,3.41972401206483,3.2148278412961484,2.779616871225707,2.1800684117785813,2.5142659724172898,2.4632867732106534
AG,0.005016817566136822,95.91770339998594,96.75121747728738,89.0535482437055,92.39322377059497,92.56728685910318,77.83561551189683,75.98832653932841,83.38129705706297,74.61581063437778,74.00716765999607,77.42709387842166,1.079375032447719,0.9783079868649605,0.8916351660176038,0.6224589321742726,1.0205666673011728,1.0038082769215226,17.404125789443047,17.02789392901854,17.15414677009396,12.570287040019203,13.502953411001338,11.434418807810424,3.475562527009673,4.132063757765224,2.8009868511072114,3.4882237504099938,2.8573490355493925,2.246202442139889
AG,0.008883088932974416,97.74859364032395,86.05985307673336,87.6398339311217,86.25418371277996,94.52605638887445,76.9599491150769,78.48826088493962,74.59513866058928,74.62079262722135,68.8264531465091,72.99583974657479,1.074685496024611,0.9968592550390741,0.908843424194001,1.0181158301708377,1.0549758512457657,1.0093152700757297,16.154320702854406,14.980139844261098,15.905841486151925,12.917066144513493,13.406995965263125,11.572358431455298,3.133616562010711,2.932777034729557,3.4306118762217817,2.736313750069034,2.6047091754050604,2.389077565696594
AG,0.011035961165899737,98.66672596534463,91.87542317209548,96.39726060580652,85.43716017812106,93.94237714956697,78.98879984524301,79.36736785379124,72.11544183549564,77.73476606939417,73.03979898432864,72.19887160475446,1.0770131752211016,1.0307207650560235,1.0234723699590114,0.8837604313067902,0.7328461689549179,0.9964942546004361,19.154929037377148,16.712817665223195,13.538103423115263,15.783193508727322,11.641493668199487,13.978508691129472,3.1358939688789578,3.562367232793582,2.893451472100868,2.4797856092507926,2.6576800417019735,2.309435983763972
AG,0.0007833570873403851,99.02861008019205,94.9048503838491,94.3218712738804,87.83243905760145,86.88202705434733,76.3768121163339,78.53068013241939,78.1037485545132,80.2310237870743,71.58995379654196,71.64924866600408,1.0681929676624247,1.1751991741598427,1.176951298091006,0.9245493508466132,1.2243595843161599,0.988739896451839,17.341101797639347,15.673825962652645,16.75992844286227,10.644871721357307,12.702483003915924,13.516935848161726,2.7002269982654616,2.7879063499583427,3.091961555520783,3.0905981509420317,1.6964461008216811,2.4075067923976783
AG,0.0007380857287901587,95.98394488799342,89.8350215810402,86.60572173050706,89.56239296807448,94.51566852267771,72.68661986393204,74.87954745527048,67.52197905897094,73.01289750695112,73.85963250662937,75.25661667949522,1.0765153393082054,1.0547857668093192,1.022455424133869,0.7406153602830323,0.8434836880748755,0.9801672794202636,14.620982180277606,14.607809023647055,15.073231756803397,14.032351282991073,11.348366798619017,12.799088812709869,3.481000332192311,3.5863015657615906,3.184001108058238,3.2820154328162277,2.3330928579374977,2.320203991331353
AG,0.011762376361775177,95.19770560854823,91.95692532691513,97.1273518449163,84.47102545957642,93.47224427463675,77.02455998157477,74.15511757926284,78.8500276140306,80.56033987865209,71.07190129829769,75.61210057322117,1.080045032672444,1.0466004716637796,1.1682987557492155,1.1477583326597245,1.140916393965641,1.0212937606828107,17.287589346989396,19.13938587647678,13.413323756075059,11.212553864999832,12.939398976673674,14.39211472631484,2.7901778263424193,3.2768506617963387,3.191891098269297,3.747527225407169,2.9713101932117567,1.9869793858987048
AG,0.011717517977625033,99.01316600322798,97.5809376060416,85.5248493226853,88.64660904363845,90.74003421354155,77.74442861381459,79.48405610956544,77.20933366231105,71.55214338748603,70.32611693088415,73.96041476695223,1.062250574875232,1.0100144716224893,1.1259224958609222,1.18781250625759,0.7534661621852854,1.0016695262360316,12.53902043001586,15.32859070827308,17.267313371291326,16.039054079419948,10.130879889636589,15.220071952408201,3.996261387071325,3.7038517016919226,3.375305765584377,3.149752010000849,4.309303663677882,2.6117800433334697
AG,0.005994225305829698,96.19222462221374,90.37944405635278,92.9553992471035,96.37312934415421,92.0428030393419,77.39477071611543,76.51010195010568,72.18894315254036,76.61368288068975,81.4074399058364,70.35889835137205,1.0870027288493496,1.0612362982474988,1.0592094396443057,1.5877686378427507,0.9210965357047801,0.991338784889371,18.454073950953042,16.456628839190273,15.579571155381759,15.83825749708291,12.663024523249291,11.72321850667398,4.274200441080114,2.802206301996237,3.195804795907549,2.4097489908615333,2.6317141794206944,2.752794353941511
AG,0.007372718822079135,99.22452733490525,89.01284409972914,98.23142930288019,81.87849746062776,96.89436222186657,82.99346759476757,79.025982098047,70.05781412625032,78.38638396788674,61.898005714752586,73.22426304408911,1.05808093124582,1.0224019422659618,1.1053553109189656,0.712222548603008,1.0329498684138245,0.9952576489186151,15.946150283677778,15.471415267937365,13.225915160901021,13.189900222682514,11.405121561751567,13.86918952091153,3.7788639855668507,3.059133975032073,3.529724905980633,3.4468879074788292,2.5900324269842674,2.7268947972434
AG,0.003098884156548709,98.3177645043688,95.69687467232434,85.41960747064623,90.49558041628578,94.3553219666273,74.84492067448744,77.1950178203992,81.81392083312505,70.93915954561987,70.22378854220399,82.59206156749767,1.0767076235370334,0.993366639721446,1.1139893296887624,0.7818563047324094,1.045495383869567,1.0110567239165045,14.23969464346532,18.26572683591475,14.784315959524404,17.382242710499646,12.7542050764412,12.508328337388296,3.0304920957618755,2.612981775571747,3.1368064241422924,1.652446191141657,2.875172813597865,2.1389161125906586
AG,0.007286232695246245,91.12351943294384,93.25502489481396,88.50747238894787,86.8777087662001,84.61639610634361,77.43206196168512,68.36215443530187,76.24822872133863,71.0912297657878,65.97640632303674,68.84241640190093,1.067806643478721,1.0550287728439827,0.7060697070036992,1.140486529746095,1.097125069183951,1.000004479501632,19.9652306031783,15.889857418208097,12.862866318421105,16.193334575104824,16.364561077298823,14.367896223055343,3.1886258724374157,3.7228049020054503,2.4959890684325168,2.028845998546535,1.1971291943880757,2.605752469462909
AG,0.009814798463550097,97.15490531614634,95.55733697299902,90.16246833763411,89.38873693678173,81.83973456197263,76.95482084576162,79.21408232011461,72.1775874306889,75.11388474983515,67.14523891916454,68.14633975891947,1.0636944966301891,0.904421964015614,0.9257172844256467,1.5416919508634535,1.1376922369658873,1.0014078672920812,15.682743535132273,15.082582560708023,15.87486957627459,15.932204108248257,14.339034622661842,11.927650828564722,2.978063114095987,3.9926672173908297,3.469273946231322,1.9592567778302559,2.9731349114474614,2.514077501080921
AG,0.011378102799194087,99.13731415038491,93.759000314411,82.38888207542172,83.34188148265685,81.5329041162094,77.4597350874534,76.91987899123549,80.52744968378059,71.166691720182,66.80296783313972,68.16820558265664,1.066978118123685,0.9696480496952458,1.0115785262529111,0.9906476092314672,1.0514394984375555,1.016457194734826,15.355412880943195,14.745102104479669,12.234960618863475,11.32654589566958,11.289701633317394,12.740572526383605,4.0586622573935935,3.331150005837691,2.9704583164712384,2.826920998004072,3.0970244926450996,1.9303470125579867
AG,0.006856082033440315,97.3776291858158,79.11334604086058,96.95371022903169,95.12061356802438,90.51811190586065,79.69663155791145,79.00057835261194,65.83882200088863,78.13544158148271,76.6011548687665,69.84592165100179,1.085147071821449,1.0560414328442511,0.9469730195981132,1.0515855251637776,1.3162846323278823,0.9962723649929288,21.22973288181081,15.183765604215,10.891621426097037,11.825438488840907,13.617490206607203,10.20004282279926,3.342244626528571,3.097466029877677,3.1562726940784924,2.6952108492021996,2.206399540170981,2.7959536731868626
AG,0.005097988346812821,98.36015502011854,85.20293235167699,93.15568580603988,93.18296046373445,81.3185981421636,78.52588197880097,78.96605376310089,68.34110374048245,74.87053794989355,77.95698609750707,64.69874137485395,1.0757510248185151,0.9915268595103075,1.0977582045842609,0.8499673727592656,1.1679427331667491,1.0045449920239888,21.02070102828176,16.691245221954798,17.723888940266214,13.329918690787462,12.377779665880126,13.859049256525186,3.0744562073109263,3.3512228982301457,3.3032126813108285,2.985223876847157,2.1746294136133493,2.6305000821934947
AG,0.005796983383891249,97.86798771981502,81.60536617819695,90.50833822430592,98.39833963606134,92.96385419153057,77.96165424799929,78.64997670285159,71.60251077111445,71.44792556036244,82.24364608974997,71.91310142738786,1.0635090191472618,0.9902944173076087,1.0803549342297951,1.220793757538579,1.1770572851932424,0.9918068491425805,16.771940052932273,16.739797609184716,12.802124972534221,14.816892057651852,13.883321875573907,11.14924819871834,3.0640278616949796,3.735893360544706,3.523270344957949,2.126404714846681,2.555825098087247,2.0946735698389545
AG,0.010819299403567859,99.98560700524145,97.22386042185431,89.50613313416608,93.24378361859236,83.83269654710803,75.50741119640513,85.39039127769436,82.19523573078314,75.57089993818063,75.3683286353466,68.23617177648225,1.0722485895340346,1.0535782944870558,0.9696600436664005,1.2002824568678752,1.044356934567763,1.006600673048206,19.908236791408164,16.202073631677607,18.281087427584623,13.968300877765218,11.454703482629887,14.41222899901787,3.7209411054560797,2.303718297013537,3.998617906796447,2.9596792073500993,1.7003194900549876,2.492558007456888
AG,0.013650944786899667,93.0422356451178,94.45355199759094,82.83943609783174,89.2943103092456,83.73464011401023,78.89329801993024,73.18771786735536,78.82838053968544,70.06948285692134,72.26358572337249,68.54218420303349,1.0842505044531645,1.0368783989385553,1.0245127180113658,1.0879701419380037,0.8679881144128854,0.9932506901438686,18.33187139126681,16.607372479089044,15.589354835638643,13.314400090421307,13.861334328937499,13.643800875849948,2.570435739137012,3.668406955457295,2.939255729391248,3.0146404219242378,2.552634021620154,2.5835677420625927
AG,0.0017185399918197323,94.52359777148125,98.62943403211821,85.20083010815611,91.14242970856128,83.35762024899225,72.52575340194957,69.76368620157093,79.50488421424566,67.9188283492642,70.80940277805286,64.95136548262909,1.0592923722853458,1.0670846467055553,0.9732104936381831,1.2031119760684221,0.9406888166258724,0.9883955405932843,16.087469472363466,17.761176943305678,17.770044576753723,14.277538097385726,12.422722337596177,11.545920534319116,3.4891616731664206,3.3099732505598642,2.697211814230178,4.168951148073903,1.9915142031868491,2.6269853441089652
AG,0.0073674907115225605,93.59769063965022,99.19019119816829,87.02249279932386,82.26270060731031,85.30736420644779,78.05776698487874,75.76767452801681,81.58215586102177,72.81612029947955,66.29704855982348,67.10489911687876,1.0760645316675859,1.0138255739428645,1.0235251836287156,0.7905069845724008,1.109562790666107,1.0062511127719482,17.11308849272786,19.70990190155891,13.05974581330068,15.510209275853509,12.644142659093829,11.808144829947908,3.535371432356845,3.0044804760759622,3.0852996967195088,2.316960766429049,2.79232091949758,1.982765103915132
AG,0.011183828009704801,97.62869366708911,87.12370523158607,88.4266635788091,84.14352579714365,92.07155394039076,81.21970188627233,80.29707305894424,68.07299691786264,71.4616329815636,61.68538491307024,77.23114076639449,1.057848953711085,1.063107173305374,1.1087351444884135,1.00496119577823,1.2092378282638574,0.9907531244653691,22.55145850573227,16.246645382433233,13.988310129347127,12.359228923468299,14.48469038204839,13.062851324303308,2.274922994460199,4.070205769147148,3.2300667192261443,3.149624923412462,1.947069941358846,2.227885316009502
AG,0.018094603620618124,96.44595308043324,92.75289659607716,85.89672667325391,88.28354027757577,84.17416514796889,79.89051310546354,75.29900534479009,69.95245885950374,68.95134692543968,72.15930419811183,69.09886213943457,1.0605651422839584,1.090887801052768,1.2158061216397484,1.0194409867068148,1.112478523593826,0.9981488654154732,17.886489040885255,16.128221653328524,15.563004911953758,15.018844131069129,14.508837257610201,9.82531676188557,3.951764637487698,2.8283127881455514,2.6697583736213373,2.7404968832816414,2.287689518953356,2.509259407623037
AG,0.011712282532734207,96.95855562258909,97.41187570616145,87.7504836430335,95.41942795323205,84.54141344767137,80.67686781688596,73.4984261279577,80.6254008634233,69.69229214116807,80.90702294497217,70.47809199735042,1.0613903994911031,1.0342698434593416,1.0525147754794004,0.580714681069102,0.884710535990522,1.0038134266867074,16.566751766366608,19.559439928393736,13.927904318125451,12.959556969532038,12.735110694583605,10.454517937868573,3.464884594870739,3.181160162583221,3.050494751887211,3.7925490761209364,2.580097469535297,2.6522311541010724
AG,0.0011900400729828132,98.62342723977737,97.87433265036621,75.70188887582341,95.40445718017224,82.74516595953314,74.41021997877637,75.90488908633984,88.39526763941899,57.807031961120714,78.41055718962014,65.65719586145148,1.073962525966507,1.094559939473098,0.8270869082433829,1.000823064863117,1.0246305684584591,0.9913123033150754,17.594141019061443,21.346166775273378,14.45384434216568,13.910726851576625,12.789421606620309,13.15027251635726,3.554761510688151,3.303498984299651,2.9582396000488904,3.425588448622225,1.6776800946106263,2.5871296358308378
AG,0.02195474315797088,96.62332788597026,95.19056510632446,89.47040898216345,84.08788558174892,95.23178416478017,79.98764528525341,78.39745612687942,72.91439221125746,79.02597342270238,70.17999539157864,77.32963180208732,1.078725846055828,1.1209252570097092,0.8829959503869306,0.9720736457683168,1.0687770646812327,0.9734368656858445,21.285347222832883,20.306442746172802,15.028217011880542,14.130673999843886,10.595458993235864,13.979673433755845,3.717822147171756,3.2520401961677754,2.9133419547281854,2.404189465458278,2.4871040933631576,2.4363061499890195
AG,0.00898460613175613,99.39865403729269,92.577533681888,81.88422073499729,91.59413121284872,88.89719994453749,79.5572506313179,82.3163633540162,81.1786967338215,65.62910279717184,73.28519013960383,75.05783866582989,1.0592804389326664,1.0862235459937757,1.1015457387009622,1.3338700294440964,0.8067355991876,0.9943915657060011,20.031194748882633,18.442564247904762,14.261887958919377,13.206339576180403,11.748090406882437,13.432842412933255,2.4952896863080345,2.791821622933059,3.1362713457054037,3.5021696413450374,3.077940114290619,2.2257584301992717
AG,0.0010486647313551326,96.65219436092995,94.64221577431475,96.23289859709915,86.82891951485463,86.11061004870821,73.98282056629753,77.15976333368664,80.64923319615642,79.20220318714728,71.21763265179406,71.97244822011652,1.0749697860629812,1.0308847709321423,1.0117920756846404,1.009175157425048,1.1532714850150134,1.0175385849264644,19.7774934321699,17.624358088187552,14.672320178264037,13.057770306951827,12.867479422484266,15.683220785680977,3.126083823143019,3.054685146674833,2.3090681817331813,3.097119699541531,2.080089050476131,1.9333897265545017
AG,0.003552616708220502,96.87267926543299,88.20620500061771,82.73631584007761,98.64570770747956,78.75452275871615,75.88301411346957,75.90422369188192,70.01560510307506,65.47031266534415,80.4611036162238,62.10293215878622,1.0709448335570686,1.079288440788154,0.9666294763417952,0.8895761458028647,0.9707580683688799,0.9888259404565304,19.29744199900629,16.404314359873695,14.273778149070516,13.697677980986409,12.598466642993515,11.731693419541893,2.622164035755529,3.7439391083196436,3.260049646484999,3.6076898356947,3.260882370676698,2.174148646431411
AG,0.003886695325845211,94.37371567067002,90.84151083833564,95.79388790568122,89.367259141329,85.69962685859217,76.91556034547476,73.95906675291505,73.46196036791616,77.99466469107928,70.36713130759534,64.60747604262394,1.0815781321436593,1.015234351092871,0.924512540446516,0.7294159724249163,1.1120668050293414,1.0019939336072394,20.28514726818132,16.148031576597983,14.309518295333653,13.055195054355348,15.15068050644312,13.559202859998324,3.2260151752490764,3.1272048596375113,2.824158258494025,2.295859625486207,2.101149264696449,2.1061954900960056
AG,0.0018514895735787231,95.51202696207376,84.37028128930709,94.98728272011046,89.48930302483306,94.02452040721532,75.4890605835622,73.73088649316314,73.00625969661002,69.9317779356267,72.61639430613491,78.17907886417292,1.0442945702789497,1.0566947676758054,1.1195545188786376,0.6553608510014648,1.2740108558360381,0.9922939532658545,12.244272469730035,17.48740361566379,16.7574794137472,12.725355720143101,15.446602138979774,11.360124977317001,3.9877814844412285,2.393799209848852,2.5868212540126274,2.4556213835882077,1.970188595188375,2.889240414379961
AG,0.0012647924591884564,99.72594944803762,95.13951380337525,95.67605740270398,90.21563382315172,81.63945912130244,73.39429966135211,83.5005163192873,75.8545662037109,74.27776549124857,73.44547338003761,68.65002155737102,1.0688738971527565,1.0660710680790482,1.0682983188746007,1.197064510285093,0.8286880878073097,0.9946785658866576,15.24020575884505,14.435751059615516,16.12968373772991,17.83368508727633,10.600079201688885,11.11545477054382,2.6522581049355933,3.265502216807625,2.9066807920919393,2.649260888526038,2.8769161659650657,2.235798628059459
AG,0.0017777631127042074,97.61763572570679,97.11570468373016,90.09325137430099,93.2749753789999,88.17918682903553,77.14744900221723,74.40679658798202,81.17764228274541,72.48244712312274,76.41993153479018,71.42719360323275,1.0760264211116026,1.0579456055111258,1.2060702534346475,0.9745041716912497,1.2817476634982383,1.0131847060631953,11.439424155392123,13.680231162970946,15.58972746052422,11.98915020637374,16.558034234322683,12.8615821595093,3.7331424119738736,3.2107479945765474,2.926671040629254,3.4772423178315917,1.8914066208501512,2.2496242884387647
AG,0.003074015831975603,95.84637005794521,89.96352931850532,93.67087244704373,92.74259972046382,95.19179553220614,77.74684911019096,76.62516585592576,63.462804874149235,71.09462726982696,75.032317343892,74.80174801142279,1.0723679922243663,1.0329215553967979,1.0145217686314056,1.0320928471500324,1.109733861377452,1.001344402028475,14.564176424283849,22.19505245243274,14.144914620472328,15.043684960555845,12.731595602715318,16.548711774874274,3.792559220276174,3.1515683367772187,2.762000160582404,2.7493641185933506,2.9232075135634275,1.7780022840977545
AG,0.0060906224236568106,95.6966001387171,75.41213721003584,88.88966530864698,92.05505740929574,90.18293588755455,77.59695553189573,72.80284285944049,63.144701353210955,73.0036984708303,81.61847529192059,74.82333217881148,1.0811415587355386,1.051888423735078,1.0168408711442276,1.0512737489303767,0.99325658886596,1.0012136850771087,19.990394184993217,21.34422387973062,15.482641875521027,14.438406203248892,14.160082359451765,13.160827300487737,2.676994218574742,3.7882092335510453,3.5982392551430897,2.298760391703248,1.985562590573651,2.2036270570112535
AG,0.0034302554290705977,97.14264711029814,91.64425717994288,93.8777741291019,85.1656475202378,84.00805095613022,77.25910754475234,75.39958323416788,73.34691246781352,74.0334338505641,74.29740938121451,64.3073877021621,1.0729760974138565,1.08082082093495,1.0787946975776048,1.140789158306917,1.2107439930616686,0.993231558497008,21.961670963731567,15.547805333940163,12.450245350177994,13.95298536039154,15.119869524161626,12.942544079601241,3.3687093943228184,3.5351155015505697,3.002631350497648,3.306253966864305,1.6736146971540995,2.448692301884863
AG,0.0012383558612405355,99.05804772488206,86.13500255302212,82.84338013553237,97.57645400768719,88.52247712143792,77.0218453203307,79.29446855652736,67.00860444418554,64.91572419756693,83.15560942018485,67.06970642673704,1.0715670762556888,1.0483291567079913,1.0267709284323645,1.0481322460592242,0.8002642578032135,0.9950114935325229,18.569757424747642,16.547689295044783,12.955112563416204,11.226570879771955,14.727418663993065,15.335407753643619,3.8180573432911835,2.9697866337354015,2.7124600562587426,1.8567204711560124,2.2485633418896507,2.2233112650285016
AG,0.002918426786020296,95.87391429385484,81.177360093298,88.25333449070344,93.53889659931852,84.70715182812157,77.23721567705836,75.45970215447483,64.40279947330984,71.79660222831195,77.40193278421395,71.71791156791036,1.0641224305757007,1.132272939883668,1.0445423711169122,1.091556938138702,1.0844605235166254,1.0158641128656736,18.427121632520322,16.15877294663315,14.35862568838207,13.15959947088829,12.944242200709736,14.552033408109569,2.9496028844680073,3.3992344365055103,2.643544914298753,3.2285714380266133,2.8581417119702124,2.006160414104094
AG,0.001032880811987106,95.28146102883399,97.72629678148033,83.6911227221968,89.01877181520356,79.15846360017893,72.09513424029176,72.63750552547947,76.24518717685585,67.95918806503434,75.38986551561044,66.50553968656699,1.0880242165435459,0.9687637583068106,1.1634061672880314,0.6869061321579077,1.173018289858806,1.0150114770957048,16.611482649390155,16.03556447709394,18.634027816687514,13.181783519589603,10.527923862326888,12.791097227492589,3.57786091680903,4.113108341865994,2.779648158357297,2.577636248312905,2.1404351088389477,1.9580372338855963
AG,0.01166338174477803,93.27614581440265,93.2341267063431,82.0519127093557,83.35314394213178,76.82402975667702,79.62913477923082,70.19677677215397,72.41115428195087,70.11220226921075,67.6945547425809,61.997606435083235,1.0731801755644366,1.0093075286017512,1.0484487221095817,1.0912143733761288,1.0781112614640915,1.0080680805983773,13.619266364727824,17.767439020291686,15.869196736334075,14.013125504970525,13.084534480119704,13.20331121646779,3.698163643671715,3.2014139159969144,3.175299695490361,3.3443372673045046,3.1146036294399337,2.059863199116586
AG,0.00866353290824472,99.51005682216754,77.78351226930423,91.45231737378244,95.3735497869909,83.91798622543385,78.5379159864428,81.96131616319768,61.4974284879212,69.02019918535103,80.9629697373567,70.54844537468404,1.0605277910998026,1.1134145517212664,1.0194547202786057,1.2798811662589726,0.9251106862393069,0.9923577408788108,15.838336476391508,19.52920002424838,14.223387277974487,13.606108006483666,14.905222769937744,14.5771138070498,4.022698309618988,3.214584619731996,2.874107369779179,3.1294768131811455,2.5720327321072785,2.358887135337966
AG,0.011773802275992104,95.03191768739715,87.38730527783679,95.34665434061486,81.43851136803737,78.3780592593125,79.60009213524839,75.8107324112076,66.8145294235622,74.28655951522539,65.4265076939817,70.63032673808931,1.0571325964153389,1.0221429245343914,1.1734140987237192,1.0684104281074425,1.1984386954399688,0.9887654055812787,19.518054973364737,18.367855490371685,13.741908670541928,17.10341851998301,15.015561534035065,13.387214407569239,4.752458131143182,2.7229114634923524,2.764384176294671,2.631627989618145,1.8472767914737895,2.0289546935269556
AG,0.017319903781399297,97.00483653825428,87.57416298774265,89.8393417962925,89.31445379626629,86.05335182477295,81.39897187283135,77.63194772496757,75.95946220596798,72.68859598540907,72.32639344667226,67.36600952093467,1.0471281730253255,1.0139252552994296,0.9514720340035681,1.0491693354660991,1.0171055642107123,1.0033221344333312,17.685445720684186,17.810532110932357,16.57316335353252,12.722146709303653,11.490400930604864,10.738568226847837,3.783814045960958,3.09092152796232,2.699328621771011,2.403835877313652,2.447867379696862,2.4976140751410085
AG,0.0040941297059746895,95.45445955194396,97.47384234975975,86.36473348556267,91.24427350072172,96.50495335578711,77.44143628950742,75.8648542064046,80.02383398923628,68.77939247068527,71.92258636970908,78.84463914101742,1.077428655650342,1.070607797529383,1.0795728408758993,0.8213494306124103,0.7619709055798676,0.985599773338684,16.66640787666149,14.839677215287226,14.781256092609926,13.3305694012173,14.809422179800105,13.01808495177933,4.120577865181348,3.958490448830656,2.822112106374848,4.082286878011399,2.326750510771724,2.1675913104860447
AG,0.015569167073386285,96.19823012133241,89.6841614362454,88.14149345065441,95.20130861379018,84.64432010216457,80.60124271800566,78.29175619212472,77.50565554778719,74.6412425575971,76.8655284128915,65.7229511938132,1.0675374416702048,1.004348087691452,1.1956211263570977,0.9878983769421836,1.1110393562815533,0.996852353948871,17.65030194587297,14.635099744228317,13.199286529556055,13.269934576756834,14.1896773480206,13.025898966641742,3.1541155556304865,3.578079451032817,2.615499999402508,1.8980142419552601,1.7047937193059837,2.4599510568109793
AG,0.0009483759465857703,97.31892751908296,88.89999781263427,79.76226353194298,91.32038138596985,82.56368559645425,74.2781697699745,77.17436081382081,68.73852724538995,67.3661209888004,78.39408537290188,66.30368281084459,1.0917212403696783,1.1064479038387132,0.9332471487888936,1.0181173318597516,0.7705615327139385,0.9972503046577068,15.509284393208931,14.053073900556814,13.647633351077438,11.338179445461819,10.585167002594794,12.440867295857526,3.085308690178448,3.7820945437997047,4.191820782888362,3.01051989781892,2.432579599164122,2.084067332671507
AG,0.0009293855863050861,95.71378024990956,82.40788390878953,92.91923859122221,93.99278256490247,89.43967304243783,75.53287272996687,76.62161287603158,62.062515665539166,78.25284965469837,74.33576004621226,68.26606896589564,1.0878356827244873,1.0912640784378485,0.9616416343368981,1.0781619945520213,0.7637961850499702,1.0144644512657952,16.439055124797683,16.851676833709064,15.774346751872109,12.705233906373675,13.067851618138072,13.795825761518168,3.3449851420379164,2.457692983034112,3.4043608075352108,3.7184985377132294,3.5557578532733243,1.6331006936612869
AG,0.008908907074840176,95.20430418982426,96.86419540206721,85.09479652233212,88.46800974826078,86.34161881799838,79.46752643385514,72.8973785560075,79.68292620994691,68.88094446961928,74.32852766915205,68.29291559374224,1.0715448455976737,1.0112795900114684,1.092164590535909,1.130291499687181,1.349518966938358,0.9842501346030087,13.774151802386644,15.536378204566127,14.326668920270015,14.422912075291544,14.791069475793478,13.412117231525826,2.4915546341207992,3.291090536189072,2.7970311009903215,2.8341675291631647,2.341779856161096,2.501454831968644
AG,0.014290357179381142,98.55520068154595,95.14483756037508,85.46485554757483,83.56020670738906,83.12912748775734,81.92073623729962,77.06522315420838,74.4829332073871,75.90179092231011,72.01468733494879,69.56316234231076,1.089180775768454,1.0442901537128086,1.205932149603269,0.9856505202614033,1.1173294840695993,0.9877228866506836,19.9628794673202,17.392536211856513,15.74910336047315,12.262179197276842,12.108770379783646,13.229248119285149,2.9374657093124146,3.488711154040401,2.83272053612389,2.4675216623643914,1.860542722399956,2.391249463945054
AG,0.006360825396627106,95.48322204964234,95.93108461988174,78.11548605736182,93.76086931880752,91.55643730624111,76.87614768195685,74.69644748657433,74.40134521984265,62.147434984077094,75.8492636609187,73.86682921648737,1.0827898851816762,1.076088992666402,0.826039825085955,1.2907334401260695,1.138787783681485,1.011884621894315,18.19797521788055,19.647204538304194,16.13508387054993,13.623557444303875,14.915617309191074,13.943860605070089,3.771824829274232,3.0408750436271457,3.0772711176010765,3.718237822403319,2.29772696539103,2.3192676877853975
AG,0.001465609310001547,95.22070699873224,90.88412259564991,88.16869035500982,89.26481461564794,86.6255860939933,74.0762196682651,74.88002670356326,70.63348176781658,74.91185547146387,74.36624321314896,71.34083971983497,1.066589699272517,1.0084835206966973,1.1662029148288235,1.241598158495761,0.9925048613545882,1.0079405719980674,16.71818470292642,17.377095634241073,15.662923068887372,14.74620321262413,12.469389333220688,13.109295460694272,3.321161502921732,2.8985013304640153,3.4333347461428865,2.8932952347149086,1.8704181677382044,2.20668346167264
AG,0.010209281020746004,98.545016461963,95.03729254052908,81.77012579712317,95.07899449511157,76.90958985310981,77.2199741248859,80.81800322507083,79.28963233263094,73.10927831286035,81.26171456707053,69.26111473302008,1.051146700382146,1.0831906034183412,1.009189200361143,1.2963551069575614,0.8819672507835542,0.9925357909817519,19.86659095927609,16.155124502763474,14.403689081620094,16.82519440989129,13.845165267815304,11.112668564646011,3.1094838958059303,3.2267495702350795,3.3179952545764024,2.387947438189643,2.3413411890928457,2.146131797685986
AG,0.010872573067678517,97.25536831842709,98.54994647454737,82.86711607780349,85.59081970135664,76.72190533320041,81.43838482011583,75.93980546160688,79.4544370917018,62.624080541565135,65.9593534521872,68.40888444471621,1.0822545644216146,1.0949401914537544,1.0929947912457885,1.2389985515739923,0.8222095455693746,1.0113834160609374,17.356253145131973,17.077341045260017,17.405971951402773,14.270516144478576,14.417099497415757,13.877154957348258,3.2579535526587806,3.534761112907968,3.3629302335953595,2.15564226274748,1.5972316402637448,2.1487092116048685
AG,0.0020097247380846082,93.85149353401636,82.20554248352417,93.80181824225917,90.87253280895425,89.97513910760281,78.16963152327824,72.05360010127028,65.8375742995001,75.8748293172147,72.33972814913308,77.10995486000044,1.0572906535918567,1.113631118988915,0.8667660246363491,1.2794975330974416,0.8292706887175172,0.9959821009399185,18.051924999877702,17.10506015462238,13.752211078219021,15.69939789469879,12.138871687333683,14.250163337104539,3.7676207148111907,3.592301920838713,3.0242565032073196,2.1041452683624415,2.4172852443179043,2.3093356100667544
AG,0.00807014287498472,97.81447184277195,92.7287372383583,93.71083100982679,96.93251386167509,86.00695624860914,75.430868865356,78.597751772754,71.93503125425804,73.27419693232707,78.18483316593567,69.24592835958747,1.0751224906767731,1.0005879256300871,0.9162258946890431,1.324968584074584,1.0520861487587787,1.0044226139332086,18.406883268681785,16.23951413081218,14.99737442117238,14.977992473644445,13.336987185696469,13.803129621387127,4.21209875571798,2.9883819262686746,3.2770011214402506,3.588116956858294,2.3342273717214774,2.7607883299107883
AG,0.0023083854491978205,97.41172392911355,94.51316946377001,88.53657931688561,86.10676115339382,86.52239872074274,75.87005900632775,74.76487673726614,76.15661276033279,77.41164881641512,68.07411003315767,73.94629930916417,1.0610560640625752,1.0781359366418333,0.9696030903557019,1.0956499775571729,0.7581601682099244,1.002298946008934,19.909353803386686,15.89593676439019,18.107901951576153,15.260159585681834,13.07541997615345,15.197538864321011,3.610101861405823,3.2919260623733577,2.6345010741460997,2.806163045925581,2.6396743825209272,2.3022803074105203
AG,0.012595009433110328,95.51440834076456,85.00748776711686,94.44412163321539,95.75333234270762,84.33914714709096,81.44660920411557,75.96068104237037,66.41644949053364,76.4677582275691,78.50099318937613,67.15848378853208,1.0556062309428151,1.0763581448615847,1.0167594617857632,1.0732573010102304,1.2910284101258453,0.9909527289344737,16.818185740366346,18.210081792713854,16.007168480708618,14.837777426394686,14.162913643698953,12.628190953215402,4.505357067033701,3.6593072678200476,3.012594271292882,3.389196562175684,2.915941404338887,2.379586716768145
AG,0.005450030966775652,97.40668139695514,99.28454779215058,96.73913296726515,78.41274626400735,84.20287602968428,76.37668230942116,75.6496568923366,86.88222200809446,76.83304539101167,63.51705573938426,72.96244711519277,1.0769373645203546,1.0144821143532414,1.004858968894272,0.69083855782102,1.0124554670793018,0.9774355402633856,11.592965679016796,15.92832264126714,18.291553915921817,11.63297328474123,14.194018924207972,11.894115009073882,3.8372649730473904,3.7297485121218665,3.026224467327486,2.8681432318194853,2.1729300725174934,2.192499294584006
AG,0.0050577799423056615,97.32578164766825,91.17102351392549,81.91105053508466,88.81397957066842,87.1191078653499,78.69348583230617,77.54037910993219,69.1478122429621,67.05486140755951,75.1649125488617,64.66876555993518,1.058656950974404,0.9963310970076641,0.952817762978867,0.9904217526070883,0.9594393792331667,1.0020338702487923,18.185965203387504,17.81301434431827,14.766439646326978,12.089362634383715,13.232406631012617,15.268243827678951,2.8994915032002693,3.2165884374039275,3.214167180201276,4.35781436518066,2.280031915808411,2.5462719958112134
AG,0.008240946613530715,97.51118501143264,87.11753780959356,79.22527934552822,84.17681650660728,92.39209687713549,76.70517326908357,77.36408039420037,69.73782687392067,63.46277568417454,69.3166226638833,74.11886847682031,1.087380330759522,0.99062387645159,1.0163420876839406,0.9371717648612264,1.0941156671775103,0.991627150025848,14.901863111758969,11.10266790304648,13.024724850449868,15.76372348043574,11.363463700082683,13.023458867263056,3.6642353850707265,3.7883001106877363,3.8004371554727134,2.294297572902104,1.9770885451762839,2.3583223423948936
AG,0.006097445446234232,95.78776689816397,94.31324836113824,97.70683074899283,93.10558448549611,82.03152511095023,78.18091923288107,72.47736891226135,78.45050846453309,83.72553867667595,75.5965782024204,64.72504443567,1.070334347205988,1.0581488417879843,1.1798425738572953,0.8095571722562291,1.0211035931862606,0.9859664039115723,20.52987826588022,16.438015648037727,17.639658312495868,11.520622847902064,15.101075838493735,13.195107906294007,3.039488073981721,3.89588321253263,2.3767122944433456,3.7933748659186275,2.0548526288371214,2.915746650684457
AG,0.0020206783889116717,95.9523258767093,81.95684988396,94.10946540393155,82.0100119652374,88.49999559916762,76.47024970999868,76.19831728469417,64.22461963677588,76.55183361647993,64.45433759393484,73.33665831922261,1.088726627154105,1.104583293186669,0.9137214723665131,0.7406278457039412,1.1721609428821667,1.0107358367459913,24.88213570557773,19.35556619279346,14.287537660445475,13.343557923695094,13.019989019317947,15.6485695957783,1.7762211053281984,3.116409290096644,2.8426106906339066,3.3404986775894714,1.7034512809632503,2.2438853876575826
AG,0.007787609862165736,95.65293978748836,90.00301916117833,83.5080475358104,88.7929917985048,83.86796931098985,78.97863177041314,75.92462624217181,73.77504559517804,71.15166922314747,72.51458046560883,70.05461884320889,1.0709285559463677,1.023727627967836,0.9075172943201963,0.792845522016646,1.289375244236355,1.0200780149537676,14.933934017503406,15.125749527313687,13.396084858294,14.071023697018582,15.326536696636115,14.340966827456736,3.7012165015611997,2.720357842015996,2.6469472716618343,3.567610241738057,1.9652654327774077,2.5950156192577225
AG,0.00840231882274336,96.65117329402884,98.1139427788417,87.06794083378698,89.46958051418267,89.12631463086899,78.58697690162286,77.72386377441235,82.5832082630234,73.78050682209688,73.78531050022266,72.43613749116905,1.0597146690061412,1.0275537502933458,1.0491703118466718,1.4769788205907342,0.8541937823922248,0.9973425159344128,16.139559960202572,11.020465133347042,14.990598063886575,16.049494664297107,13.428002352127963,12.398552101983343,3.8263707566695584,3.3317504090515455,3.554175974192735,2.02264229052076,2.353723128479792,2.8556822119193894
AG,0.0007489536413227285,93.71907099839939,96.99802709487481,97.57139373845253,90.68939478246506,73.60851658429843,76.36563997216506,71.2140121014979,80.76984719983942,76.24637920288166,70.50073056767775,60.989792728348334,1.0724102720058037,1.027513812684569,1.04564220210346,0.9106107508651373,1.104697184541136,0.9994788558532335,18.480202846072437,15.05066525663532,14.377929456346598,14.845162676244852,11.705365511449115,13.83062686083923,2.910421144924862,3.4006878441582935,3.547941044058522,3.6077962079189185,3.719702273557422,2.4480139828419123
AG,0.01123928934125857,96.504206985085,95.47770173541545,91.52951277704253,95.8749256767124,84.9060179013556,79.35617441125896,80.11930979854367,78.70956644400044,72.99498087096903,79.92656947580969,70.3483843436541,1.0747873472795022,1.1003845529684193,1.1237559018597714,0.9776419153970718,0.9537614295736204,0.9867963412668873,18.058976826109184,17.069115125949516,16.163811006296392,12.920761778626614,10.00804016920991,13.076636713292016,3.3269663320064216,3.152568003315088,2.9837172747141003,3.14086147041272,3.0904630719934447,2.0809135376507752
AG,0.004516178855697146,96.75909838007603,93.53500293232557,94.10991781135807,88.03951194987296,92.72902205625927,77.77478650405773,74.10039793131536,71.17819640308996,76.07683727565035,74.12609205270716,77.01991799205787,1.068363390086938,0.9703546514803539,0.884515402193379,1.3155901610269791,1.2047792842272065,0.9951363821351096,15.213083535755453,15.163574731550744,14.375746368344918,12.604643657566186,14.792121356247808,12.564900531222765,3.784645755259182,3.1544922009493352,3.6755071598913305,2.720505059363066,2.7076287166110973,2.7666045849589467
AG,0.012636560561378341,95.18600538397213,97.90143824307135,97.18659267089821,89.92019222758108,83.52321048004633,80.07448370143443,73.34819133048052,83.45743643259092,75.60077637609358,77.62915456757148,64.81327461598896,1.0637054449383576,1.1035683256303084,0.8786324867368763,0.5673131125631407,1.025023223733253,1.0047165661349884,18.46068457646198,16.252445492616555,15.199323116976451,12.707248959539292,13.472523105070595,15.71653262496198,3.682414818413906,2.660184821531483,3.8004137014639445,3.136759403424807,2.098539148350632,2.0457612072683595
AG,0.018896744108518347,99.35756201232306,92.23709213645564,95.81772688391985,90.86107057356605,87.5821426237354,82.84838793915678,81.44035391100948,80.4065095910613,75.02540576087982,73.84490857408568,70.55144336487372,1.055474986454742,0.976511649270738,0.9626731470756875,1.347997900748592,1.285384957147734,0.9949308957587527,18.258829344671383,14.089246482400196,12.335021505981663,17.201227317292386,13.959942825904136,12.482400896602162,3.470356966722014,2.7206362049742094,3.444560925503221,2.1260864534519577,2.541176820637703,2.4860550043079406
AG,0.01466310732409878,98.1515570683816,96.33018744858965,91.26949229387363,93.90913869377266,77.89669945521035,81.18963137134891,73.8846267125044,77.53808362511843,71.65415870895166,77.28835629040414,61.63085469103854,1.070915703741659,1.031019370729758,0.8605517285676879,1.2788761411886522,0.7707636069166843,0.9977447565061258,12.471719415472101,16.008569057295393,16.07739060151276,11.362327515997801,13.94295067406113,12.530303385867231,4.029585981915227,3.506663286673703,2.6149150282267777,2.449070539940842,2.6950024865431503,2.6321067669847262
AG,0.0014893503218054572,98.53615643537775,88.67428748682995,82.41091123472211,87.71761517558198,95.8983532415624,73.7285428497951,76.29848970135096,70.55938429717341,63.41461826441252,74.81417789794638,73.81656645202784,1.0634175521008642,0.9954124715259407,0.9108166714246808,0.782997484091125,0.8939062741659485,1.0115521262257015,19.15058458510097,16.710678709662577,13.744866007588938,11.538446845577385,13.708499237143966,10.722269151413833,3.080995901290546,3.8752563407185963,2.878180851795828,2.4316238006138624,2.5853136319425154,2.6792254427622826
AG,0.007821894860415827,94.34035914982272,84.38231702074869,95.61341583791054,84.66129899547609,86.82354832242761,76.82041344346106,74.69614788081536,67.49063305624298,75.62501288001896,66.37184974051584,72.02387393458191,1.049256462758814,1.0178876275880244,0.9357862660632944,1.2671798313781726,1.0516197324996335,0.9857282960852154,17.603045754811003,18.606818481394264,18.72183326344461,13.311534881150719,11.925809558878544,11.708288170149626,3.3438263214477497,2.6486112392543797,2.9011614017368252,3.301157808437934,2.9577604154433716,3.080816610148708
AG,0.00029139425858813094,96.53959013291784,84.79529910952549,95.63060257580379,86.11367171056908,94.18002998800273,72.77797822734179,79.85895259439243,62.217968540222856,76.21013661262624,71.25661090779778,76.66503309115299,1.0726910678169248,1.055023032145677,1.0763111496675928,0.7611504567298937,1.152938571385097,0.9927984437507279,16.027000020278866,18.51830271176179,15.170579060496433,10.992408263887148,12.764066497553753,13.97051172650611,3.6807376800654197,3.84980962447918,2.4883168827048334,3.6869900631047154,2.4445685886285635,2.217270641993269
AG,0.016011593175835278,97.80403380997038,90.39743126549432,77.64376499718215,89.32509502122286,81.45550428087405,81.88462393051776,80.13814157654566,73.32846816736365,58.8582189536268,74.96714768580978,62.786887704206706,1.070545060340717,1.070652670041619,0.9780468611221135,1.5220085175154088,1.2444407520352756,0.9980682594981429,17.305727929977188,16.818756739681458,16.714468601118988,13.577338392148826,14.139193289509603,12.331628244218436,3.713197923894948,3.578869321074638,2.7038418591344096,3.1779535361935944,1.968899232654727,2.360222185921449
AG,0.006929926426476427,98.17567610164063,95.87299379356162,98.18908802373447,80.87656797759296,86.49879441603258,76.75743590166333,81.45221757662367,79.01268889583473,87.73387088199057,62.6248833168902,68.50563049979057,1.0607475498383505,1.0209393663615398,1.0922002857582707,0.802117847632834,1.1103492577869742,1.0098861642755466,11.01720395649098,11.692907119328787,17.987770233932622,11.99542359328368,11.888879271540011,14.461074803615164,3.9025672373495874,4.310954612681799,3.1141302096648906,4.2229773694422885,2.6836291435195743,2.294709352314053
AG,0.0005157625856350127,96.2779146596509,95.03214921800775,81.62506086104925,91.1911209854376,89.58274257362689,72.15821405491673,74.44414642882177,82.52566739023192,67.5257336183733,72.53893740615847,74.77563211070071,1.0648313462884689,1.0805346022156357,1.084533292416445,0.8392703537991653,1.2165416160344429,0.9981911897946604,17.362078718520742,16.635823155697047,13.613076469895917,12.015204220028389,11.302431655767851,11.976959804374324,3.1531374505798695,3.0660031028051056,3.1582537867495897,2.642004942000731,1.840357604107992,2.2399014757123243
AG,0.013670116736551958,95.51451733847209,96.74075596822439,91.6305822259183,83.51160007168207,83.00780550331052,79.43750275621406,76.0615265021297,84.90228407475442,72.77080253788766,65.47445566581571,67.92223154614999,1.0954877021036056,1.0885054304889974,1.0998942321460654,1.0580915608068358,1.036770614510506,0.9862117245624962,17.58912253629387,14.143265378897086,14.546246259398076,12.639736424226381,12.336400045963748,12.432145962672884,2.6494386424866896,3.2714926216154656,3.0977703214694245,2.296021764227689,1.8416525673506352,2.2126779693164136
AG,0.006497311688674278,96.7689155193397,98.04957555161853,90.91532795819815,83.35289966505403,86.7912892966353,78.15825741413491,77.53446456703703,86.14618830922394,80.05489978424988,72.77854649943197,75.17260846893073,1.067238571851068,1.065763015142387,0.9748710570291708,1.3381937636121406,0.8251115816065892,0.9897392188898148,20.655501894594156,17.51867236776716,11.728224618404639,17.648263891014288,12.148096080702668,10.182087310350004,2.3648226665295806,3.5478171705367947,3.3265164317351297,2.4790456424254668,2.9370196636618355,2.60945683368836
AG,0.0031098629285299753,96.39936515530152,96.11878269656505,84.74654730205565,89.16912028110278,87.71123765329811,75.42005697310213,76.6975727810229,74.13491970425814,70.2122452473458,72.07490481489174,74.35073308548077,1.072645514594899,1.0699804794935237,1.1033485390102078,1.1537434907352755,1.3186845234075029,0.993490202327657,20.330611839276944,16.767475067877808,18.780401473901396,11.910380425799344,14.231407789837853,12.339944685982248,3.5711095695187196,3.051213832963647,2.767812999252805,3.1691726287948927,1.9273750244572962,1.933111347601214
AG,0.002641281690601554,99.83972868290878,81.44217350385023,92.60820462800538,89.23376058984326,79.57336744438346,72.78459116196834,83.66963635041185,71.88853422216836,74.48845870741201,73.45267770026915,69.3479337542839,1.078897060121615,1.0976443394814652,1.1378990079839695,1.1007712687677709,1.3028249134549155,0.99921945609761,14.883733517040975,12.114230027540952,12.664177557742024,15.676130813352946,14.426102524698631,14.33342256981642,3.230259294909195,3.57708283261052,3.650731431935215,2.26282817537871,2.6001108177249885,2.222565316669871
AG,0.0032644923022151994,95.61236463612715,94.28913500867357,75.42381171379665,89.6805927533096,88.40152929387146,75.73554103289344,72.54415156808366,84.55598751948234,62.66106928073261,74.00537620810279,75.08617354938461,1.0695789630329526,1.0874074081498675,1.1435445451955948,1.1658052337512328,0.990022540080139,1.0074929698558666,17.043427776061034,20.749185582860683,11.59078624332707,12.01732833652638,14.86492076927772,14.850625412848391,3.9247853761869185,2.599528534532995,2.5938364241909464,3.1385917816496858,1.8703026094004769,2.0561486863958063
AG,0.00761701041951608,96.87499461567533,85.22805845578914,87.70704917120611,85.07584828960395,74.05522332601592,79.02676899889,72.1230570273847,65.47993928642714,69.15886450235624,68.47186312946951,63.21114317454582,1.0778886220878727,1.008591047291929,0.9954132901198489,1.0630990095024953,1.1225123108710853,1.0040767403631419,18.802059508590744,15.376543813370091,14.36842387673916,10.993014396927725,14.513280772497826,12.879504162265,3.6044586030179437,3.53393306894962,3.0294093816048626,2.3185917762572603,2.8881957813701873,2.8016722139173376
AG,0.004718439992551911,97.86561094602202,98.7672550853104,93.30639000111894,90.46794810513047,89.63821983876855,76.67909219313417,75.00134970733822,90.14931625925034,77.49143202570986,69.29720742530206,71.58722525658658,1.0722067870061731,1.1077264041817656,0.9403496641343391,0.8883221254387484,1.0069570968702872,0.9859867400804574,16.063688523885936,20.835080443826257,13.815284270591041,13.200103173346257,12.127872732952019,13.413085432441397,3.6091386251313247,3.210689295103897,3.5557037183537235,2.8566566120759562,3.1629339973479125,2.7903153681519948
AG,0.002168074678789083,99.39236916654495,89.34218154144297,85.03691415890222,80.4112351003517,93.77505221746917,75.92864417827012,79.06274658944646,72.89464734711073,71.12646139263364,60.926474058804104,71.98768293834652,1.0716732895477636,1.0882706288683013,1.2981439409071611,1.197276856529696,1.1589692281836892,0.9990914821025544,22.39353670779503,13.881709437152418,15.129944097241356,12.628978369530271,13.773239067621324,9.972783957926094,2.7442262613789166,3.6471027872574666,3.3586481297782442,2.7204929579368766,2.9280511557978,2.584395535968742
AG,0.013074383477955679,95.59203861703229,92.2569343127517,90.03040752045234,82.48955158422814,82.74240860503743,79.0153569813907,76.11383809489564,73.99668011143302,74.36401444446275,69.92523490371673,65.75055897856133,1.062435444409037,1.077702476369672,1.0001723252891916,1.1895407694328854,0.5730670378535174,1.0074996365733642,19.851412872907375,19.566407897656457,14.655410161011776,15.297434468298693,11.707013631853947,11.707979668122642,2.5821295676695044,2.7663613322526355,3.3103751456635253,2.531435682930524,3.5497597439766495,1.8733131090722401
AG,0.01117938026484302,95.80191784572713,88.88013780966266,83.54275475391024,86.21390213550073,90.81550062014976,80.83201283354903,77.30002182138489,74.69345844256347,65.65218849266121,71.74071960587172,71.39943375034011,1.054177075273269,1.0548856623593703,1.0619830716661809,0.8624343453998669,1.0188293199805345,0.9964852370798185,15.42041431970301,19.05679290690194,15.803713626587612,11.87240451584499,14.61026038004605,12.487126930390128,3.7992366032545393,3.554725948629428,3.1840790711111935,2.741947076574082,2.2719086732219678,1.6952625470640674
AG,0.006590434102967651,94.25012346062819,81.33551185234236,99.77654891395376,85.56917904531171,77.36702818284516,77.00053390510178,73.8879737525479,61.01856540856848,84.47135232345292,70.13665429515889,63.55873405835363,1.0594058095920427,1.1313740158135002,0.8913910578407054,1.4909338958064295,1.005776060864395,0.9922640604587836,17.930123581850264,19.012501612210144,14.324065499710052,13.752313207319284,10.391283251564005,10.111003421739351,3.1448531727036904,2.5595108183273787,2.6974176579008864,3.208046847420606,2.2310719642276076,3.1044339359346895
AG,0.0065845930741388545,97.60743385219557,95.97887346440548,90.86859725933971,85.45717899144738,93.19748172608739,77.27134868046338,78.22408209453266,79.67034740023115,72.71081640866818,64.7896714581062,70.28075584396866,1.0825404881223748,1.0706713598848745,1.1044935071955062,1.0394287600788115,1.0842032768121652,0.9962433467616976,13.642355638389333,12.800249111240158,15.240012171779622,13.877729889496795,14.328647588515988,12.17884671352859,3.382255265313589,3.568243553511695,2.9151395151924193,2.3921355829524162,2.1409519069267366,1.8373030550764946
AG,0.01044772120887117,95.4311122881711,95.00579977374986,89.03169284087016,91.44783441160651,96.55834808092308,80.84174848586044,73.53723123208981,76.12812076865717,64.28166769870982,72.97638337861481,80.31951365373243,1.0579480461958835,1.064249339921781,1.0779855465042114,0.7546033376413586,1.1785649841724108,0.9927842074950964,15.943099357381394,16.50761658756733,13.258557072505004,14.24100473333627,15.122132609719525,12.267668226347919,2.726839297206179,3.588425878926403,3.1228224574770675,2.214295553212997,2.550883300581389,1.9885969604156377
AG,0.00013590980413369193,95.5493434566849,95.20052204578236,87.62005114517557,89.40026305355303,88.9428379544143,72.074374449535,75.52734575238884,74.69485225766076,70.8536599354442,71.92548819083915,72.0726619032664,1.0888087482948687,1.0276029262651207,1.0911980896075877,0.790896348722578,1.273927478260857,0.9864399962879088,16.444682517604704,16.702215680043402,17.435942083937295,11.80726053025412,15.55292426870567,13.668713194071069,3.2377364233721497,2.6533236252566477,2.627059476591855,3.987413811057852,1.7771313308218208,2.1802126080474893
AG,0.00818756320794324,92.8605380046825,97.1479926572694,93.62113368598459,88.33159025124958,90.44879417810802,79.64866919280414,69.89843147738968,79.30484740126971,75.74424966147409,72.35148700516973,71.0265748316303,1.0758528486476175,1.1572303922270541,1.072344950991859,0.8082236540521766,0.9955859197535742,1.0026649815537154,15.027622830977315,17.79928030327956,14.692620510956877,13.724156670012771,15.705931694462462,14.013306615809341,3.8412193838223105,3.2642476082108876,2.9793657672309024,3.3945435025455692,3.058368338052073,2.7069104908550305
AG,0.016098090100050706,97.48654583925843,93.92074460481491,92.33546695714192,84.53893094776089,81.12522882553152,78.03698138030053,77.06274274933507,77.94642953121321,76.27715156716128,69.66888388686272,68.1222280592199,1.0620063078242385,1.1025895101317396,1.0621006563134248,0.9912323857818214,0.9561292214860172,0.9725424602188514,15.868862102952576,20.635309692759535,14.871594406468441,13.799679315484914,9.54450896604728,12.308782563629137,4.241796711146227,3.4926105682864654,3.016385801380764,2.1750924713107196,2.7738116930711403,2.714859317291257
AG,0.0026328104540610346,93.9950986764234,93.05732578473798,96.96031205171175,91.4384617937738,86.75581189448373,76.82786655639883,74.91329664585444,71.20188999666865,79.98043574648706,67.91740520119808,64.25102317076286,1.0593487465639175,1.031515039648835,1.0186823952640085,0.9858696096086883,1.1460537844406056,0.9981663829162435,12.704234901127812,18.85014968703694,16.60473801465489,12.149494444166939,15.064590552808326,13.233964758071759,3.5133452903850757,3.2242726448057417,3.032854462284958,3.890998060916366,2.9415716494982562,2.489115673921707
AG,0.013265673601636106,98.78186909652729,89.88534243606549,83.04180146121682,79.10694400215858,80.40340515715671,77.6614160646302,76.91408876531479,60.087488399991926,66.73596698487626,63.74583801594337,61.05740737667896,1.0621698931275971,1.0233330526374538,1.201044365456887,0.5591579145543402,1.11579604846852,1.0080814094702397,16.381678629767976,15.439077507967736,14.3264554647021,15.606225677182827,14.498381271604794,11.707170598605106,3.4870230697915066,3.5431925040235153,3.0015984089759367,2.7643923898326186,1.8741306144818486,2.0756133680070565
AG,0.00784820264029335,98.23575277594328,93.39008819370243,89.52838199349692,88.34738877509459,80.83347361989917,76.05838384140914,73.20185023566772,73.98402608862524,70.36802789503608,71.37193695427966,68.53140389540373,1.0693757789774871,1.0197183641215002,1.0873756378397632,0.8696763750509401,0.7143667717515194,0.9967797270205696,18.614317671676798,14.984458357694582,14.375450722893367,14.107000354918815,12.441764275194231,11.279352751836512,3.239796743253043,3.75829752607608,2.4767015937083645,2.6246993811942856,2.21513470422972,2.480642653046071
AG,0.011640472856377098,98.83762953923365,94.00536360407499,79.4946825619294,89.92385781664045,88.46432850915927,78.69901701674875,80.35075741228648,72.86295770215902,63.0157312129682,72.53754726665159,74.4170875937169,1.0642263101824982,1.0593717753087513,1.3293097822787487,0.8600882299969953,1.0956921372486697,1.0022848408851266,19.298075891145977,17.32970726804718,18.283260745826528,12.327219329190418,12.771282070627485,15.13479449826819,3.6075031395367785,3.8997524585013226,2.4342889294224794,2.3857844611835137,2.9868448284755322,2.442544482110758
AG,0.012815380648978018,96.67912976239714,79.37547354918416,88.75521437214155,90.55956316098822,91.15745107197684,80.46967215741779,78.04388423459069,58.3978608087897,69.7340141859653,75.33952727825279,73.69238890866934,1.072378485011579,1.0917474631864357,0.9353642325483607,1.3843536786779511,1.164743562100615,1.003574159532154,16.80569708398476,19.986577665013694,13.170329349530864,17.29617486808918,13.440236444092132,12.177074670118422,3.089519406743523,2.1504620084566595,3.873697130823093,2.026061437548159,2.2996428678365604,2.518981784983024
AG,0.005775932805092405,92.85667241238109,86.7124171402995,86.15901851369708,86.02506499152462,85.57018652502964,78.68714826719517,72.60491699238881,75.35478792941187,71.7175991822926,68.64135396449923,66.66242334423272,1.0729216233324737,1.0682900691692638,1.0404015616667561,0.9644387185349992,0.9499590355713818,1.015885203749466,14.71697954878152,17.514753336004503,16.887504790569057,15.204128141978213,12.429035686023505,11.796767555179951,3.142041663116903,3.479406360600055,2.991767777986244,3.5105319827033235,2.343806315451465,2.3549442215809546
AG,0.0070368847647419444,97.97451475591346,97.50021662396942,97.49021734823539,95.69128648721045,87.6786457694534,77.0117360310733,73.10595188558194,73.6326795988318,77.3680665346616,74.43586677749579,70.56436393215104,1.0607353363641674,1.0649367001379524,1.1132018108052868,1.1192336389915876,1.2471709749301279,1.0000619683874226,19.484753532651844,16.91257382120453,14.170226594358278,14.926430461707202,9.96464068205508,13.403582595353749,2.855258848102642,3.363206291118006,3.2107075312981705,2.257950565615241,3.5879473600445455,3.0279457211825918
AG,0.014386279194147302,97.21301368347721,96.38857981384173,85.97916662635481,91.38066019572365,83.26599435395784,78.28783242155686,74.63697395650554,78.92424733609795,74.36408286863126,73.60927637339736,68.24224149303171,1.07084076871089,1.0710378905897282,0.8334302196508625,1.37631702433533,1.166233384921051,0.9938610582647567,19.832718043438625,14.498819164272662,14.73493729194754,11.786557446676113,13.142786827233857,11.123683065369145,3.700723102431868,3.1466130456090147,2.5997536820809666,3.1153252988095783,2.4940742705377024,3.154622676342277
AG,0.010768666859353553,98.86044036204758,80.67403861033817,97.41419981732207,80.04586109458585,91.13636842067675,78.46584084126845,77.72432038479167,67.80196873383578,79.30470658142795,66.92512693851151,71.08624766592564,1.068067689585941,1.0880147794489297,1.1018321909843276,0.906154955034886,0.7841525574670105,1.0022226416386668,17.64643817652171,12.970495487265794,14.561038397781797,12.394955946411145,15.050212941119204,13.517869819534043,3.6683294900887473,3.9091164744786124,3.195823110390102,2.9505676504322547,1.7997739185594601,2.1170296036115195
AG,0.013751127741897271,95.21605043695898,93.74508400783789,91.63204344762158,89.17284694664231,94.67658758032795,79.94845459648543,75.79842449644572,70.03049087010206,74.90677797824131,69.79616459171923,79.97697945895078,1.053526763174323,1.026284390521241,1.1642398403450454,1.0108843330958772,1.0947728114334705,0.996723596599157,20.361615640453234,15.859988858681637,17.948750089253153,12.377494017192022,14.630224155935563,11.705647489425537,3.0503100629013087,3.7306087108246673,3.6358138869782928,3.1147437548141994,2.466338902222318,2.185080962458459
AG,0.0025191813700583673,97.07847477963342,89.3359982272436,95.64036743690954,87.59029959629471,81.71739090038123,74.10325659722375,74.95311128225048,72.88427102143582,80.51641600961251,75.4462570412699,67.47404065368514,1.07654701415363,1.1259059363587753,1.1852644262386935,1.0660341780780513,1.148314593297677,0.9942404431329359,19.241489035007287,16.169581223886798,15.783560226272902,16.17579784672375,12.82755200950919,11.464624479528338,2.83282294053003,2.7549496714096704,2.8870318213404422,2.656165455666121,2.165919726139443,2.540883636716336
AG,0.012090680819546607,98.31599820498084,98.12612664579696,89.28333092538932,85.37967351417845,78.8918378166515,76.64956275728886,74.1024650954399,75.42645988862715,69.24572408070709,72.99656609461475,67.27702405694802,1.0955069063054024,0.9343452954000172,1.186563254807984,1.4152166041307788,0.917294486279883,1.0108503702686655,19.76441430609048,13.064849353325155,18.014105227614507,13.211285096958596,14.028982013834057,14.474779931748152,1.7741143886294308,3.7351111488497852,2.4051925048655463,2.445015297659589,2.77681845935499,2.4651665995450993
AG,0.010177934792231594,98.74233133996867,99.71847634271678,83.74319378492841,88.1105599937267,92.38956761193478,79.15452504015173,78.5582015247374,88.08242770007973,73.80989101304813,66.34280791651251,76.71986474596793,1.0697845420710606,1.1000311695081018,1.1427109118894392,0.8774039582695303,1.4994210523910994,0.9799337976336276,21.094636466438217,15.788965056771985,12.308223315075224,11.983546545851464,13.790770986282949,12.576477955125831,3.09922848891039,3.3510549876885163,3.5408437176222605,3.025634860024763,1.7328674896974627,2.218663494054069
AG,0.0036198683339440096,98.47709633253336,89.0467106595984,94.32474619603542,85.31734297530961,88.35175791138526,77.5788572956263,78.27064933554671,68.65765272000147,76.84709474776731,63.7698081329773,74.07866909880444,1.0872016768519743,1.0375040944311507,0.951543452802611,0.7513345131827045,0.9045838960945185,1.0083696204319996,18.54673633154113,17.41099140436753,15.507517195976888,10.884402257897856,13.776852382872553,13.387835224205956,3.8893811616631186,3.737704704318104,3.147254309060383,3.225519386396365,3.1384107216616695,2.6326794890302296
AG,0.011632279299707164,96.66395320566929,88.27308711361005,93.87377523688819,90.66296053676257,91.20942911522573,76.37846069022955,78.13088818054078,73.69379541432912,74.97674922515431,68.73817258230872,74.8751369719024,1.0657271400504515,1.0401023621614915,1.1743453469633613,1.1603937180729356,1.1097331621369197,1.011360340492251,15.177939889577589,16.687940961666516,17.387432333706915,12.34724101192242,13.675251984902427,11.792242171557234,3.0171260192803055,3.191381225911165,2.8523363200042744,2.167959669389387,1.8577771626735142,2.8218799263114294
AG,0.0004527287890578372,98.52656539169398,82.41219798882848,93.66257358323179,84.52509132253068,86.76657616247554,72.58336569685535,76.29222135878696,67.73433795773042,74.5107125830333,65.7230744417585,73.04904950990654,1.066757792733414,1.0114611152456132,1.0605664640339916,1.2371223894305956,0.8062243563179398,1.0086182615235009,18.13577891954725,13.685660579529005,16.33882371593693,16.185149227921876,11.35622610433708,12.205255213465097,3.1594610237560543,3.393972191199155,3.001483235023155,2.114263232688695,2.5605680499490857,2.0801929826336663
AG,0.007443657581740728,95.20191239250285,99.64872239445837,90.51736720523047,98.61090776547583,77.03976983255028,77.68840965256251,75.42710628440463,83.10640841315404,77.14853362134008,80.45389091027435,62.05318626060208,1.0524454772294236,1.033286413546695,1.0212418199210191,1.0088921023577575,0.5830769321520339,0.9764946959329708,21.125942702574623,18.00411541223055,12.6518757228407,14.017218573515239,11.899716488036184,13.041863179993829,3.0363604823222925,2.709775201321378,2.939661670634192,3.234123962825282,2.545140089989325,2.267207670436546
AG,0.007406710145254173,97.14034314034569,95.19885185616555,77.51069058434942,80.24854292126686,81.3367449283941,77.29912231926062,77.25045163954158,79.52914764459491,63.109709200246165,66.33291375312213,64.06721642549797,1.074587658195398,1.0528833501657409,1.1673678198223867,1.130015143126593,0.7927937346907479,0.993399466602893,14.009126277297334,13.14823465463833,15.787052877181726,13.93524953642832,12.789314065219076,10.9883900525731,3.2304394200306534,4.018970950271694,2.9136517654116365,3.2924356578157674,2.185034295820821,2.4943352122615003
AG,0.002529947592177371,96.2935322459338,77.86424696377843,92.60837684940287,79.89746273553064,82.93323481835135,73.3306323709603,77.20036247165153,57.918190423994844,74.03733921132198,68.85130602393859,64.94778455754548,1.0772751809557686,1.041028004222301,1.0388102804353279,1.470747146393618,1.0770145116523995,1.0017132812685468,15.435260399867074,18.413265777931993,14.490118293447088,16.678928046946425,10.388962414330617,14.136081937575472,3.3070750350930567,3.2698791842480452,3.1592533873777255,2.973666605557877,1.8528205113672533,2.29290332854946
AG,0.0003638247345689681,97.43489846075855,85.95244996535091,81.61842247952309,95.02519956146912,86.57750271928253,74.04383747883897,76.40225028690327,67.013072564871,65.65005781110995,78.49926016563768,74.05063893506673,1.0768226264806122,1.030925375458083,1.06646089191958,1.1264437193306822,1.0105633204114746,0.9979784329485581,20.841839950722257,18.497402062608543,16.932260000681353,16.07994361905687,10.688757381791442,13.586620795541508,3.652572713514336,3.156277246676447,2.773637645039259,3.0627665831998954,3.0615269022897156,2.573932137536395
AG,0.006916265258785314,97.21366287975793,93.94564175719887,88.31347570524011,89.45964028934237,91.6499464727927,76.63641768676857,78.83131251888062,74.52547248974007,72.19373897828856,70.92990624481354,74.31571304150609,1.063049203008419,1.104260619507677,1.0454380889143986,0.49381154423658113,1.1299594111504216,1.013159338816569,18.51370096628699,16.997311014368034,13.716282035126891,13.303678780852813,13.664351526974155,14.936132416311416,3.9309115353722373,2.9725260639214564,2.867339921166433,3.396219395477729,2.5422200325559086,2.642494117852181
AG,0.013025370677918664,96.06700773398225,98.09782624530396,80.04053556989302,87.71158726036066,70.24202679561577,80.60655049044584,72.09200115323168,82.4578624378389,64.87409791255959,77.22434203275304,56.42890780064946,1.071646022715218,1.1466894906234706,0.8622030059984671,1.0192066286705244,1.0416873798537807,0.9956438571473164,17.96154187380041,14.587030261829064,14.16337123359629,12.08146257924689,11.18578849316089,11.34824923126124,3.199719360962334,3.80765610819987,3.955310620343388,2.343252804514884,2.1377310511959626,2.523580798354287
AG,0.008957862377529128,97.32944648314789,93.71432328035095,86.53916586002593,83.61214088045608,85.32452736359234,79.19123583357796,77.26015418500383,71.14097640768597,69.10074406518882,69.87553811708376,69.82238364732619,1.0667182721375907,1.0569423933177102,1.0855450807160467,1.1406977852546394,1.1402383090609496,0.9975754409798702,17.162599795348306,19.63935060985648,13.93878069788466,16.01832970447545,14.440617911636329,12.471985312166984,3.5176602520700357,2.8758618807521272,3.455729625208121,2.551799182219056,2.00624346437497,2.2584542613872483
AG,0.003942917271627087,99.90212780938589,97.43139312854397,95.72738746028355,87.79011131494241,92.69067190284407,77.58213372308299,83.27057997309468,74.32753484604613,78.01598648980253,75.17509661638896,76.1361214914343,1.0494111474244878,1.051800530272262,1.1128154719974828,1.031978232870382,0.9086311892619854,0.9971817146571755,16.36190512025871,14.911883171456804,15.564071778244058,14.956209227744857,15.038622401833738,12.609492234657653,2.7354088970284964,3.628826876118752,2.7301510442520014,2.767290347846351,1.9461868298100007,2.348866498920466
AG,0.0021785969941617053,98.11192482736914,91.67185357051663,89.487004339741,91.77486043122785,91.86798198131737,74.58294983942055,77.17406859276264,77.17290871873352,73.66489256966882,79.94151777455173,72.292695750042,1.0653745108425732,0.9995192813965105,1.1227756389279462,0.7371216045050184,0.8907377871313618,1.0048202461512799,19.35335578465077,14.81619480571193,15.605450721095075,12.968254682507274,13.749877679875125,9.81198603547087,3.002005941032481,4.03762323585583,2.940009776239311,4.121712859383585,2.7984646501749584,2.5189224399307135
AG,0.011304234146153842,94.01395416515895,95.86180479123404,75.22662034330176,81.5824316582495,89.90004384692254,77.70463323809214,73.56519419806308,73.80452392605822,62.10111087647032,67.75242963435122,70.1953066126771,1.0720682637569126,1.017659074548337,1.0353420022660582,0.8994819269201728,1.223221573381548,0.9960131200489942,14.4850805048504,16.971847923009392,10.749442816431056,10.809603316280608,11.75337685845339,12.965937572408274,4.202439929003125,2.589442980172839,3.6152545426774356,2.721454813360253,2.4277846203476727,2.2338307759439173
AG,0.007714850320846692,96.25582584953376,94.98311456286902,97.35616811556244,95.57093700224907,86.81071161890712,78.2715065572362,74.03984086682226,68.95416282463881,77.75325627557132,74.51507891433575,70.4984927962028,1.0503138267652057,0.9620763285611014,1.1296319060700903,0.9914543188091651,1.1930903720094914,0.9925109090516018,17.162959987889753,18.423129835355986,17.530512136614345,13.50713436101902,13.534662138296353,13.2537143161614,3.790603810892408,3.479881922071119,3.163387066397362,2.880431479729581,2.4312920845655075,2.6680388136448525
AG,0.0027085877973272872,96.19604842596168,86.10878548648223,90.87681954144796,90.48725186616389,84.25996085959311,76.85663701105342,73.2756306816397,67.35708470672387,73.10112438070743,75.99031774694767,69.10360706894063,1.073184020659617,1.0124520686600265,0.7659079707514298,1.0122072667576392,0.8713680730699309,0.9882482193204879,20.080861424197103,15.629692893328453,18.708359009348417,13.451425636356328,10.611270053095792,13.108673867934577,4.351359640336834,3.4364514189558335,2.9379465458129927,2.3582700973110993,2.31817696606574,2.4489478227735844
AG,0.02456732034427662,96.1713221395768,90.72250413100925,96.92612215844008,82.59929591105225,87.79413075915276,82.21371718887073,73.11451375850325,73.05650287070071,81.46616044193911,69.18933217646597,70.76428525127535,1.054427134072247,0.9915551493201132,1.0965243475152633,1.1790073367162663,0.8247292575194074,1.0204147539981205,15.621462833937914,19.089245065425416,14.146278892554438,15.617129771315348,15.584959666227732,11.816542771836334,3.7122968828685563,2.756677333162035,3.1867798593758483,4.415521051975367,2.985031477110166,2.3683258891965235
AG,0.011755516246152382,99.65279972993972,89.87320218840757,95.35440490463338,90.35705074396395,90.01961891224222,78.99665009768819,81.14704940696012,70.68865812313092,74.64862325613367,74.8171307590197,70.48743136620347,1.0668515114285457,1.0312594809945652,0.9565066549388141,0.9923741064382728,1.2945219971897042,0.9992930219284172,20.548182261650478,15.431599353715841,16.959553718977887,13.03272757561185,14.866593857083565,12.306592847869442,3.300871386126183,3.1734752476661683,2.9961763179161935,3.2463294691854325,2.291071656309585,2.0530413370070493
AG,0.00015600153037149313,97.04316909425336,98.2011389821135,74.7919633919013,86.35314325090287,89.95149114911447,72.75345052375508,73.46645295639712,82.1470794921791,65.27401183583952,70.53236900539225,68.66997642841217,1.061862609291748,1.1216610400503977,1.0335397183758386,1.0902422571528543,0.73509440369213,0.9999598670383374,20.71619739460573,18.25175104369918,13.749532795917387,14.86306615194011,12.598276218301233,11.502611684881309,3.353022173535386,3.267683216642737,3.3901352976691403,2.363161889565629,3.4485791376012616,2.32053823837643
AG,0.008162882459317207,95.69539719428596,87.95717787236235,84.05117725793924,90.87757291199456,77.19447779972899,77.71307565384393,73.57787626087148,70.23897982639551,71.42055854654187,70.3226459874237,62.43160853656268,1.0800342461819536,1.1022911207729946,1.1562874560201777,1.2017909980176502,1.01785492788603,0.9941816381788444,22.425747674257316,18.254456170114892,14.34392862223997,10.872267643842463,10.861666368902608,14.584887678569867,2.687806579926792,3.413418646777711,3.16011133316885,2.8726109594331626,2.259156039762779,1.9547267167611522
AG,0.02683927699161792,98.21712036354391,98.0972892395661,89.30837143487248,88.31784329237415,96.12025070704185,82.1882917573951,80.64014349530751,80.54806752006628,70.81965597710531,71.1676872912583,78.98535614012074,1.078127111389034,1.0177785123537642,1.0362112983119567,1.0716363890131668,1.196073646046443,1.008977705579729,22.336509407394296,18.368839848614687,11.865222325950668,13.473479051290134,12.696746736739497,12.365779530186412,3.2723947833237923,3.318175997134186,2.7064922341368556,2.612104354840762,2.8207111664810465,2.9984394005979125
AG,0.004189885989389822,95.23249418743902,85.7795157813967,87.54306635047364,90.28847405733545,78.78626248112285,78.23943065601627,77.09586184183689,62.69422434156154,62.73019094693112,72.84559056628311,66.38634286030856,1.0649153179713888,1.0706887531866145,1.1084354386715292,1.2356367376783801,1.1952623097169879,0.9940980353847222,21.32475031164877,15.457741820316677,18.22913333106446,14.904596897942364,13.433336538368703,14.42482850401018,3.6582555207906853,3.0901189114475587,3.0663204243597035,3.8983181962462705,2.577083514636155,1.9138492229557962
AG,0.00408522522457899,98.88292229904363,86.40422466424113,91.66020368482395,88.56826324913273,75.15505336633184,79.38731043939673,81.7264978067403,66.34898117017734,72.76290703670564,70.811948574329,62.99778184181615,1.0728056224554903,0.9961069838857759,1.0378721689668085,0.9381631720893957,1.0564997986652664,0.9987971778880733,9.944074731837983,17.38653737533539,15.87004486836368,12.690787004162935,16.635717929751713,12.962058005788252,3.32712623109175,3.2778481312234993,3.192782813834431,3.477141962350681,1.928306318135991,2.117950124409577
AG,0.0019397345101943107,95.83046546621054,87.92203133374525,75.09051070987461,88.09751204042134,90.41096704833703,75.3373671256047,75.80795233626093,66.65531442099567,60.90704721282389,76.21404255431905,72.5856154349309,1.0631272437753125,0.9756114194261217,1.0191617658191576,1.1121148936912213,1.0400719332941673,0.993639164398936,17.03661565249821,17.52292110951889,16.145726667295342,11.204250276642949,12.236272924456506,13.217640801735836,4.142742026496093,3.2637102771282622,3.1531621709329767,3.5193414123507516,2.7587348859522707,2.7574940837787136
AG,0.007158298780094218,99.21291972126237,93.19649260557406,87.25316965303878,86.4187105098695,88.39690943089172,78.20675760631377,78.9452013633707,71.65920063169283,72.4889323278096,68.50877015401339,74.71316449925088,1.0744249881458223,1.1036641221681582,1.0453387461258294,1.1127987051713015,1.1095179546281622,1.0086199711060397,13.437641291016323,14.820648721413214,15.496809045159718,13.66907702909467,14.980651420762264,12.393489248804014,4.424434165570628,4.190362509842939,2.6185196024491235,2.8971372977620344,2.579481110672917,2.3397077707082685
AG,0.008479130187366492,96.34111980597417,90.94093196768691,92.78856312974204,88.85555641529439,87.54682503160109,77.33600351988353,75.69412311364002,73.59364984596233,76.01925483286666,67.53790073082577,69.04196349355237,1.0926656635786478,1.0584017988134167,0.959356275993886,0.8022864942636163,1.0518256247815378,1.0014215582442527,23.081542933302075,17.3642115510274,14.04759614305047,13.56812356805483,15.875651147677539,13.60993772395323,3.044251066054707,3.126584884587877,2.852996181463681,3.8010543170221145,2.957021030878051,2.337650575187669
AG,0.015209673154461074,96.96269959939441,89.11081831412861,82.42975261475085,88.79384884382037,92.86876761775157,80.51075810954353,79.39332073850122,69.87389868109695,58.68333692715069,72.57132774868072,78.90337531360318,1.0883355801278087,0.998236832667201,1.0882151361850214,1.1106187205855436,1.319024430547095,1.0113226365567152,16.82397976382883,14.809085661938616,15.777591433962355,12.852716228135662,15.710469348535392,12.778394538439295,3.4993633006610927,3.3689615617683364,3.2047836412719644,2.8205240734617147,2.57084059803713,2.348543605732189
AG,0.004511604359410177,98.21362340551325,96.96271999303805,88.86747182988768,83.9095228756068,77.40060946927896,78.07766554231169,80.27297176901205,83.52419078127282,75.32038380156088,70.85404475436941,64.61185966401347,1.0849365112947515,1.1493642445832177,0.8658329108854675,1.257982106687831,1.2540276483156525,0.98796239258079,23.262484740863577,17.841557076732645,12.020705152644823,17.689993626869217,16.43347117027936,12.412639614834795,2.9974829285090787,3.045080781413887,2.997073667565427,2.456527366505428,1.7851894829933015,2.384561633573597
AG,0.014901928965539284,96.92046430470508,98.23801614578383,78.20160518270953,91.43802926915978,82.30425574977207,78.86052461680833,77.30324046026378,75.94557438699985,65.34366926480828,69.54929925021854,66.7030600956219,1.0741705902903524,1.065271025988147,1.034251548418427,1.397267057524541,0.9785341376771718,1.010332127053556,21.043289560906548,18.266165953431322,12.346616228824066,16.653207276977703,13.558958269441279,11.508229501677711,2.7252708605325755,3.5390580132403238,3.385329190470809,1.7295710400830984,3.189112326301974,2.3500098627081614
AG,0.016774841549854782,98.7875896707693,94.97168129955861,86.95835669652317,87.85411637419433,95.13609325040937,79.43970746267003,80.42676919552329,74.80820974961912,66.74120506126957,70.30333990930811,71.51041085708135,1.0758948311804057,1.0551346329291473,0.884971779104345,1.1994985831574911,0.9274962801801747,0.9949872979040293,21.410003826959354,17.505751475576094,13.143769409153204,14.650926673824204,11.696232212568248,11.737893694754657,3.9500607269072203,3.3660164566499633,2.6754951077047764,3.0556483709651903,2.2965553265505165,2.6582094302482457
AG,0.007804748349535712,94.53359842024763,85.02465497028273,94.34288576055769,86.55681595432367,79.7656188980769,75.02757342881915,72.29115762006919,66.42426486529907,72.28833593830768,72.69312062674962,68.82901007711605,1.066017945579391,0.970632704730708,1.314035244091937,1.4886111715485373,0.9834927933228301,1.0168264286407986,19.197860539163454,16.456186468306594,15.677674705032647,10.661964772589203,13.23892936148802,14.230520381217831,2.918762194355097,2.973782829834759,2.919492288335295,3.1656756257727277,2.5040724416817484,2.6044820358455754
AG,0.004333356028304192,96.49240174294057,89.07090621195061,86.57175677871729,91.58596641901462,77.60622450289912,77.28064015897944,77.87642877661969,68.07831959519801,63.61461277693058,72.0610041412112,62.03396516827856,1.056750027601573,1.0652775057466075,1.4025938351716314,0.8857221622531276,1.0383008375159548,0.9983612940848288,18.859948754831656,16.472876989453855,16.620584117050008,14.040735146559689,15.001361999225596,14.112294533703238,3.0844434153195843,3.8438712290540655,2.646448094305409,2.7546149506473183,1.6935820374985684,2.210550585592382
AG,0.008459875310279516,95.91115071118728,94.05745397964897,92.4611378180013,85.85276726850928,76.71463022710844,78.80075077712662,76.50851183865912,78.77773955128876,68.11649316181608,73.10355595291908,61.02336094044617,1.0700773506370098,1.0477604747199658,1.0891960824755456,0.9777834527166396,0.6453177166469163,1.0045507139222867,19.37965619986923,15.986009849439434,15.444164518090851,13.423823735481907,9.186069120935468,14.570953494723428,3.6045385685690037,3.7036795493455044,3.022386299581633,4.038971736704595,3.3537728742340622,2.185568324162007
AG,0.0024156265226287555,97.20180696370757,93.39527738166576,78.40642138002733,88.91501605757814,86.68554043971483,77.46291394186285,74.95594552054371,86.30368435319926,61.809678198338794,69.61293831341834,72.22397733726932,1.05500011062464,1.0972094715725664,1.1930526288603005,1.1405621584261247,0.8361067720678833,0.9938208699304723,18.712347609316545,16.331578936985085,14.470918591995202,15.13412684758244,13.709768547497237,14.822590244017169,4.560184271870963,3.0849890790215624,3.0834470848810325,2.754755398914453,3.086352494633567,2.4260444238964567
AG,0.0066867267695559784,94.1381970373407,99.06797057849556,96.35231308789885,98.89136892641555,84.63705852363032,79.50399059728075,74.48366262328427,89.13681919961937,82.443430933245,82.9555549007074,66.02896665755087,1.0614659513157159,1.074122228779277,1.3269277281891392,0.88377237226588,1.1203851942757848,1.0117063047985413,11.280428187309909,18.391861589692585,16.99079021231698,14.764680304684159,14.114585724752887,12.881010419876793,3.405528812057057,3.7685879348755917,2.964601294394277,2.7298440186443464,2.2681294481112997,1.7777304185144844
AG,0.010155268397731293,98.55802041280653,87.0899694855148,90.59227807117264,86.79998214615553,87.40544772743227,79.11384448285027,79.46461619819885,71.08400959987827,78.40109969070095,72.10579061239136,68.51854563795843,1.0743017038432854,1.0759890747802083,1.0651129063598146,0.7226648595105425,1.025588849719542,1.0023314908995042,16.46299643199781,17.51738309540419,14.392590796489744,13.21839876769309,11.52340369496325,13.67964892815529,3.331793108693755,3.065289222864482,2.804551263164765,3.7399758593784336,2.7162166171155038,2.4486591588050857
AG,0.004086873243306909,95.30935582256629,93.99125418746378,93.10546041395332,86.42049432629821,89.53782474050183,76.47249657734821,76.68816771822763,80.65015809384663,76.28240839508912,68.02069941327694,71.50411383278023,1.074209759750233,1.042147191274606,0.9780705929690866,0.9501609223104289,0.8332899449006561,0.9923339673786302,18.212304846313508,20.82484770448962,16.573771243343742,15.536177219608184,12.331429940408531,13.77744651573642,3.254187135581497,2.916026902484355,2.938560289316469,2.518634792677195,1.816425603247549,1.7763979406275512
AG,0.00967009891466159,98.73046305755064,90.20555893169397,92.67331578016818,86.51468192632105,84.577305881586,76.22206449837617,76.97853900371675,71.62914818619674,76.31349614125027,65.39657420777729,68.69197778834932,1.0668480199034591,1.0200990863655446,1.3540344169464187,0.9260559116031833,0.8490931467510844,0.9975507960779626,14.448811118169075,17.930409730096294,17.034060152989383,15.574779589935288,14.369206037310317,13.662733292943763,3.662972436968723,3.6492971802121,3.238652982895257,3.22984251910915,3.2175905257619544,2.148292780120054
AG,0.005341079675211302,97.86902558214538,81.81460768696932,90.85673322121583,80.75013285355602,77.82116411643685,75.84590643491752,78.59905393751727,72.98920517393975,73.57804443718732,71.15265420088225,63.44956379840963,1.081780400753063,1.083834973315892,1.2554582947083817,1.2001177834721526,1.2230352106117661,0.9802519120758234,16.446170677419993,15.282895616351857,13.832567840555837,15.021728824327312,16.512153889328903,11.47024093020603,3.203953010630806,2.5722565111615743,2.1720039288249926,2.291460761498369,3.851958909461376,2.4838102272681613
AG,0.006060948126100176,99.09657237212426,90.79098172274117,86.70834003616866,89.50287588649272,86.5303150896108,77.26495772714934,81.68508820081911,76.57766104684235,69.99540089241798,73.953805674134,69.16866269281826,1.0685848137599585,1.0536783401601426,1.0071772767466263,1.1323365136219339,1.1011529314725916,1.0256428989619848,20.521484581658214,16.851129840176434,13.784381041996781,12.064722383359618,13.590350901422172,12.082955715459217,2.901637351385323,3.3579916991957766,3.7879394388675736,3.1243196809694163,3.4144430580873704,2.341038941274643
AG,0.01222424362251782,92.48467831464784,98.7789746126983,93.44995506169742,93.80080793376436,98.4647443411753,80.28767785191141,69.69051687795582,77.32300228539863,71.02427380316993,77.49032658974,77.0868502187536,1.0705970350332303,1.0387226145004882,1.0500910029222257,1.2115758181919916,0.9643244334960284,1.0071659789898637,17.798444572394708,20.021395538914405,12.683195718376462,12.082750949024852,9.497908865036845,11.416896238086757,2.9149035767769003,2.544293431239378,3.862218661948371,2.624473872460571,3.0961882636482434,2.960625886453391
AG,0.01244728384333917,94.08689337970449,99.46587218555271,99.11575463217075,88.05705503293892,82.89006341463798,77.13132948241001,72.81557884789443,78.12407371226708,85.8808345593083,67.39624266421269,63.066697411953015,1.0908053468011187,1.0237628780665027,0.979067315135379,1.2545946487132886,1.0766988965837623,1.0023495862663674,19.398558774728784,16.23046397939872,13.469861067052388,12.835719667113699,10.200698935265645,12.762677639784268,2.6218304563450188,3.423910014551841,3.2229689906653145,3.5889861838815817,2.6514104887512207,2.509885551761471
AG,0.019953565799734143,96.06698441685742,94.38888603547501,79.37113025069812,90.75085280897775,87.3103328350578,80.47822886848037,78.39602853465534,84.31502631833992,64.58311375229007,77.37288246616889,69.56855022835349,1.0726160166693646,1.0426960869688635,1.0046107330021936,0.9982368129645774,1.1235965713524574,1.012655274791059,15.563117303851634,16.13695364254061,14.183935172427207,12.346831933685511,11.809162248889645,14.453163146234987,3.189115075866874,3.732616592834215,2.984020407133731,2.4478772872184185,3.179230377958906,2.0965647148943742
AG,0.01465628005606751,97.5822371630648,85.74146403602096,89.90331168375644,84.3144988435754,87.84227277683874,78.90818880237485,76.57278239242109,74.59457511657654,69.22416746840103,67.58702304458144,69.57194888727007,1.0664048065550678,1.0901537917290884,0.7857127316298964,1.1610269797854633,0.694662623732931,0.9844227645310807,17.052126208139033,14.422506538402297,12.606295291910907,13.775866764715653,10.717695876056846,10.575063524489757,3.4985142409281558,3.2936615035851564,3.030958867738844,3.722520866196628,3.257920556505024,2.133656649909763
AG,0.00877861453430234,97.0815429945152,96.34226287629996,94.09757023511004,87.97632136238987,79.82441217326418,78.86163128738924,79.23521929096677,76.99105392708556,77.17700619763953,74.97337390071037,66.95315131335678,1.0650483810143916,1.1046845366989533,1.0255056266944966,1.30237727643028,1.2316546866014693,1.0096761904531428,21.366793748904456,18.238624334196555,16.438734627144562,16.262871726189367,11.30702488691961,11.112791910275492,2.6019841533437775,3.0706544367267434,2.7417647613383758,2.117288695966879,2.941580390869431,2.7517253253548084
AG,0.009691306676192522,99.41528861164944,93.0364247736473,83.41679751947275,82.87908281198042,79.52556733584989,78.89327822748854,81.07280213024379,75.46489818175124,69.42432516507073,63.64280318024481,65.4465703784062,1.0649139276533155,1.071285428254597,1.0220380967387044,1.1657083824813155,1.3748126794640954,0.9945980554206952,15.060903141609163,16.596910494782513,14.77969523103632,14.304074723626092,15.057971865349979,12.47466509193697,4.373734938853259,3.807102726019471,2.995711111558247,2.921569652600231,2.071000254008498,2.159473843094396
AG,0.020387679548893613,95.4532722315923,90.39009268265495,95.39900924541958,95.7704900366198,83.83933706275141,82.67463650537401,78.47549323365052,73.62392360341012,78.53254327160278,74.35520735726067,64.86913820299047,1.0770284385560154,0.9904475476863294,1.0169439500987387,1.1513118887848637,0.9507631778509672,0.9977323802713919,17.901290852959843,18.02179937104406,13.637017875203552,17.737516007117865,10.855467151839228,13.456111585452408,2.756552164733315,3.1720523028305716,3.3968930218137317,2.389479632160393,3.1150710325698285,2.075871879595772
AG,0.002165717912839255,96.79467720587645,93.7355232996896,97.18920241706968,85.78472418513734,80.53361063306866,75.07386330345884,76.72833827699677,75.89835374851322,79.37507413718087,72.34687182022952,65.77609776128881,1.0739216290360245,1.0587990165351233,0.9997110095638685,0.9176057861516773,1.2339367361237072,1.0161988936252282,18.14680919502198,19.715013171246664,15.075572988903954,10.54831926964618,15.035729974319485,12.586656589600874,2.3826887186039087,2.9640443239765784,2.8762735369692893,3.2702254363860157,2.8651451705100213,2.314959914101383
AG,0.00024291253372488666,97.34993477936527,99.07527651379033,90.68910251164722,85.96999467651008,85.1473739412967,73.90595070624788,79.26995984156956,81.72348461188207,77.76972618582755,71.23620327296632,62.53456536360223,1.056759426061579,1.071124050102227,0.9853624627784,1.073355710902779,1.1697134850493127,1.0028643479891242,17.76137703320363,15.53569680704364,14.938129866277185,15.33006445335947,13.980729618911758,11.387372461356387,3.8980520864959196,3.2460045624675375,2.5679089770117294,2.1947479087493016,2.365917321780649,2.7453660173389824
AG,0.0031669578692298406,96.48828952854912,99.4744366249858,98.62438956407544,87.37243738300768,82.55003110977125,74.59881388050924,76.79652559469211,91.25554685561141,82.6834009598459,70.6107639730081,67.91311651913273,1.0568859754512272,1.02199551109172,1.043354714047783,1.3207025817181712,0.9818954281878393,1.008902588030685,21.83122713747066,13.80877326502178,12.49441855765156,12.64277964860808,13.924941418235711,12.660996684750438,3.369026324753182,3.3631791299746188,3.389474857440892,3.2619631546501404,1.9670091067256474,2.9371656535030986
AG,0.01795781296476431,94.26806751603418,88.82485804627628,98.927415812294,87.08402572682185,87.6287699222794,80.04807081399937,73.15125473257982,77.1499677890194,82.7287750151015,70.99663048656183,67.81128909097554,1.083254149222208,1.0066427515490346,1.032331820831034,1.0146077022258233,1.3723842304847464,1.0062143076802823,20.244873020374964,11.987080294542057,14.904559792656364,14.639541550617901,17.66798186585062,13.547398689435601,3.420919893288798,3.900927688194535,3.088750064763639,2.6211777992738723,1.1113120030995187,2.3324840792393275
AG,0.004476773690511727,98.87834623085149,73.17031611044577,96.77071376569208,87.01387807733295,77.05280620737138,79.18230984560869,81.64546090037979,56.85142951748208,79.34373823550368,71.6026548151869,67.64055397298534,1.0636126748208516,1.0611019029007673,1.2496515751237383,0.5789596783046893,0.996651572996674,0.9930057437684396,19.388023060030147,18.197290693502335,14.555105266989548,14.72261952728718,11.65045186236905,13.263858468832035,3.5966937694298458,2.9711545543983564,3.6942635813016382,3.096024828156593,3.183830640847101,2.5643702409516167
AG,0.012673703493067304,96.99681660545083,92.58280066671583,94.99452435324652,91.45678591942337,86.24348824505152,80.14411695406666,76.20700184269263,72.42030697288872,73.35017060091855,71.55895436123467,72.48862707693925,1.0747866321345154,1.0891239442960943,1.057247364046856,1.098181838394345,1.1904852427988675,1.0241112700015318,20.875670546024917,16.34440981855415,16.304114447906873,16.70592627873807,11.967178573222682,12.422886192997966,2.7557635884758347,3.489886235781043,2.373922469220558,2.988215258366661,2.717631244579859,2.3578609542712874
AG,0.007851557880168702,98.8637858262685,89.1622689929461,81.51526308919065,90.08916900813333,83.9105345436663,78.20464380964395,77.61548175547627,79.87058265235515,66.06570377216899,64.07725095794872,70.98496776196531,1.0607275052848741,1.0255849862950812,1.0656046785086255,1.1223917409340625,0.9262741002399658,0.9964279155051285,17.299540244321562,16.978599162015975,12.084764169989725,16.238909794452184,10.602407280536577,13.328946676869625,4.169545655042424,3.231272184363067,3.489229991259501,2.2586956767024637,3.2424415306512397,2.6126763098922727
AG,0.011915071234212973,99.9451697158116,92.69866986371686,93.29182463804078,78.42480409491894,85.7363436811194,80.22340386863127,80.38186626257468,79.02262516238575,72.97462589730777,63.4560171814331,69.85496136068151,1.0743405077160677,1.0286046439728875,1.1126653238002688,1.1438066005053436,0.741935482955761,1.0081201210556536,18.71345357540336,16.864207635567073,13.876343280891657,13.99536912640939,13.451473125296408,13.91435379431676,2.460006899376732,3.000860253309888,2.9708115083150615,3.494960699358556,2.877882917124282,2.193400642214757
AG,0.013076686442132198,96.30861910715514,94.94609834679515,89.84590029232774,87.53617465380144,82.98255139338455,79.51824523019154,73.69525770786272,78.74117521608459,74.68392138252405,65.91937055543741,62.97932760744555,1.0618930629093077,1.0545182826053516,1.0961175097854552,1.2957369578272813,1.1064468859339056,1.0068892711391255,17.260129726370437,18.449377985107297,16.7164588970905,12.95890431328426,15.314377380049631,15.290324418211966,3.231733211370391,3.250436633089003,2.8608716551381295,3.203794118690647,1.9557033641815824,2.2205504686024904
AG,0.0026364747561963054,97.4237491770712,97.54330934418948,85.66562002211236,91.6526854599515,87.34541587897155,76.12880310768314,75.15375505932882,80.10130496228822,72.67548412093257,76.92066604528755,80.89160121447695,1.0698627594965755,1.0257550416313315,0.8555607924361424,1.1379572796791089,0.9514505103033899,1.0068861663117774,14.638619400054756,17.59936870014172,11.766278737452103,12.561569594025674,12.554465633681579,14.714074923934485,3.3449651224238455,2.9061853760288905,3.023682084914242,2.87643706338437,3.305671384205298,2.3884546028202265
AG,0.002918776211438344,99.06293476266586,93.73022175317894,94.93018331881619,91.01792156139743,94.68188534761694,78.8500798045246,77.26122666219489,75.46089413411883,76.35899741632743,71.74812484829319,76.90908562499246,1.067586761689035,1.123828641742488,1.0181709313295906,0.7379060896497879,1.245749998878727,1.004569380159636,17.744260231006443,18.276702427965443,14.685731763831749,14.802627302309784,13.523384823376599,11.512983265863038,2.4954962869774198,2.920943659827181,2.5873783320732766,2.7507077366738875,2.966809551349073,2.484347829419733
AG,0.019131447718401706,91.69608714147925,93.50151264238461,85.41195300929392,92.82269907393427,90.00916922099434,79.94980979385451,72.71202227072814,81.5418087169108,72.7235267351381,81.42679004123855,69.47376875030369,1.0846356523352019,1.010633254157812,0.9920891985615291,1.1794837780622354,0.9203787373321027,1.0072673666542393,13.522318948801992,16.71521315792712,13.413212382016809,15.641037738675713,12.6992547347014,13.52441518606637,4.492048199856235,3.357688696956112,3.6413385917183083,3.1284706828005717,2.1070979728627663,2.17220547929088
AG,0.003648316161983285,95.4884934157081,89.40521392360142,95.57141103453759,87.85002416311775,85.15380356043872,75.9464391903282,72.92411411349747,72.17010622891527,80.24768435446023,69.6069778404736,65.1584984744742,1.0867823715620155,1.074703785480637,1.060343721658856,1.0751169627757644,0.9831317722370745,0.9969013108405922,19.21530249642284,16.905534212092405,14.026256238110824,16.851049596562195,11.854767411337091,13.899816464268952,3.327675840101745,3.2019701198792947,2.838844142861408,2.3537847127274127,2.2898224870122554,2.563882813807574
AG,0.00445015986131901,94.34359735237894,92.92781183012187,97.4918593935553,78.8235102152315,89.74032657412393,78.07630707008047,70.7514015306867,82.54189836493678,85.94610850874184,68.49556075559539,74.42189535798595,1.0656379571593906,1.0277567620795691,0.9704771896692052,0.9553753238068673,0.8857162276113655,0.9947742871943543,15.722680213671383,17.092763264956414,14.748874220243318,12.20474142345282,12.835930684412958,12.353504476838383,4.197526263578422,2.720262422794624,2.912744535104048,3.496548006055062,2.6283966764989604,2.6793530781824657
AG,0.011550930033785867,95.52944956014923,75.61690380465254,89.16466379085107,84.37811523501483,91.82011817492926,81.0811927387335,73.99551362799832,59.57322673453491,74.30688257993454,70.5828686178546,73.6940749728326,1.0551257771930767,1.1415241507075706,1.0655013657565755,1.0368465644511116,1.2722200157331094,0.9879129228282774,16.95690666440577,15.901990001158364,15.239091472786724,14.411306906519043,10.960823070262126,12.302790915704287,2.9630332429021236,2.433020986091271,2.8108157801312053,2.038091496538916,3.6561411408725597,2.399325059213124
AG,0.0008205129882431871,99.66226718770052,80.25023630008096,87.70801011333118,82.55570512409632,91.8110175129253,72.68505504772257,79.6095205754005,62.65521908448413,75.33480917927685,69.72520724621123,73.13184211323782,1.0682606157217753,1.0327733980413596,1.0896231861920425,0.7898452280562932,1.004357852377724,0.9967164303740681,17.27364813018595,17.90390911051217,15.860234540046969,13.988826208007815,12.02501221846649,14.06827222905657,3.5527289678805363,3.351662840055958,3.145685689952094,2.264060268908322,1.8763732543550846,1.8321299683558423
AG,0.007862323545854994,95.15125030712072,99.71505789536008,87.43792789791023,89.39091252391337,79.47806719370172,76.60006743730159,74.96728140108684,87.08644190870743,69.28765758558735,78.59763884482756,63.515268957917506,1.094892030287041,1.0804295759692093,1.1502429490785682,1.1507747394031753,1.1556886315781378,1.0025581922768882,19.878519688288954,19.045164024563885,18.130619659139477,13.270483998053308,13.355887460852712,13.33749160472038,4.000862254614268,3.425212969567138,3.1720812477070313,2.3224679261855,2.718127008779845,1.9488809747770781
AG,0.008115424099083614,97.8497881316602,91.38070094530211,83.92642897993781,89.09282718182531,87.07533259595286,76.2688181479623,76.53578341725785,71.15407506924409,67.7705523904946,78.26436100585737,71.10282800504385,1.0735063945188699,1.0462671304010733,1.1404851103872589,0.6795420283399901,0.8681029258321064,0.9834577346322808,18.06966403633752,13.867037413723988,15.514709181381638,11.656298952114362,13.280387607718913,11.800763836540387,2.4043924099274148,3.816809389332026,3.657470093618327,2.3773274260153547,2.1359201544299355,2.462509652907846
AG,0.0018808989651288202,99.40320252342387,92.37163610767801,78.95180382901714,79.77920940099946,96.85969904540909,76.60631760555746,82.53787764798832,75.85090142364352,67.489396586498,62.66475595390626,79.0659970220359,1.0722556728407184,1.029876021889917,0.9514731319715655,0.9965229535922882,1.3045818805397718,0.9958795309880825,24.23842331295775,14.892899375724264,10.085248217547928,15.546798807004247,12.117765282823077,12.757446502665825,3.3208906335142285,3.4314799127478772,4.135212904729366,2.8841723265427976,2.5029332236315422,1.8849217474781532
AG,4.0105444435117414e-05,96.20801939621357,89.5588581670892,85.99854810502754,96.29860878066104,84.02140935296667,72.49984829708634,75.15540531990791,67.44658540237444,68.45790390680378,80.69792182985697,67.72438995776945,1.0684134628392616,0.9925816985809054,1.0578290719586692,1.1205605353764665,1.3388282417065036,0.9771955330314792,16.975673761591082,16.848156587374614,14.333327507357634,15.347897436038963,15.25514246129158,13.406273346349423,3.4208552387631834,3.761911932755948,3.26077650589937,2.6717563296089843,1.588324062486003,2.571229495032068
AG,0.0035749419411078773,95.01007498019696,87.7413827111067,89.98433165810216,91.47633445004018,86.45247706563744,78.8949138487234,71.50542248766884,73.13420161369692,67.43778890582135,75.82150379981162,74.93384337113115,1.093105500088514,1.056860583977123,0.9724765185936382,1.102693938323069,1.0978163257693134,0.9905339049714919,15.483660210323361,12.846470578526022,14.103320721173569,13.874198669572156,13.341607116591835,13.989583403686947,4.002143363854254,3.503636379098988,3.0249795406310627,2.413444082392288,2.4245957649413583,1.921192578064963
AG,0.0164430062297734,95.87998232473026,83.83867885306354,86.87660471149627,92.04989830888648,82.24706867073472,80.89104103072147,75.40517122498385,64.31295385974977,65.11810137137668,72.81910091695282,69.61675014229579,1.0751032466643822,0.9877368757325777,1.1743167669502639,0.8533461559019976,0.8314699402305874,0.972989502080289,20.112063444419164,14.524868174551685,16.123890589504647,14.410028151628568,8.234155187356015,11.181949305634868,2.6630804826414414,3.345633423451439,3.0763593055227423,2.4849573095678603,3.690643041974762,2.791240477916136
AG,0.010915492204535642,98.4922851034076,95.83871135692965,92.27825773181253,95.64759892875954,84.69195701066376,79.80118924889268,77.81809171474171,75.95567180916481,76.44609957133463,78.71409558284718,70.94726191176132,1.0612071584993674,1.0523917588274865,1.126615497009052,0.9379910854216824,1.3406809666443562,0.9995559510325742,18.044404239408966,16.169101753765872,15.825030588301924,13.266225899251916,16.02936237164991,12.288925886840438,2.5940206598862163,3.179710577713153,3.24676764586051,3.448523212506717,1.840554390592283,2.60164634960604
AG,0.0032727426973148907,93.68186085004545,94.02492217539209,96.42407434762785,94.98447698062508,91.27089278557088,75.9288971741594,73.77623536176677,77.38499407346922,77.98284467254186,78.29774428893755,72.57219068691597,1.0458488527119003,1.0420568697789427,1.171429827899687,0.8537966850255567,0.9695435132437794,1.0081107879411808,16.036907788152497,17.3866845782538,15.895092934712055,17.213856641381955,12.397975036313339,12.587104214942883,3.732776872128339,3.459474203656858,3.105097997820609,2.506428359084489,2.043390446469995,2.0186955034304477
AG,0.00166962475505295,98.72928862613706,90.74081367662976,91.56052427417563,89.11185062637367,94.1753100585406,75.62664777330916,78.59185769475584,77.71104179009457,72.45018677928306,74.19827362655491,78.17713788863043,1.0954693853623112,1.0990577970905546,1.120168208758359,0.7915786557925277,1.2539884431912804,0.9888192071695663,19.066634643620155,17.344903345196393,12.959806240058628,12.053591710015436,13.447991368829989,13.917768110666298,2.98863129643242,2.683838230920869,3.1795927627800653,3.4730970283079334,2.0206012868300336,2.1037256519493175
AG,0.0015257280128777879,95.64508822150732,95.3236444723999,79.63700803502617,84.52982995680603,81.38072353328886,77.3291582283397,73.91076638521722,75.34970149086485,65.06532346048041,63.420155180189845,64.69469575489039,1.0859774815504226,1.0759470957300246,0.8409285946205629,0.600851718583139,0.7748153577052288,0.9886762235527351,15.762756645692054,15.560461182656262,11.358298611153993,12.31772212034574,13.099011444945695,11.425440152660258,3.369581536867712,3.163067245606286,3.707637310316012,1.9945688819459209,3.421479422319968,2.3138973693085507
AG,0.004120045062958642,97.21303957513966,79.84064610175642,86.28681914127169,79.89374653635507,87.50559226647076,78.60672030596575,79.85470362177901,66.23648327205548,66.34699286436725,60.64521382941271,69.52860913438528,1.07062046092064,1.1430488843283049,1.083011298151288,0.8980357066618758,1.118780022519654,0.9971265589869114,18.714142576340187,18.13455416996882,16.550103357420195,12.288833987016448,13.009926825281385,12.071882651166815,3.292609614431983,3.261615914627581,2.827774441510405,2.2925667639304024,2.0143744554331584,2.6365580053834083
AG,0.0010889781519622063,97.15250990923664,99.12765089909949,96.7203003448659,77.93510684129514,90.72675569608147,74.45473856057981,77.71392561989069,83.33166660094489,79.22506628143068,61.4620434695112,68.22429913393098,1.058849722818146,1.0204778469253524,1.0411932942095377,1.3335205345591783,0.7706764902643233,0.9967947652528086,19.486801451618113,18.29672727251947,14.12681527456432,13.787437568576866,11.465636008315878,11.12982436161446,2.8353763585276948,3.529294592712601,3.2923430370049998,2.696262336355036,3.0483966486149434,2.7428889788923336
AG,0.01682983904948258,98.50123117377751,94.85485551667209,97.97284448179745,90.12609031044111,85.34714003700559,82.82270207182037,79.56382780563537,75.09790551080333,76.63634652249877,75.07487836281285,70.96959636073647,1.0662617851565523,1.1071020921593366,1.0201795851043662,0.9718774851655875,1.0320376875746164,0.9807834507291913,17.5156116665866,17.040271775069858,14.87691142310395,11.367712170137935,12.880916540473853,12.418818801953257,4.076918227367965,3.671944568534568,2.866582247633603,2.0384561934675904,1.6688434327782922,2.7697322025824227
AG,0.0037242997384279632,97.16895615070123,87.83821634852073,94.07967063547821,89.62735299921371,85.72082128329977,76.28344645987376,78.25341758453077,76.02615569270576,76.02299770954313,71.81352133927507,73.0817801718678,1.0560435918789073,1.0267993608626946,1.0756029860199585,1.2410874833859182,1.1271146835155925,1.008680751863433,22.01317052991583,17.0417895205645,16.99211963310176,12.545545028277651,11.148779776746043,12.58098311991779,3.2788905100384573,3.1337701285433726,2.46143144537983,2.9332359846157634,2.668699344584393,2.3885833506007486
AG,0.0001424136933645504,99.31408262380414,86.45944387408693,94.94630444541313,93.85675933702734,91.25574251527475,71.7530699553273,80.63063180885771,66.37608606796769,78.55994012774538,74.94367694079195,70.23972696682797,1.0715268632179153,1.1440063602894093,0.9400905335223474,0.8702030147583577,0.8933800376974803,1.0182743283182307,17.371238137565104,22.007490867638985,13.047627262215547,14.897829567061748,10.65957076007863,12.37804974125396,2.9294426400796136,2.550768011593746,3.552763924652046,2.7310836692342897,2.416310747746697,2.3453162420970526
AG,0.01072990893241061,95.94523614906134,98.7609962136152,95.14252719455128,90.00587942259763,81.78245346510268,77.00229898039719,74.37634163244499,86.57386836092273,75.04290441253949,77.77206950002122,64.70556779521672,1.0789039890459835,1.1549916875771946,0.8443349449724323,1.0953688150711522,1.038139893541883,1.001227068407966,18.068301675864454,15.477402103967394,16.39412968398048,15.106305302433276,11.696572479868575,11.749154863306913,3.3523969848884643,3.437146174891605,2.913183646923795,3.1643023252844085,2.647593103609795,2.508785625587285
AG,0.000662204427441077,95.87678434283858,94.71276489755269,73.59840056562933,87.03603415776399,83.44322217355581,73.56625992783086,73.76826617577106,71.12482667391777,62.42769467017291,71.4072885829701,64.53653926457818,1.0793043427194853,1.0321296274822338,1.1463762362951002,1.1582373698270323,1.0825557990260144,1.009663459094243,16.029020490458215,15.18880385609375,12.788445013686104,13.600879527088026,15.098140721577114,13.215063141688013,2.7815784422860252,2.8150710768811797,3.360072719122239,3.1692514710041397,2.374001562960468,1.8479386433388085
AG,0.015754760585982373,99.50234134778393,86.64087265098014,96.51620900468369,89.80497835378017,80.18603848598285,77.7228283391998,81.49535519366732,71.28326903912539,77.93631408184183,69.14242010752528,63.04669925731962,1.0610798901616794,1.0308441321523294,1.0888221250585879,1.0149720080202687,1.205397581173514,1.0025275262778803,18.94970734621374,16.424183609938478,16.542700997960775,15.483305456373976,13.427183326253349,12.643327104092194,3.5144590550885537,3.0327195046848794,3.848696586475141,1.2646165345991336,2.376564911779301,2.464919971767606
AG,0.006104308990225903,96.57972803962305,79.50256030862587,92.77018797325573,85.06434736932117,88.17689422919273,76.4750452695062,77.87164689991505,57.45276097743229,78.44736976173591,67.1676310438151,69.20952692782464,1.0711197027784636,1.041401668398199,1.0038570694969833,0.9640909872377703,0.88648351141085,0.9984639659972865,18.008989364182817,16.62336199995469,12.3244690251864,16.27254829942833,15.406072227586357,12.15529640420962,2.9251384247043806,3.4286437725901897,3.178935653643781,3.586074572448827,3.1106881754101368,2.5146430764423555
AG,0.00039034286713785215,99.41713708757209,96.72584601231928,91.03554017933702,79.93696080724402,82.12968998518564,74.18371365244286,79.81809432530052,88.21200846901651,68.59177657931649,65.50991792153141,63.31801778983455,1.079766153215554,1.108417101088973,1.0237932972502322,0.8641792148594847,1.060542113222958,1.0073869567669458,17.869006616695312,17.511299046334962,14.251627248299265,14.929714781342673,13.567343037660745,11.304425408373966,2.186042946815274,3.535330980463579,2.626309329191114,2.194623961112903,2.517224854701053,2.1686905239665655
AG,0.01587936297980334,95.82032568903212,84.76261371740779,79.18471479660616,87.40498752851364,86.49105288367483,80.12882612495049,74.36619726454713,61.80314489069296,64.57314265485132,72.40949832528587,72.79727517864421,1.0598713566030977,1.024005327465027,1.16815535173354,1.208333348943325,0.9224483073649373,1.0104694139116641,16.881262530115535,16.201407558385768,13.069832578943915,16.554349580056243,15.475600012346275,14.69892331350222,3.203646334343875,3.3851834852838025,3.325251520201577,1.4844837862408906,2.0924442136572914,2.362291439665174
AG,0.008203410535114843,91.67301424230563,91.47459871910553,94.68406113400235,97.85674619437418,80.85471542513477,79.51894811279776,69.61383459629471,71.58470067032164,71.61818033331699,86.21208598818106,67.25485234570873,1.065810112444971,1.065486401945924,1.026661668768651,0.7840519159296757,1.2625844503389632,1.006194807913419,16.55043470693797,18.232050419436668,16.79808621429844,15.941639453065791,13.18923018979754,12.9672590742594,4.124143932611218,2.8953597709319507,2.816699285685423,2.823850009173567,3.747852261248963,1.9875247180374354
AG,0.01699374508856633,98.16717395075052,94.64936081066749,96.3840123097806,85.11287683873266,92.34698557336962,80.87988630691844,74.23659263085571,76.76976004862378,76.51079621022598,72.39520716563885,72.08359106682839,1.0733508101354796,1.068170327918484,1.1155080777982727,0.8111727657267496,1.0303877766967657,0.9999518319640264,20.37794258444121,15.853793775749933,12.150029758453682,13.512657033091577,11.033946064354051,12.578983941466438,3.4225878420983293,3.7028539632835,3.146989911117402,3.1491241530363876,2.8652784734841075,2.5824614643517263
AG,0.009248997904735427,97.08375382541678,93.22733040613846,82.82400196645457,89.92704923146462,90.81070748586343,80.82993712662604,77.7096994137539,75.61280760066907,70.80969175007019,76.08799963171305,65.82947628413287,1.0726812253613527,1.1358061033949791,1.041506829194239,0.9297504577159634,1.0810146301455585,1.0054787871714999,18.206049620822554,17.583970902837653,14.567574376676653,13.677464852904995,15.688401403526697,14.683092475606124,3.3378731769264056,2.539652795267263,3.1709827737170437,2.859799060610951,1.3272738004766453,2.3883078645445863
AG,0.0006167693698413754,95.44845780931394,89.8225030414799,97.32616164312752,92.84802550613243,80.0739381489535,76.85502151875554,77.62350421259339,66.37721453085007,77.64762366163227,74.53005414942866,68.92488560389504,1.0714891053626039,1.1034250323876227,0.9083224169797406,1.4003527778969702,0.993050536908898,1.0127144446080147,17.55437156370805,19.944958569663648,14.604383939579046,14.74693097370757,14.479386479437077,13.677862469222461,4.23940002443471,2.682842661319144,3.1533010319128962,3.0697475831300705,2.2745540871053938,2.243490461377932
AG,0.005613885720742027,98.35436985893463,94.80403775931418,88.80953221765601,82.79268283641079,82.5355974823656,76.48603434454506,82.38609664619258,75.1865466869541,71.02174267778912,68.13865664944348,69.70954359630176,1.0895326973987782,1.0689796979513742,0.8840132512146706,0.8567109347187303,1.1371638763052774,0.9940881224840227,19.946261330378952,18.111169762676322,13.457246330372623,12.33333855465307,12.324344689804253,13.286638197807834,3.624046013759921,3.2535942818586796,3.230775509249423,2.869934843558853,2.8553874924754243,2.2510426831671784
AG,0.007367021805078863,96.62263191164456,93.7555735427504,87.55626884623786,92.43602362842324,99.06228878861762,76.52261676123048,74.99979999228306,69.85063168093852,72.98279375502983,78.17640986783495,81.38950163065458,1.0709724191553445,1.0834194183703554,1.167243906061648,0.9474358553137475,0.9846676379126231,1.003507200957112,16.344748597406635,11.560559935751275,14.897926672291932,12.78403784670457,15.519510630216502,10.802294234140174,3.0266839655885094,3.6714745750642166,2.7000664621305734,2.888362827183207,3.066203050315047,2.705802744332191
AG,0.0007881278186040681,98.8604871043561,99.03768616896403,92.75065108082225,89.99692141347985,76.44328437746711,75.75403451734384,81.3293874656117,82.28322832482296,75.79833051590252,78.3186116068475,65.87110012120903,1.0619410848285005,0.9847057242990048,1.240369527391382,0.908759244238518,0.9710168107370777,1.0099951946489634,15.872525265225278,18.630895110080143,14.21797432459015,15.443072223987688,12.602653770149299,16.014808702050953,2.609414970587294,3.7746130627718726,2.74391289439331,3.0203728525886064,2.3120455725036053,1.6486466996527653
AG,0.009443719370822778,97.56199337411313,91.71215611121613,96.57635376739422,87.74835994024025,81.13046139101128,80.13206070265849,78.27633166184934,79.58100965744813,79.75164250300669,71.4448072427199,66.26188294444212,1.0880965136222636,1.0210374814084653,1.109042461558395,1.1866547723858343,0.9943414911712184,0.9972148509937824,17.165202722247688,14.96992451654126,16.942658801133074,17.897747056917407,15.68524881319088,13.960517732342586,3.0354253115695697,3.125712258750357,3.0825315305975005,1.993604017997471,1.2702261213731767,2.4133183010647943
AG,0.013085075387473628,98.5266458559316,91.25584052143547,85.87753203316333,89.1849508741401,86.1515444479847,79.50325665325491,77.80931232118715,70.64966892263469,71.22082023445327,71.0288219787886,72.23540447320556,1.0835242146883255,1.0123643850114619,1.1303837973775053,0.9284403674566486,1.2429759272027543,1.0059714929739174,15.598982562611937,12.827638431325138,13.571684791544918,12.684895256543518,12.068733099029673,12.722351721834748,2.9043478304460684,3.449765363790796,3.339957283861243,3.1657017261592064,1.6507588262436879,2.2192973011531762
AG,0.0033878059323415406,94.95504662998927,98.27200659302395,93.3764045236186,86.68388373724112,86.08243713182893,75.7567828967108,71.87689709979284,85.35042272889132,73.85277861593498,76.23790250392352,76.46811774293653,1.0774346674118407,0.9889864351057517,1.2612070874656627,0.9926912424016646,0.93741121398068,1.0165255623491678,18.475075296609976,16.234792825737603,17.364718661257157,13.642612133831713,13.268607082100456,13.094931490779613,3.8284472385156416,4.140169816532392,3.2885061243208313,2.4654033001146805,2.1220088835796767,2.3418615933743423
AG,0.023571703561928264,96.89022267337681,85.70319445118805,91.71721640216974,86.85834087529838,93.57835032416338,83.05745439256624,74.87037492125516,71.15297051722804,72.45542717436555,68.7547304433038,76.74764105922813,1.0777739396928194,1.0177175163265044,0.981390382605061,1.0217317534706434,1.0868143098643803,1.0089928736550668,16.292895966599364,14.786300097535248,15.750367115158195,12.032950200795408,11.749290180313427,15.261293065416496,3.436169738887869,3.420255084158524,2.5870998841610016,4.318282364371793,3.4283142550694294,2.254154533352215
AG,0.01665363455862047,96.76484698331643,99.47408708401312,89.02194402061757,79.174195158304,82.73913708789796,81.2779603979773,75.79576118245154,82.76423019296206,73.03590505327915,66.49988065101094,63.13201002194044,1.0750495973033212,1.0427828678424962,1.1089516408363491,0.8928255667030973,1.0403895090580433,0.9880925518665563,18.491370363430434,16.701360376046086,16.73861321206477,14.16327742700255,11.941405590254414,12.20474424186236,3.499117983438228,3.156873699063845,2.8821077287612717,2.7755014789781978,2.509380173952842,2.248643843065549
AG,0.007422577508508611,99.60842899660696,95.74742351661064,98.77161671687273,91.2671260868907,83.1495672331903,78.17412010805651,78.51975828607715,76.77373353058738,80.56861699554109,76.38662229350511,71.41597622090984,1.072361164984442,1.0391547736983424,0.9207479670596989,0.8925833954550738,1.085611307507999,0.9949858870311343,17.873584544899433,12.976502790861002,15.186252721821775,10.788999994550057,11.844674003505592,13.648961176252028,3.0891113245248234,3.990464484730762,2.903392493466019,3.0130415401583597,1.8654339144434733,2.4357583066883466
AG,0.0060867582908821485,96.62913182733749,94.69457241758,93.240117599818,87.19519631202412,85.80488431427277,77.61235296773502,76.10085414425942,77.6748919122363,69.71657665055562,71.32869542115662,69.27924992261977,1.074711782949328,1.0960055370605124,1.0647957271941235,1.0222502131350444,1.175511987976352,0.9921488430182687,15.911382217889326,13.656330655370176,14.773836830119508,14.67331704548428,14.630391866516215,12.283545192339528,3.171665373570719,2.9467132564856247,3.860920216509842,2.798483931669765,2.808454687366701,2.7523909703862435
AG,0.000672875041622386,96.68122473533332,93.3785138696595,85.4666672386673,88.54778079503049,89.87355347813507,76.30522016210489,71.12458740260905,78.82974968378616,68.91460406100808,71.60428115883532,74.65047899783556,1.0560044929642023,1.1448732058271358,0.9395328473734531,0.983406979857401,1.4096782183338294,1.0049985947051678,20.829147917594028,18.19234911333102,13.684233619480777,14.213215511021174,14.108083585426517,16.20219837263571,3.8376515481997853,3.4783031838205,3.550486924214483,3.3264271249699084,1.6487884992215505,2.119515113560874
AG,0.0033678203103551223,99.8220407770984,90.46928980536359,93.89512736857375,80.16316671050814,92.28837358748365,79.03313440033169,82.63053641730988,76.19007710806908,74.36407608859098,73.14006847527573,76.09260922696684,1.068673776174663,0.9728205642461323,0.916759841091949,0.6617472039960179,1.0522546502684984,1.003390474261509,17.446187972657263,15.180098283415031,15.54347716889579,15.410735893303503,9.708113900221619,13.739919713183957,3.698924830392655,3.2510985243985386,2.6940067509225467,2.943537618903731,3.060071908041197,2.855846684787756
AG,0.010337490403415495,95.22784514697462,97.35369419783338,92.60448807914054,82.59472225819536,90.68439897746649,79.04442879360735,73.21030689736136,86.39455444447292,76.40211816970117,69.36807589320695,72.80885502410604,1.089368957642287,0.9672935003789009,1.1017508378747656,1.2810437060215734,1.237995846370553,1.0023243063817897,24.07210314103833,16.422835867014648,14.462483954970624,14.389821855233928,16.859884851391147,12.319292789286571,3.172970447821533,4.226634940722083,3.1812704060773744,2.7441356757791144,2.4658048394450773,2.44961515797467
AG,0.005632566549581259,97.67149866296171,89.2658624808619,92.92232695561299,90.45251931805632,83.83784085274168,80.32951102976759,76.50941044623276,71.22471971755405,76.23528664553686,76.08644673286034,70.70087113646271,1.0748762074572005,0.9702161577534854,1.2564908829614083,1.0817750148543024,0.8171377599938416,1.0154515173427843,16.358238549504783,13.071247126375914,14.230104774327797,13.941511737920685,11.624881582478586,13.926147958795339,3.538202222787413,3.3153266890613184,3.011590505118271,1.5881306315902357,2.395031954148052,2.6266623114079093
AG,0.014870480376958742,94.97785690270784,99.60229321210606,86.72972768338613,91.67905370807773,78.49142279600682,81.39951318543652,77.08606142601332,88.73801125005372,66.19236926590268,73.68155038830851,70.51236189843087,1.0922690887113984,1.1195499181130404,1.1752790047168997,0.5465031372790621,1.1826740568894705,0.991683830422339,19.93914393205345,14.420204006549671,15.592444896567525,14.916277938968808,10.657474044630387,13.740337544327975,3.4837575421071216,3.3035613273799616,2.71326440409452,3.402910575148184,2.667641681549599,2.391264878799715
AG,0.007639868217962098,98.24638247885395,95.9986381796713,82.80760633592986,90.50273665595577,89.9399768473848,78.7471114832092,77.84749307444652,79.79330009900532,61.88350120092477,74.68761656716438,69.7194368857355,1.0636791370860912,1.1091873409525914,1.1651838656625368,0.6051677154114765,0.9195422488926374,1.003938998580749,19.483985262137267,19.56323525493252,13.39393861823668,12.442244548332688,10.615703190020831,12.079683375838504,3.764746444194378,3.390702383143171,3.0554852869086804,3.4851525435121844,2.059774125042181,2.3444188551678917
AG,0.0068740168741609885,98.33998872269247,92.4079563104716,86.03144199609335,82.37075914410872,91.94086120242036,75.50659619864368,77.32465088965661,70.68789758856799,66.76566020321822,67.81507165081047,71.35391030695631,1.057142301242387,0.9982954385692088,0.837310115889513,1.1519225483600202,0.5256323585613627,1.0145380786602625,22.366636359593322,14.948016732614265,14.37660177611156,16.052298947833023,10.484236100250758,11.64343347381183,2.092783767831138,3.350965949060452,3.5310643287496495,1.97004728824959,2.501575717138009,2.8563106667801335
AG,0.0025358570435640403,95.79896734062868,91.5578147417872,93.90352046691281,90.4713374544379,80.14813036069357,73.22306637407686,73.81593662928354,71.75301333982672,71.33457241521894,73.37059658027619,64.07551491157737,1.06035562442462,1.028157956203298,0.936689490804596,1.4195835963632257,1.1211814049717481,1.0111624256576468,19.751583819019896,14.273297502184603,16.736027754403164,15.694686429076715,13.17006321388508,15.326877553541209,3.2821316927619955,3.065031356617218,3.2530236712372314,2.6330904562520008,2.209571581252244,2.2599582072515605
AG,0.004015073095380861,97.2741566255805,99.7217621325695,98.8856804082276,85.11446535628617,83.97497013041465,76.13431120995948,79.0819755256188,82.87546558174735,80.0961926799806,72.59228102109637,64.4671244012717,1.0611291269667449,1.0420332455855386,1.086051816923336,0.8697859530002995,1.142031719516976,1.0051796981271324,18.167516167509653,19.4653883811176,13.239844384781623,14.110399518641119,13.662907092312022,12.037644001651236,3.181653436978913,2.768376795580877,2.870611330974295,2.883457685963653,3.820867368009522,2.410897393745463
AG,0.007686610958658732,98.85220555568435,92.24880015310647,95.44724588578798,89.38228290118379,77.84921211787089,79.19124117125175,76.87118082539526,80.21139165185917,76.06594847595721,77.21826865929289,59.90261889454251,1.0812502488064106,1.0228874057338333,1.0975498832292732,1.2166615646677792,0.9958418061008941,0.9860513361841384,16.049714137873092,13.66767293072833,16.770289988271482,14.16301399913489,11.620597512405975,14.597673859034787,4.553250057555348,3.4568413984995834,3.373841073676262,2.7689180517252794,2.0008347092063232,2.5475457504418744
AG,0.002217892389252934,98.64807630723887,85.83701567461145,86.75367248706162,91.36269026859746,91.34030070792778,77.06134883246838,78.09929561131729,66.68556565163968,71.19512476502486,73.82462418282027,79.65475130443613,1.0639621341387997,0.9581075382483545,1.080192995044426,1.074985625458703,0.9790267973645852,0.9994281506351967,14.745806940350082,18.198396904472972,14.110000620871174,12.130787082870173,11.462383747521452,10.982054562598584,4.408668265946865,4.002171746443185,3.3657378433498746,3.610977289264282,2.3170567982862633,2.3072326095202067
AG,0.0005981570331897913,94.7882924734492,93.37230892919003,99.04460920704607,82.49205165999652,84.35624388567902,74.27074539139714,76.61720536653367,76.5483366787853,78.61539843031798,60.49575225327926,68.08556363374142,1.083026432157102,1.0817353994831747,0.9718477426223295,0.6680876175093502,1.0602567719852471,1.0116261053240194,20.739185916382077,18.799108054980934,17.213563803768416,12.170883372920528,15.769305167276485,14.763751812429303,3.829505617314481,2.836274788853526,3.3593659143737784,2.9845758254465844,2.5121536725057956,2.1854813378941773
AG,0.0004112087634191173,95.48515375147052,91.40544355896854,82.95122955311479,91.72435097327259,92.02692875632432,74.54765608225911,73.26811767699172,70.88578979001971,69.16079958713699,69.30572666770212,76.68595517878538,1.0734351682142718,1.0580397064856417,1.0057477160272745,0.6265691702339027,1.2897403098464446,0.993891979583824,15.391705379651171,17.7643087087352,13.591715784276325,12.919114225572036,14.476294758663796,13.115355639067632,3.7036655514302006,3.4922281393791144,3.0143819288449074,2.4929302481868816,1.1013177730026777,2.2824767112460864
AG,0.008004912182708422,97.80810245510132,94.13570802078047,90.25627425851779,91.43863768139443,89.61001187222021,78.14098523807435,77.0185588699673,80.71194623983831,73.95548604097645,76.22643690330558,73.27997976645999,1.0773585529688585,1.1311628124123259,0.8784224357247612,1.180880963813085,0.9788026333298241,1.003647236704858,23.32351138171989,18.636536506922173,13.303080081094299,14.405365461535354,13.563054138729953,12.186128493552582,3.597259934934166,2.5588405472217985,3.5278626559749573,3.2965330383288984,3.811010189260328,2.500339637704625
AG,0.009623160471981503,99.33069477131711,82.78807759143332,83.65747758772149,90.34888009719889,94.99804504484698,80.16642695391486,81.45942443316663,69.00218795858065,73.74677708503576,75.5649461322614,74.06355883827695,1.0686829089815202,0.9902631399865918,0.9769025174252766,1.108869817117369,1.2196782279202902,0.9901908036421306,17.980158866563,14.853290509883601,11.875045680935202,17.91214660101724,10.743728356700451,14.96038232327767,3.2798565655060425,4.255407477786889,3.0863003838109475,2.755855563323971,2.5219625488716675,2.5588382597728754
AG,0.016090502180132308,99.80669764326204,89.06408222449956,85.37459047741912,83.37722451999154,83.40030966255347,81.2970211914379,85.00700059489151,76.56326398843056,74.69968926269713,65.12225646935396,69.95859460490857,1.0639448946374983,1.019408360291792,1.056295899035069,1.126778248457935,0.9352751311126264,1.0036016332515263,17.956517888930602,13.26609320525243,16.48976245496972,14.058587630307542,12.786843284302389,13.577890371946257,3.622294369592836,3.478391253256275,3.3058840360235724,2.775244161267162,3.434402454199598,2.1006625612273133
AG,0.0036797496912759674,95.07223485948622,89.45856896517022,83.94869461045825,88.55952258262911,93.07182760881192,76.7590326550207,75.41055062641655,64.79793026741193,67.97429721603245,74.09692595712043,75.23189459014631,1.0642361498021689,0.9546189423018999,1.065718735108387,1.069864081615791,1.0734226767205224,1.013707546787979,15.221024954547122,13.901697200941069,13.115900848158487,11.900481332032653,11.932013364367862,12.450009621214962,3.3289773656990573,3.378394200220781,3.257974248074018,3.437981615057484,2.618009799247806,2.3232598343984425
AG,0.00805938598753087,98.07772046329347,91.27726605317874,98.52236781842942,93.85344701248124,85.63804782795015,78.33021276448959,78.15214327463046,77.81589219801047,83.20333428035082,79.60256154043361,66.97883206641411,1.0854904464595445,1.080225003984935,1.137796287197061,1.281433602172683,0.934540013756744,0.9871219256912129,19.79960271155504,19.748606323038814,15.116468085667977,15.332331454903775,11.618786667706255,12.379198497999125,3.2462866553867618,2.623079249577474,2.6732319354176326,2.7402494964334645,3.69967527425959,2.622874256690853
AG,0.024410821608686767,96.11532375345662,92.06289652199126,97.28873842824218,87.81955919863769,84.82232959548078,79.88615105590685,76.61025413258261,74.23250625566112,84.82846638070492,72.91613424888607,68.94888209758508,1.087877985377041,1.0204901176367644,0.9555724826204135,0.9187107387538229,1.139012938096373,0.9908527783133245,18.476426480945022,16.628338262268613,14.409632957913177,10.13680882629469,13.96529699394149,15.010275391859519,2.9197753274488156,2.40625320741611,3.202470731758649,4.169176655035943,1.910782579955765,2.322598372307961
AG,0.004292706045963301,94.93714645918999,96.00549863768512,88.70951141054215,87.86473120351988,86.26884513200467,77.0704357231037,73.50799985352641,77.5691057943269,73.08390372758313,65.94773080281426,70.61260423838667,1.0601734917788448,1.0732982633271237,1.1767894310761833,1.1685160626336806,1.351556975094264,0.9946100601089777,17.961737708643508,16.687963561333117,15.603138373987786,16.780822679252243,11.841550742418177,11.815495613647538,2.9053004011110866,3.235392358081488,2.826650269379051,2.544188115923605,3.067360457392625,2.633038030256721
AG,0.004163972367914834,95.207016747492,91.42121814660547,87.04509820225985,90.09498831734103,92.9574817309636,75.82253949320699,73.18250615992878,75.72288327536076,67.7882254331975,71.91235381275774,76.45886869558886,1.0794346944663313,0.9931708342843936,0.9782685105277297,0.9017768136991995,0.9904331139443762,1.0106248164967178,17.529532276423577,17.6883209300907,14.441312549324905,11.706071186631773,13.178406715071203,13.493980328385836,2.7285296120667404,3.2086958673562944,2.433812074002851,3.1223473551765473,2.472938976403892,2.5121007075306285
AG,2.710096144952922e-05,96.9174510868869,93.16209972808697,87.32103928587635,84.33134824215212,85.64859032227629,75.55446144306151,76.956079780203,76.60797979134183,70.39531158718225,67.0703422199955,74.74576506437317,1.074626580079292,0.9868554333228834,1.0791465325352811,0.8376156300995636,1.1275039066254078,0.9903081729090886,16.80754918154254,12.351822523478539,15.630873039500715,14.13371448046635,12.261543802324084,12.461092637200315,3.803899881293946,3.439542887670061,2.876857440579374,2.932788079878225,2.6693334799496506,2.5579593093229045
AG,0.0005850250298820487,93.59542287307258,99.25673893583789,94.35134188605724,89.77274492834377,90.82430594674234,76.1197261027847,72.06939643348656,88.33365520556413,77.20678299247949,69.9738897743765,73.35505170054856,1.0795992556652876,1.0679572126500816,0.8434893391517486,1.0873435704278105,0.7814503922974562,1.0072540982162868,19.574813681440276,18.6489359035953,11.925303704611359,12.177019341435848,11.912479581802996,14.36685881143232,2.9782039418089354,2.6864039492339953,3.266284621358337,3.566155595778641,3.0616046721251386,1.6156256197801402
AG,0.008609060800491368,95.78375273127833,88.38839581989892,92.01361893934389,87.44486795862298,88.55218780430462,74.98906900334737,75.93810017824927,72.21129010324172,72.65601363344543,68.23294074570877,69.65907843332702,1.0595420853729498,1.0891200330427484,1.0794522992247273,1.0991873522117677,1.0309998347002782,1.0266408065876933,15.072482374051173,16.332612464334147,14.230508263318763,14.145054636734296,13.708352834620046,12.23909124641398,4.230995012766517,3.9731093895230356,2.222701089546502,2.4362979615454226,2.4350443331971547,2.5209119317012942
AG,0.00688319477173407,95.33012226553065,89.68497213901918,93.1808321377027,90.16743077713235,90.61242125441652,77.50794163138835,72.07455289549966,65.59167829638018,75.93852306759263,69.44601686272514,76.78382944410318,1.0613475276853,1.1248104809042498,0.8964551523026301,1.1269629105717733,1.062491079266274,0.9984128044395068,17.364661033480647,18.092806762566617,16.727523796813855,12.978783599035191,13.002319998818932,12.260894712552998,4.232380060640824,3.34313304759109,3.2584218926325206,3.306123208413313,3.4574830980430353,2.3340870496114254
AG,0.003097153979044833,95.7823600993558,91.11416187944076,99.44974485664515,93.91672989459413,82.28822905269503,75.85321188362846,75.84904759727534,76.52752737973155,82.88311689952131,79.16338795788101,70.14943106999269,1.0700728363587089,1.1190565272122421,0.9517851877367478,0.9115162937771353,1.4698014190509157,1.0019227998596312,17.372274451077637,18.365994717299767,15.434559719922099,16.226607988981687,13.847561899282017,13.283835705812054,3.0193066931510084,3.130060961194885,2.766142129650633,2.399920584959192,1.4215657224533662,2.6014679398250817
AG,0.010815191669087006,95.96038728290259,95.47198587844625,93.23742301074724,84.72746595921025,91.77765856988563,81.57456172532737,75.77761195051067,71.55514246542356,75.74973475179931,65.3794564134574,72.73734259521247,1.0678389902901864,1.0813176386816785,1.0992570931131735,0.8486729359926388,1.320321939183691,1.0008116438715298,13.316716804247582,19.786485141577682,14.08850044206958,16.17969354459393,14.787312103153601,11.332475602668495,3.814172765811184,2.808467165100461,3.3421654785268124,2.151932890581818,1.7985078804774115,2.685817517986089
AG,0.011481207337238593,97.82006439526083,96.66033924298695,80.92238443551686,88.65296923561101,80.52089017660259,77.63332432253407,74.69322450937,78.15324943909907,65.29135031236342,72.47156692243304,67.94799999525425,1.0894492629977839,1.0152259362372904,0.9846252885479619,1.3172234951988018,1.2358350709022585,1.011421435506749,17.463249735219385,16.196866709275188,16.606018973075145,13.884175656444702,13.563226684282462,11.527237242575378,3.94490315612372,3.495374876526536,2.6940623136746384,3.2477665872381327,2.303913877790195,2.3900006750774065
AG,0.003918610363662235,95.75934803787949,95.94340558873562,91.3578923521258,89.04617197880434,85.9689736462407,77.0951370650444,75.89318658610172,77.69289614615906,68.56619946379682,71.99492241239088,69.16793218146915,1.075172530269587,1.085226678994526,0.9864232726933018,1.060786631379316,1.1430564262485672,0.9963100939384285,19.980235210006253,18.742713535588003,14.08087334706956,13.037155089345635,13.655681899568096,12.299635275030635,3.1518994203264863,3.306830265435025,2.89347523991894,3.5773477978352615,2.11942207286228,2.255482837451133
AG,0.0005487444718771558,97.67525268136448,91.97904454110788,96.41662868339338,89.61691072452025,83.86709087464595,74.57986059819925,76.52990680695409,74.24716859194787,76.28002771471347,71.04118370409849,66.37336460974842,1.0916055207881323,1.0452976678804582,1.133729778315755,1.39511678724429,0.7498777418975887,0.9785166325784462,19.313189271881516,15.71045351011203,16.225801224247164,12.680802612392126,11.231169031913721,13.272649518770654,4.2363740683701945,3.541893253702848,3.117475189739679,2.5105575036728465,2.6244459129111646,2.210417101345348
AG,0.0052796809710412345,97.0828353935299,97.26691687007467,86.75540019624266,80.82605904864758,78.56300595157853,77.01335218256462,77.95000909797633,71.54788313862716,70.31371837236954,67.5819049114826,62.35919526045528,1.084471315859876,1.083156543500716,1.1839213356413425,1.0322151122277425,0.7551228965451181,0.9996735829261643,19.52099121851375,17.88448712319979,16.09783427914793,12.49598853329243,10.267450151921263,13.651174159536907,3.6242332043697156,3.7099395866342153,3.45960087063625,3.632264819070599,3.1945338368378247,2.3469673480295827
AG,0.002660970502250646,98.23909770869003,97.81376009557545,86.99937708476779,87.8228051042453,89.70943753603905,76.68066788359954,78.01026127634087,75.2522853982674,70.79501266491091,75.14325533365326,74.7372030689427,1.0699623276300745,1.1270381425795115,1.0425977548379117,0.7592422098233317,0.94877835898489,1.0117620072000992,17.88136308754443,18.06823221615825,14.697848389969968,14.087455714613265,10.318123688261354,13.673146489695208,2.94210010943534,3.181504526401415,3.5363283873969267,2.5651507321831937,3.4130282101825813,2.320105069748829
AG,0.011897494075586488,95.40119771872908,90.70976467699067,91.92450682153205,83.45211146035527,80.44634577138952,80.37504950776585,74.04968378438231,72.45814191682253,76.73453589672522,69.88536861174823,64.64569463793595,1.0635730426456484,0.9914110423765896,0.8100223266643887,1.1627201783675394,0.9816575805692087,1.0042083618410864,17.53986836471527,15.110624791089789,16.216123899417425,14.309043564160708,14.647704926534074,11.806281913868807,2.13336331121128,3.619082087793691,3.440719188327244,3.24761795506612,2.9526221954530016,2.5868804384301725
AG,0.009544238028548863,98.58566422049493,82.81646165503142,89.7008962360587,87.01278479942982,86.94780640476147,78.55641441402979,78.34940739253598,65.1004613139719,73.130350566567,75.97593717599999,68.28691922155204,1.0482907040754648,1.1146465550481501,1.2679326590970732,0.5463124209171462,0.9259222289336024,0.9924144651572739,19.22020496833379,16.780355777274327,15.33792344567517,11.429440019605709,11.269667430097357,12.879104031513032,3.7550300379602204,3.220877036333115,3.7997832561416827,4.0652938643334675,4.297891938000641,2.042950056263894
AG,0.010295815762525234,97.25230597071466,91.3447304352052,75.3414458804163,91.24060408892655,86.48514232336221,80.17026382771121,77.74170140081738,75.8085700614239,62.91910920242823,76.13148405898473,67.5381478440598,1.0611981134736148,1.0098085338349665,0.9873191592772638,0.9636472841845973,0.7090365251905242,0.9940770623405873,20.616684228200192,17.818471049984446,13.559829580515038,15.935520385322288,13.175928889403096,12.93889071588027,3.282968578905765,2.9739770986320146,3.448552068129368,2.2407616271269295,1.9181700684069454,2.6140745390595
AG,0.007223449451816885,95.40906337924314,99.82626868154743,88.98024097540315,88.6867149074509,79.31803872216064,76.43275089791007,74.66351218801755,86.96190802042284,72.10427231453924,73.6024117835037,66.38739678743592,1.0664142855935164,1.0602808446900303,0.9895305286252819,1.112138280578268,1.2441618108104047,1.0248285038218226,17.403935027953267,17.391977507750205,15.383614680864717,14.46127920700703,14.607793819311567,14.631041491835433,3.244842402402813,3.7049702447604482,2.9839289712090014,3.7613976271833742,2.319930865665766,1.8951395606868333
AG,0.001730353675162313,96.14566137188483,96.24344974677386,88.64706337580648,97.56322211404141,80.59641703094799,75.92714918780193,77.16487413498103,76.51527469147851,76.52638385629966,81.7887662020906,70.5192583809105,1.0726865472991363,1.1414908103328385,1.0138061881889073,0.975566614692278,1.1757348582724716,0.98647650727481,21.51998572023679,19.99420855533882,10.2380026772558,13.046503105396031,10.951172069960222,12.070581300598603,3.3849695517557112,2.8905415802973393,3.5311453406438065,3.419712666458575,2.6577356411888187,2.5634111922050264
AG,0.009740023819016834,97.68722037061745,85.24243532775102,93.27553034436501,96.50677452630593,90.5616536921525,78.1674683031532,76.11294036155655,67.5390103482722,77.04173752791262,79.16235400098587,73.23811565454264,1.073506868780486,1.0451159184336223,0.8412872615532876,0.7021048768713203,0.9357243619899843,1.0036008159061196,14.766083921653061,13.538971461171045,11.08125871574184,9.067361937746806,11.964763951094197,11.703064413048743,4.0704671513928385,3.7532580259067463,3.7056298669749825,2.5986592240166893,2.5460689240574315,2.3471147734684434
AG,0.0001590815517274927,99.93121799624957,89.430044825679,92.39207553772377,92.2664043276014,94.50598507561729,73.57581652541839,80.88131787014294,72.43945108439772,72.38776914112461,77.92456231925327,76.67475909550079,1.0768520980612808,1.0859958751498109,1.1465840045661142,1.0187481316375766,1.0091664179363173,0.9945560560133928,16.754818670980978,15.509770837624568,16.93642374924502,13.32891164625159,11.151624841161563,9.31298700915957,3.1172590898888295,2.8428523839512545,3.3083895777311683,2.037418861613724,2.423304725996593,2.6619282971810545
AG,0.004280405050032879,96.2211227794329,94.80403406185667,82.84736355039097,90.96344438971502,88.21861406373478,76.07379195665827,75.56914263018945,78.8784518506972,67.42488894081946,70.26844896168451,68.73743742994566,1.065130390906882,1.1244130107833459,0.9962435236173689,1.047314822292153,1.088587540158111,1.007449142058697,15.160452923414203,17.42672235865484,17.09001594148357,10.578128733311482,12.04624813721424,12.202982052100934,3.6350846788442324,3.6081199541289743,3.1716906744421753,4.032393619102514,2.248405119996455,2.71943533321478
AG,0.0005567320896038674,95.18306122652575,99.1054034464987,91.60057511531666,85.73498414841137,88.06867932804597,70.8132475421796,77.25911709462042,79.49681482551307,78.35914003210729,63.301236419469106,72.07499371922943,1.0784509815402545,1.1368996811977825,1.10566484492396,1.0349035620688047,0.9796744138655453,0.9944517056417509,18.161762245568863,13.023453957590753,12.920319678330957,10.884506685665869,11.89967537972327,13.162187108462481,3.3307266864645384,4.19020890571271,3.328071245881926,2.9467010972104655,1.5756905245167934,1.8034871398858083
AG,0.00870763799709419,93.96118957431703,99.78036845956586,87.10170670689385,79.62304380056449,78.55080601856088,80.05826699741492,73.94920240801194,82.68848153602013,71.82749303407037,65.87983666875141,64.52308381215396,1.0671074582407127,1.0273243979682944,0.9442020551661354,0.7666358980642053,1.326612801959484,0.98850617416764,16.740061440863013,18.841574223830598,15.038691682730525,15.149262505131317,14.877047016053709,12.894111315760535,3.868581512423245,3.3854282728143037,3.023661170935416,2.818817385047936,2.911350801247977,1.7111893629935324
AG,0.00302998547395337,97.72815721124134,98.13907588298989,89.25619073026158,85.68410652126397,78.50265500131329,75.27167997576217,77.71253645123305,71.25718397257367,82.8076698302091,72.09338817467966,66.61773961066989,1.0708115213553115,1.1470715589169214,1.2379000021078945,0.8586347471046227,1.0743146813303908,0.9914027672417698,21.228074343404447,18.970902752654023,15.570915909340261,15.280078317067849,9.10283795062761,10.884029647348356,3.4902014300825934,3.2613995459403418,3.0083936356354473,2.423921989614888,1.8486077870199535,2.9033603103441314
AG,0.01096232448621357,96.9573695075163,78.1117321004666,80.557728505412,89.10062425561371,88.16905838855303,79.87055809986364,75.57452067502294,66.3946522727149,65.17378178192675,69.18826182926216,69.72546265328825,1.057825843046099,1.042606290347842,1.069961309793616,0.7898523445994566,1.1730457534860028,0.9840755597775352,19.63411253797081,17.379022194222944,12.819287731916255,13.004906787227274,11.672536478862227,10.530720528944652,4.902227032271969,3.317652008656534,3.1689962685908104,3.1908439071609083,2.6790369268769383,2.3860091356918525
AG,0.009479612154200706,99.54179118932457,96.64480595572584,84.49517251351045,83.6831959706324,88.21130808401736,80.48787483438802,80.39209749653537,78.97579016115449,73.84480956515988,64.26885108804473,73.78785547577063,1.0697942711058888,1.1687724808529527,1.1503795355241053,0.9673802894389668,0.7691671727553074,0.9968379363248455,18.73883708285018,19.425343045432893,13.65235833652106,13.300139524480826,13.128430946572573,15.103593439036407,2.8851376182116426,2.5985575000362453,3.204950600357689,2.753683713699668,2.19974441563308,2.043534797068798
AG,0.0014082521802226587,96.31568643258868,91.59697767748666,82.38000232447101,91.64016042807899,87.04983957284053,73.69115481146788,76.18690711550143,77.06769038850666,66.48197237447067,73.11436799678285,67.01561440862818,1.0644046030243255,1.0684642269303153,0.8309887141329766,0.8239766793468369,1.241216820675041,1.011862953705219,16.49900838151039,19.59860774299335,19.094411837036542,14.56434576798629,12.658523502041161,11.788913942697645,3.3334308386098925,3.226467664728505,3.190252566434956,2.704290377770915,3.165106912794014,2.2910938603619146
AG,0.002661475845328869,98.2063522681155,91.61188379196352,82.46799050557857,93.79752350110314,90.27314794911786,77.77884802395333,74.77486618924203,72.24119529524549,69.36134763341406,75.16560783274647,76.21216764603173,1.0798893714930082,1.0558050771044825,1.0775427349686917,0.8222478367559429,0.8765111063440452,0.994542601886624,18.546414282621075,17.531819098368945,15.911324646482022,15.383995410560505,10.614452999366438,11.872141292352207,3.542479601353924,3.635518552421736,3.1845284646091083,2.959775646379171,2.619064853207257,3.030467048387033
AG,0.006071869219846258,98.29401933776106,97.9655609585289,92.23597593641459,84.09635102847115,87.56932757162932,78.04864798810274,79.30268463235171,87.46616359098421,75.55140718142772,70.70531098726491,67.79920565574074,1.0733715508087072,1.0216393594276805,1.1198348519657115,1.0752900965469636,0.8434524714468156,1.0066240241398103,22.039197526089193,13.79784556563862,13.054125951859035,10.828387399236856,13.463893224165272,11.490809797135201,3.08481317885533,3.678459308268886,3.5684580952823217,2.6800927438471733,2.943130143096736,2.6056962338136875
AG,0.009466168862715901,99.30192186363469,90.77447792797864,90.45491002439117,85.95969684032946,86.2450538117037,78.09584116968018,80.62094924440466,67.05357146292117,74.70764476540691,72.03589014612999,67.67310583030446,1.0780536898699105,1.0473040405951946,1.0060371515228288,0.8718638749458736,0.7812968862341638,0.9925706305019041,15.482995799271087,14.619478475428473,12.428866552477093,14.80966184283664,11.71449272296142,13.674455451379497,3.14479316225854,4.242774501633912,3.263230979344283,3.17384009076349,2.5866235329895932,2.458762154017298
RG,0.005864074757521646,98.92624413748004,88.8299109363585,89.05430796170502,96.77176811570283,89.87607664661577,80.9092763338296,79.05159354700848,71.50772165849341,62.31596086956662,76.47320164861857,80.45893639960902,1.0745994150971079,1.1360048035667012,1.0561755903055445,1.1839038665810708,1.441565096660814,0.9385807077527702,18.041261131638326,16.409912209907194,18.580955535995106,12.800192354713323,13.168530999806867,15.113107895477835,2.5427440560241976,3.1780718158385293,2.1971457404270915,2.2286906499346224,1.7351217536710166,1.8642032323950575
RG,0.0066792938581032805,96.7530661420175,91.54989372357605,88.92032402169302,86.46785275016731,90.61873153932315,75.11530789057699,78.39110518960172,69.98604296137817,72.10758629848267,70.87938822377357,79.81901064233736,1.0212695959489786,1.0185518934335194,1.309612371118228,1.073711641949082,0.5179848834533766,1.2454630437478749,21.837639049526594,20.50267140526657,17.11892762749103,15.547868838403096,14.519728124375503,13.204829845258631,2.2760023286150775,2.813662975434675,2.03714431180775,1.552218349728043,2.4511586864352997,1.8581496592963136
RG,0.00801275679018336,95.03757307842953,94.37687818387784,90.25245782908056,85.51928863479198,82.79585519504347,78.01338312440286,75.14214699698525,75.10095679046003,81.09151045457499,67.22842170362884,71.6689089900363,1.145252270649323,1.0429930743641853,1.0221943433026293,1.0152630686791149,0.8257839189104333,1.0217254149607629,16.005974599273724,19.808462880571504,14.75625509590156,14.234336734643875,14.44181180166045,9.727210710408123,1.9960391704137133,2.835558452367752,2.5006778231737155,2.2636752457581637,1.784441129359421,1.8716525543481193
RG,3.918019014260415e-05,91.27524016088418,88.5106902919924,91.32650853747471,91.16200859635553,82.71740003788415,64.06923399670318,74.69784063657033,67.18240192054648,70.44127773528572,72.66899129178957,67.48374194891174,1.0670161615075413,1.09017721709651,1.1279085240893216,1.0160908900275198,1.1260995195868524,0.9494657846044592,16.992807530567827,14.406951240074683,19.31177865329063,16.040543874927316,12.547959348851824,12.900751947194657,3.307269300609434,2.5030858099028066,2.0746467723676747,1.999396068871115,2.0142322634359178,1.8509467491521985
RG,0.007203761208927172,98.34731072602995,92.22696167093773,84.29929055157051,75.21542538851968,83.92756365972078,76.7006942751107,77.70907422792044,73.77526254130906,69.4645443161202,59.07175953112419,69.05796885180334,1.1358464780541795,0.9668926536925113,1.1438705142953078,1.0442493087325404,0.7569155792888322,0.8809263018529427,17.452263151076494,15.653392520065461,20.318134234505717,9.171898527246249,12.305168097579921,11.273170885772807,2.231318171750333,3.336921664898401,2.5058148452255815,2.48464824058264,1.8185031931612516,1.8769664337712633
RG,0.016770298522156446,98.59070919465015,93.68797888016154,90.97437114207034,80.08402044641696,84.83197587740938,84.37137506497967,77.65556853644372,75.9606663615436,71.94650882965058,65.2821546743455,68.11117999055878,1.1699734586264057,1.0614043505603543,1.1618721742715823,1.1743161227880479,1.1281250382647092,1.1986510061622166,19.069341200351808,16.879356615907366,17.381032712379646,16.458356360789185,17.62710062068292,18.184502522091538,2.4305923674773577,2.4275734229351618,2.9463335401947166,2.132088633324321,1.6488593594276026,1.8505667484061281
RG,0.008241709828657264,94.96801609649899,99.16740814410316,90.23019892492655,80.34399660349587,84.36048652647798,75.9169742296265,72.41059528618887,79.8865879243018,72.74761710491734,63.69706451661904,67.59248351903233,1.0447250116124398,0.8539905981081517,1.0209887474913675,1.2202076111188842,0.8070856627635368,0.6316680013037697,21.218600527123822,14.966184874850649,19.06509918631639,13.890920664367346,14.08410684247236,14.614444757809583,1.9863587351531358,2.7999950246570835,2.278727794638523,2.579634339333818,1.904282512477336,1.862212269514378
RG,0.014751231037193186,95.29235312972546,92.25035928884114,94.51490012548125,94.22252024877365,88.91345015058725,80.56169592247214,74.02152215363515,72.01554785331446,78.78254199632612,84.066529788039,74.68663044690523,1.0676165714687265,0.9826004868793562,1.0421067159751658,0.7908362335342105,0.8388289397874158,1.0236164711560154,26.903792338188993,13.844042653549806,15.05914034169586,13.057181674963514,10.338754335058272,15.01328679361204,2.0523650050140025,2.3166427553476834,2.3525048415334435,2.0078427238690555,2.0145698950238717,1.8783005172338076
RG,0.013222779745317458,96.16162049959846,92.67736518305489,92.91561501213008,89.06824467760177,92.35508148397366,85.8927828175415,81.84994974158904,70.3155024184878,74.92113689566987,68.15876008381537,69.23972816915007,1.1580489262362292,1.0948112566685573,1.0229657209310419,0.9292055061420893,0.898043335755917,1.120990123313892,19.97759399859321,17.205047350884016,16.858420666708383,14.476127533611612,16.320232562322786,12.489188886502754,2.6374326495998033,3.1917561302921627,2.7932922850985857,1.5172708845129983,1.998306766302774,1.8646141640301777
RG,0.020098353141426745,98.0052113587286,90.13274471348639,71.38963306177412,85.06443758152743,90.16725731805558,84.19254568933026,78.3855860315629,73.83918282420652,56.92063421307347,65.87169519206293,67.86815816422676,1.1166613838566681,1.0873164624886202,1.0499436711619514,1.0027131007134449,1.0036320461979402,1.1511412147480287,18.891282715258026,16.08729946307937,19.35926209060357,14.784830792777914,11.116759894752185,14.859286011995055,2.6835171594003544,2.8458294080852355,2.1023282514406585,1.9207935155452478,1.8573344670021146,1.8649504701328357
RG,0.012123796897256027,93.5678854423753,94.0183697029506,82.811418935598,93.58429694557864,90.6099427600745,85.31302896596397,72.50459638755322,72.82936927382599,68.72257661654743,79.6883454263244,71.94440725471779,1.1837036799695237,1.0096252588191688,1.1182919892195216,0.7918163703051533,0.8454113689822588,1.4002163371308165,23.19589103433907,18.406658118124167,17.946076100877693,12.517319337603746,12.027589291672339,11.235469362704578,2.98522232858425,2.688526268015408,2.162021233593993,1.6862163381014557,2.175242914336626,1.854387408378715
RG,0.0018479331867185425,94.39353772733647,94.28250979124954,86.77933065721774,73.25090730778375,82.23754605786299,72.55587063591626,75.95559480718441,72.44926132363531,66.34150723491035,56.30633102688921,57.863583016407674,1.1276709445160662,1.1353019326983038,1.086932926884324,1.1031952531886204,0.6391067697164561,0.9264905589714936,20.82171486156488,16.121166962191293,15.226921380449836,15.321283959924866,13.724822062047442,13.655207411160694,2.675383837815132,2.9048423034133677,2.572974963430658,1.910189140739709,1.777174493617097,1.8450768250632064
RG,0.004125113186380526,97.58901529804129,93.0631098021541,93.31011391176645,87.34645096860714,91.10593412855731,72.1736438757146,75.88706083457387,74.4410252844283,68.6847679132954,66.08931220316168,77.34941419479577,1.0117600855839364,1.0358451962909272,1.1099716307101946,1.2546083017665106,1.1167008577483113,1.0784838963381187,18.945941694693804,18.190646883976317,15.507071882004912,15.43150230350651,10.105148920275894,9.03131591163336,2.7979274619678027,2.5357740580229255,2.7533713716982717,1.8066838109001162,2.2796869979782253,1.8741631345010665
RG,0.00019080910381797454,96.93688576261002,91.7858414465246,99.53866020848423,97.97445972919681,83.09681503058316,76.12534256713495,78.5342369469555,75.19148888215724,81.53113149731027,74.81020275004342,62.60876453896787,1.118560191500172,1.1319032121891761,0.9690646572953585,1.026067226092932,1.301371084125256,0.6044633611206102,22.440972119667045,14.896962746428294,13.165179919772154,13.370849438215833,13.95501922797083,13.876385518367238,2.2913828603103923,2.1887724544816898,2.856716646003938,2.2445459398856262,1.7578752293074857,1.8665316362970554
RG,0.007518883221897921,99.35344164402406,95.75294458150447,81.42023348057697,98.7553011646104,95.07891054949144,82.02754468613581,79.5204425376228,75.11720564695209,71.56312143237079,80.34201504367668,80.94847660235786,0.8894774025848835,0.9586411203599357,0.9643217083633414,0.9501723200561085,0.7423422628159666,0.8509844358230967,17.07528058935908,19.28664460970963,17.387289570271303,13.856668906268288,16.219737182592098,8.296286688414572,2.692703977767999,2.986815002731929,2.2730438507301955,1.8617001655134668,1.8699167563791566,1.8644457523511968
RG,0.008620495006060465,91.72381061390591,96.17100458396196,94.12920655044542,87.1985200287729,80.460315405972,75.33821200034741,69.05609714868186,74.27567834633015,76.28242263835787,72.78351792466334,63.54372548379534,1.244234522982179,1.1219649665826241,1.1817771138930815,1.2391057178839646,0.8288914038704499,1.2322801193369832,16.392992643833615,17.944815171414152,16.873005769046863,15.037199126660273,11.932685039954197,9.452323391035229,2.718706291894707,2.783776675650156,2.3064624590633174,1.9448044381131648,2.156474571122794,1.848463649298274
RG,0.020562996229007497,99.88026014762318,86.62167003835928,86.0672527393923,90.43607475165854,87.39543485714759,84.22483955526049,80.29799977004657,70.77293433874321,65.1072835662123,64.43933311926313,74.87672689756351,1.0765175394357511,1.068368377565625,0.9092893920898504,1.061153388966585,0.6490632727472011,0.8060105349005295,20.44342988863867,18.42407741999535,14.859081652523308,13.126298460623453,10.99819017742701,11.052053775313054,2.8900110764260005,2.2527602260232165,2.1554167995606623,2.228516200357286,1.9848337501934792,1.8669093469378524
RG,0.008617322585672155,96.81180924226115,90.91666373241833,83.9237496249525,98.83636658596805,88.00465566020542,75.74023577367433,81.49096439158265,75.3149294621919,63.859935787271155,87.68888840724325,70.00258626977784,1.1497643488186038,0.8219416961022762,1.089594074685398,1.1102546106743458,1.0161581028772726,0.9183959147614951,16.90977344317711,14.680008049154681,18.38217207305861,16.822444813882164,17.98986677268509,11.745357233438503,2.6028678735528263,2.8946950303506407,2.4561860924655354,2.1455848976007106,2.0774486129095724,1.8684637225498382
RG,0.020079126788877737,95.61406536273066,97.0480405746017,92.56702501685648,76.02978427926806,93.32000872572804,85.71235749719987,76.33022405711309,76.93830459851357,71.5835721701249,66.4360179393801,78.81343349675369,1.1054064042307805,1.0785358246725179,1.0346958080484348,1.069807606098454,1.4543903551008117,0.8444790573388157,18.488378091334305,20.276164195470137,14.623004025587447,13.94113104164879,11.15909325855058,17.900535436912644,1.982406211100714,2.6533669056288285,2.2045908158272725,2.178641477817658,2.104891560018773,1.8546560160225418
RG,0.012587475211526065,92.25004561879742,97.26868046946286,94.99622056148692,82.36111662981514,95.47307674665011,78.44058069198141,70.10579551009006,77.06593789714772,69.4763321720856,67.07174230234837,74.42994222937278,0.9381049649292812,1.1524557879042399,0.9913005892591539,1.1859093861189116,1.1220577071823283,0.972779622358237,20.707459054335164,14.201376806375414,15.54219943341293,14.774649710796268,12.890157245357294,15.043751155074215,2.2389724807265887,3.0621428510482374,2.877895272241176,1.9499834012001074,1.943083878709862,1.8463166461534033
RG,0.01078064892353219,93.9855502024939,89.21745958986045,92.94661030138457,86.77761490895534,85.75332485297929,75.16309573380036,74.5925104534961,72.67876311773517,66.14808991510635,72.8287899529039,67.08364065585609,1.0285704376014597,1.1041858640056068,0.9114951690567503,1.377482514963959,1.0957305148402903,1.011794614212747,18.672209074521675,16.773055489895658,16.418042776997847,15.667590207253573,11.733724711229073,16.222616759534244,2.9584581565648813,3.0080043846373474,2.7224416594061034,1.6695560490699355,2.1794983430968013,1.853923278094728
RG,0.011559823681244285,99.91434219396915,97.28910950798834,81.8359179512401,81.04764446332456,90.14993983524403,78.39626302917627,84.33983741600096,75.49201502908178,62.52199963297735,71.95254934125846,73.7944512488265,1.080834594705548,1.2524330511654347,1.0457878326769856,0.9428502660180358,1.244692851608766,0.9637763900042068,19.09660404243121,15.822481843170403,17.388716427537407,15.483084201247529,9.343053144909753,12.854078465901036,2.393016384739902,2.810530410545857,2.1518002409590657,2.4259075986792897,2.0799383233163944,1.846266305842434
RG,0.01188826998661599,97.11178668008651,97.06634261872193,95.83081418467569,79.89539361676819,86.44812339232851,79.22416361472068,79.22530054522025,73.35093924494475,79.69275749356197,63.36686985148634,76.028524072809,1.0711388369411559,1.1106650967490406,1.09399523694901,1.07454668570343,1.029202908780899,0.6913989257672009,15.725078257546045,16.879776051067353,12.409996822699835,14.37204923303204,11.366396494784786,14.51481176658059,3.0835075354650976,2.6862934939684266,2.23869737313312,2.4523319337765876,2.1501749763407436,1.8727787995431757
RG,0.004124644724302411,92.88589135534468,93.56929954530077,89.9629985798,73.77102980473732,88.59415805718349,78.47642560831817,76.06423910472374,73.34976935748595,70.92099323038484,64.21677336513434,81.25945330002055,1.0160138475296705,1.218486206369438,0.9967925212306668,0.7554348538413647,1.2551496614891533,1.0294685531699872,17.860118774658392,17.813688447780788,13.593047426106033,14.274886753117753,14.152160668924056,12.187873563654682,3.028487177480548,2.8295534409064778,2.684299929811278,1.9798399524945312,2.25534387251403,1.8583095653761954
RG,0.0013137936365103567,91.58219115756953,88.7704418034992,86.3586050909347,86.67631784488881,89.02469721187626,76.68248572978817,74.02312089513107,70.99419876445809,72.46357641010479,68.92690407815284,76.25600560099419,1.0896255576547065,1.0349235598521582,1.1506564050047328,0.972885352398921,0.7057585308940861,1.087957752259974,19.028289054740657,15.37368087840873,20.034863255098944,11.927010212644452,18.962525866007176,13.902270851438475,2.392581175173169,3.4599819043320257,2.6860413050066803,2.3163062198371014,1.5784367960234222,1.8507212168737535
RG,0.011054524039534297,93.32560273958691,98.59134039782575,82.85438001016433,93.29578211354786,86.82366860889955,78.50859076994199,75.19347722798437,75.22244207935216,66.91997361191136,75.0944134054329,71.92254168912089,1.2483770133988128,1.1019969295134069,1.1113512795107823,1.0032530245011266,0.627208330192156,1.0118239510812368,16.897470258992847,18.77134676337382,16.02592879425471,13.00245032027676,12.18156424751786,10.152748429953327,2.5682756367606383,3.4024509935978946,2.369921597574656,2.601426669076672,1.8247143574474427,1.8684827891168996
RG,0.006017689222341448,97.61290628640042,90.87732386209584,98.28694581451079,90.34644586327204,90.55910546155546,77.31338560959091,80.21015025807765,76.80742369763325,80.25402238318199,72.62410143778176,71.33976546936869,1.267397185025983,1.1546121922025938,0.9343425473259502,0.9387966788109346,0.8132799528562118,0.9370289493558845,22.906809225208963,18.421127256106868,15.88291532629503,15.017127516237686,12.542214747446517,14.40483954129568,2.8014919982353095,2.8056302118983587,2.2623911674674213,1.9104378110672435,2.1103043500435494,1.8502628982561422
RG,0.0013168096640294496,97.52337041422413,95.06391951083837,88.66550004819419,95.64852478061609,86.84751284883616,78.09274456317597,74.8313936027556,77.18865843592275,65.74281325956213,77.26316098810472,73.35887088333862,1.1159855456335448,1.096716253972337,1.1182662323546846,1.1438579829318165,0.889906755824013,1.1766788668673236,18.80269740012625,17.13262470529845,21.564523248678512,12.65457402552083,14.96547597664367,13.033078143341202,2.6332552813115537,3.062172288899381,2.261582331553377,2.5190706437653296,2.059882219235853,1.8595269815994624
RG,0.002948757128527708,96.97797580295305,90.92695471209842,95.555504516854,94.63846766048296,88.66063347729903,74.13754445493666,75.7549433403219,71.86217057128553,77.83493030472573,76.31672766653199,72.95808217538934,1.13110714815097,1.0924479359523709,0.9084909023079478,1.3205175017666684,1.2439436198600764,0.9408235955117873,20.558284751986424,15.340146036109365,17.32091615815754,11.828928954716837,17.43807016362358,12.580924340732416,2.716435131895537,3.401005833367166,2.302255640330075,2.729410732485173,1.2600826234099007,1.8567582977545556
RG,0.0003321950855748348,95.01998929963526,95.38403157610965,98.70556333934978,89.90894505791903,85.80096292213962,64.94242304762352,76.87705713317267,74.82563658469775,77.01889788342187,75.30257413638762,70.45404819939029,0.8443661121108142,1.1742954696249839,0.9808390976585254,1.1102873152891448,1.4367648603871084,1.146815446479582,12.338564463586188,17.689876029709506,15.164907094438364,14.08721585228566,13.353804641473962,14.607678904817313,2.7495710542847625,3.1393239610126025,2.728712562875561,1.996270462962822,2.0590673565606865,1.8561060064263448
RG,0.026302342864636043,94.19615334330192,94.13603494124544,99.07442599798165,84.35368979328011,84.95401667836342,90.44697854177265,72.14668760508944,76.53484777215334,84.96103696950433,79.71043762602912,68.08489803004738,1.1522155562387375,1.3111879385674914,1.014222709818503,1.0778283061262919,1.009071199631197,1.0615151161876908,16.038405384689796,16.886114792744692,15.520741252794267,14.914313434846262,11.019835741516959,14.683304232621726,2.4441671157994054,2.928979983741872,1.9922543380780584,2.0905231620115727,1.9571904895116146,1.8473339642374327
RG,0.013985741996009078,97.5790519581158,93.48740018172816,92.14380352028337,90.11801045210586,83.94767307464963,83.11146207911472,76.17090228438596,74.20479604300795,76.17198998225831,79.60397375848514,75.80418996946028,1.145348574331409,1.0722232166475898,1.0463609905960465,0.920863351619849,1.0896374564096474,1.014756220866077,18.440483623933353,17.669414256051013,15.445574206294726,11.310354968733227,11.97819519083642,15.329247354225016,2.7939948371948433,2.349961970441697,2.5363775686601637,2.496134522581273,1.8587187934324416,1.8689599045117764
RG,0.014174360771551285,91.9819785051346,99.23200248003437,91.88878749650968,81.78331042075469,85.7306816474492,83.76492918641121,68.8389731903106,75.24434217125588,75.23084099172404,63.623647057021834,66.74778508653863,1.1682707905586986,1.031976955131112,1.0896632539898075,0.8540698709515215,0.9733737525067668,0.9670460697884571,18.819889183832178,13.371902065628504,18.999853998205786,15.179329883906643,13.808940110256351,9.089643714504806,2.270257677922154,2.816268930826045,2.0999498387770976,2.498409484012324,2.6402757315412058,1.8593920435426168
RG,0.0003325562507247444,93.94810465642148,91.40246899943902,95.13229262063246,85.26461369834851,91.34284742086665,72.62586708766916,78.07679878905651,70.45136786709206,71.64131078303781,71.22239238240783,75.03625730456694,1.12583852567445,1.0284969107659117,1.1218908484672152,1.0213590378187598,0.7857724421110462,1.1815728681085742,24.517773001888692,15.639520931823348,20.49126290093872,14.499281489839602,15.246776049717418,11.854925500945132,2.1201173368331365,2.6398060101702487,2.9417989680341416,2.8953382881673706,1.8597624827417187,1.8487049630646384
RG,0.010899222221042075,96.57041138376846,93.44060771997049,91.59080775126228,82.10049669966975,94.16846490598365,79.01809060327585,79.92804367732877,72.21666362609403,73.70500745266528,70.90327625302804,78.9479736349882,1.2513013341912114,0.9918743157424842,1.0798959373647552,1.1706877439760706,0.8070853342741103,1.0429653453818806,23.78780175959413,16.738756608682923,16.640569759068917,13.143120902283735,11.346170608008169,12.82309887535243,2.9106117430790817,3.2373075879256503,1.935565612337605,2.005252039168881,2.2286700511138786,1.8772068373386246
RG,0.0100635300359108,89.79248439974616,95.86701436366708,82.57142958017934,80.66718081262181,76.89858138905846,73.5650415572625,70.91020926012341,76.24057306319546,62.612718671023174,63.50359745781894,61.61913398823365,1.111116925294574,1.0256608718991256,1.15357418307094,1.1282838893632805,1.022243300293994,0.9698215686336725,17.536019427698122,16.75922721498612,19.375133006754538,18.17732548981612,9.777952979012795,15.118486759307672,2.927803292675839,2.565990187955883,2.6652604086956853,1.322928731253524,2.161744839325463,1.8629232565349698
RG,0.014521147242392238,97.18264274145672,97.98514778641703,72.67039985692153,81.94978806185092,87.977659436247,84.15250392199326,77.35389821088967,78.59213921260579,61.45026331696761,70.60655430866028,74.51402800256143,1.0942015232668283,1.0110095147392153,1.2931921407098959,0.7636334649543863,0.7681283599135108,1.1771017553692016,16.58495595854125,15.665169283840246,16.774325822398467,13.431137493424327,11.51650012824059,12.653530370963265,2.828638736472019,2.836555636355026,2.477879113479468,2.2439374974518542,1.6652544041470974,1.8511925988673832
RG,0.004315793498118947,97.42304962682965,89.56580708036962,88.83075669880485,85.13151124803179,86.30518104860788,80.05514326425538,79.95688384341769,71.32816818257544,73.660202185061,70.80377655194141,73.56007627757397,1.1302785485264786,1.1304364594674916,1.213037446035525,0.7734757395618947,1.2559140715566919,0.9091762994792467,16.853215120727945,15.765849803025288,15.931463904595619,13.621718233040257,15.60543135336902,18.10194285515391,3.0507448992209634,2.398606006195145,2.9663518018105406,2.1274133012767003,1.2640399039414758,1.8462157092831508
RG,0.0004570794839586983,98.41717068874543,91.90333479300527,77.5228166071212,77.1948173078023,87.61255435935004,72.12051484748439,80.8162626157173,73.88499599188042,62.65483061898265,60.14142275808704,76.69734841705166,1.1040432560674813,1.0455472982603173,1.1045438462669457,1.0228488026042475,0.6515346503242938,0.8950362658145568,14.735203900993131,14.739814116378737,18.286777070090068,13.509728147541374,14.294707033850715,18.305454425629534,2.866641509178813,2.7098850910328762,1.850824543581411,2.428774607729489,1.8507842334407123,1.8538288531898843
RG,0.006949025920084731,88.82893757496691,96.29056619745876,91.56843937538608,75.57520437633805,97.38921285651338,78.61170538273815,71.17296531253038,77.3883438914611,74.79713870445192,57.117370857535846,75.7360666535219,1.1375581193462319,0.9956772822214497,1.1142820416322936,0.970152443882338,1.0295958786070745,0.8770127394326602,22.454852150953183,19.58429263356132,13.514381713915759,13.999867653496462,12.101146485303014,6.498443040102642,2.436126199813025,2.1193807588431275,2.63339016892412,2.1397716722417397,1.750059617539001,1.8638380823978513
RG,0.004305975385548881,95.76420664891577,88.18121010852873,91.81592617297919,98.80808873536239,89.15864084787401,75.46090607497983,79.66767715475095,69.66252525808707,83.27884052045717,80.93229665295999,78.05677025347389,1.1270568736679345,1.1872059795423466,1.025625905114118,1.290698237399714,0.8943316103881294,0.8630221661615153,19.53056727526581,19.055313730507116,17.58869341243632,15.940681066920334,16.088351411606453,12.723852283353617,2.5498652659088523,3.0563626992986515,2.905723751251198,1.8290701828021125,1.8491246771397012,1.8653748246927218
RG,0.011162662889768624,96.79316846040444,93.50309071173285,97.86931955893151,86.67585711313038,85.79023683091027,88.50641103322548,77.08621526422421,73.85664453660198,81.42622047824595,64.43400328555816,78.15666373978227,0.9795655705791125,1.0032595105396107,1.148243817480837,0.8998800298677625,0.9788065028266743,0.7535622320428585,18.827642081287735,14.308856618677979,17.260711249441265,14.341607710342018,15.692492239484848,9.860781834099807,3.153391279212621,2.4944372027180313,2.015124068686498,2.3378799187635475,1.9574292211957758,1.870842546200177
RG,0.0033859450415527166,98.21147090588032,89.98915764958858,89.91973757407544,86.21497322447506,82.71151439441826,72.7950560935738,80.78515810884292,72.18298750098162,64.81408048477958,75.55978731828193,71.06734334500001,1.0411361649054627,1.1264582669597676,1.1820498808550224,1.0609342156064323,0.9696876026287321,0.8825329978801207,19.42510613116185,15.405979413253295,17.225486837233014,14.424117580974412,14.604702858452304,15.246901709242966,2.60948144396329,2.9481949724342047,2.100040337985583,2.4148152932594322,2.1960409651825143,1.8567587646330024
RG,0.002453762473819697,87.80028641130717,94.90479108892376,86.47499494781115,90.66196511190054,89.50546450205914,70.63599361991092,67.26512486232446,75.28147088251241,71.78525519512354,69.58871192631337,73.0371246369294,1.1659886157579593,1.0199471793989499,1.1253982147113435,1.1360872452048483,1.2981581434252614,0.7320998427075133,20.762838381735566,15.309083836712677,14.90580026345073,14.264300269106679,12.162770856063968,15.607680034378578,2.7455917767799494,3.0717732715436217,2.1977511751898144,1.937514521224727,1.7640873556459136,1.8618334614402308
RG,0.0016241508428246519,96.42434378964282,99.33703786754658,85.38139960767023,88.09785589894953,90.3771072859198,70.44274254664285,75.44019911492343,79.95155454059466,69.80925200171994,73.86945524475533,73.04825970533257,1.0702547618044758,1.0294105805965612,1.1508207355296969,1.1522646437772168,0.9146057712660888,1.1741610245770961,21.28244836595957,17.72502328078102,18.32586891750474,9.916060783348215,11.02363593948012,15.676339239414718,2.5472962188594455,2.35225888925067,2.2193069978954645,2.746606042401574,1.802526683701003,1.8476987799693751
RG,0.00791747490399787,99.76207955500013,94.83973998462966,89.07148359021093,95.92944725200849,87.25342014832033,80.921186664869,85.11969502579632,74.37468754389603,68.45497034943419,83.28147304035124,68.8090447643423,1.1469207164846624,1.121548559953685,1.2216637776183967,1.0311100451759259,0.9568702044325175,0.8712095069666932,19.38942878347841,16.03278655941669,18.167502409279937,15.428283123469344,13.90641702151099,13.93044009794001,2.726357000774325,2.2695864805916255,1.9455933750144592,2.504421266510745,2.1863692498022282,1.8481812651019676
RG,0.006895922354770222,97.96351631701324,97.8382264707032,89.66597298161824,83.14491470961552,85.29424749430156,77.983231712585,81.51320636895294,77.11622865423563,75.38228873660192,64.82862667392178,69.02674182269081,1.163309921043199,1.2014485744860575,0.9574090749057045,0.9563319616222092,1.063575442941838,1.0538273787088497,18.121189712811496,19.892552989278776,13.110611992677702,11.624160362016429,15.77060819266298,14.359163515147744,2.6080569001615004,2.7416460484754253,2.006213461793071,2.198378466285995,1.93817338615691,1.8684766535392632
RG,0.014002066631333734,91.9688417198765,99.79471881807378,93.40722446567055,81.86025366188946,83.79156927187194,85.43935659462497,75.1307348091985,80.54306537453633,69.91440303564711,68.5539704326317,69.01118682341298,1.0913725838974406,1.154542750563282,1.1066542340640118,1.2264820350919075,0.5405459276205032,1.3100838742317773,17.238111400184728,18.884443181663865,16.29157703879735,13.029453965162936,7.547217094325435,14.46176184124674,2.7575645511553915,2.2313138590835058,1.9567192925359644,2.4774413129990185,2.430031901387108,1.8647472490236037
RG,0.00712004749710878,97.23893619745235,96.39230393357647,76.71375925094955,88.43616929614105,86.09948516282762,79.24933392678781,73.38133903005749,77.10311879292557,63.563631234564056,69.08012742550306,68.79318674205248,1.1343874430353773,1.0636610242910396,1.1766047692043846,1.1368940032015487,0.9551247919387824,0.8899076048930348,17.690952595039708,17.07142575793663,17.24714642920546,17.173890167078774,13.443013458537568,15.398436843321178,2.945562493403461,2.7709183097046273,2.27727908106312,1.8692286949364036,2.030738808704744,1.8590072606985302
RG,0.0016141140648194474,92.36588905471214,90.16122882777495,91.37358139415157,87.26662816522969,86.56190591603112,75.99200628890405,71.73650857807259,71.32314909547958,72.11479553673358,80.67303929951953,67.63337614757783,1.1889691392624324,0.9022157253894455,1.0689953662930967,1.136959074860344,1.041509049958591,0.7965972214250193,17.011517951225954,20.733231753249914,14.152240347943346,15.268428432946342,17.38994289449254,11.810197978490153,2.4210285364867974,2.790436189293438,2.137906708178455,2.4177869640036613,2.292646156512491,1.8689714523039391
RG,0.016522890232389086,92.66940660251885,99.75155009059722,85.7715854273354,92.3473337865336,89.48628898948598,84.89822872257658,74.40453163104758,79.51202282390702,69.08510533227457,72.77642800939446,77.25765396562726,1.2789128103072498,1.0802176471651914,1.2324305148344772,1.1690812491744313,0.874956478913683,0.6987873127589825,19.640700792800104,12.408731918501022,14.759724710836071,15.483904999252735,13.799482389237944,13.868103299005814,2.7239677835304983,2.919637846418333,2.6367487506636205,1.886313622124547,2.3339686573562957,1.8622877516222498
RG,0.007112138688522653,93.94149569906112,90.7363334294167,76.04971427691329,94.33403725835741,80.09645883463104,78.62788193846713,75.24330035979615,69.92684652248654,58.255292702952225,73.98846620120122,63.806366563586494,1.1720607536976255,1.244579590629095,1.2030346339066227,0.9884391507433168,1.0401521763437027,0.7951573000147274,26.176639538440156,19.356200926203336,15.948340550859335,13.897826583481269,14.279065398460803,13.512933828282314,2.777119887467221,3.0514921005992006,2.564323474123478,2.2526549940666025,2.1041779480575546,1.867322300105278
RG,0.007295875443158036,94.48160281068594,96.81328804453504,86.35127023071338,80.95151145323233,94.40594504187136,81.02767681258842,72.31449588352632,76.03600409937333,70.3253581505468,64.04033042862412,81.80936887424343,1.2424082026394574,0.9857559986122887,1.0162100721026315,0.9827556561655952,1.0870464071215165,1.0116062787339954,21.005735196762046,16.538858974154934,12.308361583340584,15.333147494940535,12.244908411494688,14.783294779016781,2.120952628334595,2.495383477272306,2.543669525128005,1.795824724545297,2.0514398193056103,1.8550522510153606
RG,0.00402867884079378,93.10559937540779,91.39072068521911,95.57558390505072,87.85011123447038,90.65936740442349,78.90756420026581,74.36647053758652,71.82939225598815,84.8089801635011,71.57730990943722,74.74913756570102,1.1916759099403282,0.9357217429669846,1.1284969247094956,1.15543711214455,1.2944298617357681,0.9429890520177691,24.883070971197018,14.642948452021962,18.749678155249136,13.280421745513987,14.75737288590038,14.25398256697907,2.5079429708854044,2.917094428170624,2.014930839236696,2.4253459262015755,1.7679765344491531,1.8682560820641296
RG,0.003814043823416166,93.42208871576499,92.81705099828211,91.60616885767833,97.6113720277845,82.6668907632336,77.21784953715357,74.786963503043,74.21692043871299,79.2282276864056,75.30911981889368,64.79270190361348,1.0967169013391116,1.0141260467345727,1.076947358468879,0.9319493210032732,1.077638972187145,0.9570079700667822,18.900224507343758,17.481172878961342,17.3911981793457,11.707475744697586,11.76253080364487,11.369842349831988,2.579669990425084,2.522669479136843,2.8366606213625087,1.9558218980022302,2.0357569705834657,1.871907901420594
RG,0.007256285235135284,99.9994377307755,87.26543501834426,85.13851320190237,90.00969582552128,97.9986363191106,83.48894187564812,87.42529864445555,72.93509572047792,64.06175056058298,79.49571590632924,81.2028051241404,0.9310995857180311,1.135619246008692,1.0107347687683217,1.0586156233528092,1.3208375533134507,0.9667035015078816,17.685713612846055,19.028151559011672,17.895444085256123,16.39195232287618,17.364130705211615,14.395482942986975,2.609973067578242,3.0883191818357174,2.068311625316291,2.1897077172881154,1.322577945878416,1.8559892275668766
RG,0.003629006403729851,93.52416224929954,90.33002137691798,93.50872809785315,87.92184324787935,83.92386162832985,79.64478192415805,77.16654352718521,75.41360164219255,72.53731570307527,70.87714915513807,69.967143718802,1.128249728313391,0.9983473182182269,1.125358850524551,0.8488038671578937,0.6717154325828504,0.9022082136514789,19.414661384871366,19.372826215886807,16.247942392468218,13.401069010995808,12.210965157741592,12.8394923913082,3.0033178509714573,2.397097753764645,2.610215509625275,2.5120675294113792,2.107827920658087,1.8639918036827405
RG,0.01137263101697705,89.50776789795239,93.22369012448304,93.7108672043973,87.29038595797458,93.85430614248895,75.66069758387266,72.63208725105937,75.881241920824,77.36773777883664,72.88807976742943,79.09123792130521,1.0577794705686923,1.0381654031995842,1.2943692139947445,1.1826610001227045,1.2789480345041628,1.0233350161176478,17.20844586704924,15.375991891079478,18.465607435785877,14.792318086425668,16.11326474722007,11.745620862870673,2.932087109602578,3.3327222138494186,1.8754040730104742,2.112088566009566,2.1105000141304777,1.8614663848525166
RG,0.0019720178271307345,99.51826395854391,96.89921871247435,92.76023507813852,91.73019061481013,92.9746045657045,75.13571590239374,84.78113536490656,78.00153915590496,72.90631818083372,74.09215733674847,75.65222056925687,1.0885802260972721,1.2006847427871619,0.9023388941897719,1.2008727885576993,1.0409454504725528,1.0607980495934615,15.701963567932694,18.936452641089645,15.838255785689604,14.70173465025433,12.749446668876836,17.77783112869554,2.5427112159619893,2.189523659186941,2.355277208440348,2.0438755036524796,2.18577618524932,1.8571037513989455
RG,0.003639993844444002,96.78758325067736,98.63854136458372,78.46555070861794,92.5371115707437,86.17458226504998,72.14132533660367,72.65056182793865,79.77359202283566,66.76413675324014,72.10011803310309,71.67939404781183,1.2155012646220271,1.057111007486867,1.033224678486214,1.1998435974828472,1.020269055872143,1.026011642918117,14.5330929096036,18.15747125455845,17.052675747859574,14.574529156268481,15.708999229158032,12.902007589851605,2.572281355024523,2.648321063551144,2.626560204842645,1.770807338994439,1.6322339388963911,1.8546670019380327
RG,0.012334327049003266,99.95481162945993,95.87510556699098,92.68131479751263,94.59681712490841,88.24581322432743,78.86238546029158,84.0519109693902,72.8595606737753,78.96262695500211,77.83165385073443,67.6912722439006,0.9525452371395918,1.0363542246997224,1.0128200581822056,1.1623125355041648,1.2128372672933194,1.2905556634116966,15.280207218038125,14.473186952780118,16.754357042271607,16.2424979870994,17.90801713082518,11.10964410659872,3.109769081339411,2.4000085347459894,2.4142478731108903,1.603550511415977,1.4463993761104776,1.8547999311079932
RG,0.008940607199938468,92.03820300441376,93.20749087209005,89.19496843906339,77.67715857653347,89.8583800909366,82.87159213091039,76.55850138342996,73.48351038442678,76.82389556705152,60.03479994946851,75.24766331799103,1.2636404775592658,1.1003004691599465,1.1066626182817756,0.9208234160375841,0.832220105632218,1.3040155585348272,19.509672925264816,15.269454542687653,16.31843200974617,11.713628908584827,11.213954731737996,10.6010212958928,2.3571213953502017,2.857590151162933,2.4188926966015303,2.916124538191842,2.2801780447362283,1.875510773705093
RG,0.003970147190923275,98.35473033328294,89.87979460594117,93.6937181612774,85.35816729339555,89.05130426698824,81.83366348190094,78.83428240501476,71.6392248072836,77.8391873826854,70.26999556162447,76.87664221955171,0.9854540228360104,1.0418544234724416,1.0196223090780943,1.0937525883464445,1.1445453635982832,1.094176162320239,16.696638657468604,14.302568895454934,21.141305297288845,17.58983721305958,15.38217827594705,11.895938253960901,2.7737438959390186,2.947820250300527,2.004685755239905,2.2632282239133277,1.8543022638596192,1.8725205236157243
RG,0.011583982009336746,99.11076881910668,98.2975146985575,83.13084004948458,93.32283509660155,85.85377841635216,84.29435036910247,79.46828145024372,81.75259592532751,70.97345440804133,83.6918476989961,73.20898186825978,1.051487211689365,1.157706441203956,1.0581825374894887,0.9683459597095513,0.7899748405647445,0.9542108691323212,14.018999887208224,19.081233834156322,15.52789982325219,12.572099386126062,10.963229454905136,12.413177189894377,2.89343934327341,2.7918110762775346,3.130182679010792,2.261748155055205,2.0891054839720593,1.8608523011299452
RG,0.003431488864985954,97.90626518865587,93.67476533650462,94.15645521830805,93.20238301549152,90.78028932809954,77.85928499847729,77.83706315015263,73.49811917468358,86.37725582920983,68.55988627799897,66.06381046114132,1.0438357127188762,1.1160642243138532,1.0561280014739283,1.1862755008235915,1.3341832486119554,1.0950406465052271,20.509519858592398,19.165730101990544,15.156644828861943,14.888773076588368,14.578101861942553,13.398286076312107,2.8836912272411,2.5653746729202602,2.5562791458990173,2.55496391040653,1.4726961771355664,1.8665240335021065
RG,0.0053966221113836066,93.96055905580774,93.11543189480226,90.26884403104924,87.286259376793,80.6664770543374,79.3941549373121,73.36622935335302,72.57527520695432,71.31087515282711,72.12667873536486,64.77070709886873,1.0383379654809914,0.9758342974867934,1.0705885659174061,0.9399486218589237,0.5202869813095761,0.8415312444623454,17.24392349114506,13.872274810003203,16.82325098035748,15.421317389092733,16.455079574319665,11.271783988279424,3.0881919906533386,2.7376399012817823,2.616280603414158,2.366507217395633,1.90962482421674,1.8703185550753658
RG,0.0019386292499954632,98.40557568587765,94.12902575316244,83.8867636129012,84.69333191052182,84.38258152880412,72.92447988850253,76.42056512280391,75.12220824381988,63.71701754947528,72.09777064520145,72.97836044920564,1.170732799127575,1.1035175723351947,1.128304408417673,0.9712043573869308,1.0725027691011262,1.3743889584511468,19.566417247915243,18.45687830893577,15.799527787403314,13.690791841459067,11.53121716823318,12.984058860703618,3.0636794896980586,2.6183514283050067,3.059823874072787,2.2750741645915933,2.1436046265130235,1.848782892280489
RG,0.009098756898641942,96.67367182698209,93.9246372063604,80.0104058006344,92.12518328921084,87.3766094672492,81.15797872417988,82.89538901520322,75.56277906503477,64.68767926560191,85.71443580465686,69.40318077080236,1.0760271973795035,1.1263477936639161,1.0923465844520759,0.9369955561041213,0.9377176345850216,1.1313448852372205,18.58969667692284,17.33166697527736,14.977787993240323,11.640877807572291,8.612431550586287,17.07162933161036,3.4190388406422065,2.803077637494611,2.0131754411150413,1.883617381262928,2.3050859271947064,1.8667235344114934
RG,0.0052479418188785786,97.63673689564588,94.70422313540564,80.23135610486472,88.99826333917689,91.93533692314533,79.07555266562369,78.84374374949522,71.95520151735113,64.19658047679458,67.75772677641692,79.94960583229599,1.0981128890245555,0.9062844479444314,0.9509128480027034,1.0211676533435259,1.0345674756503662,0.9510986506509203,19.277822890598742,18.970365504064453,19.11190335958956,15.208668225010443,13.066188054916989,13.696583543294171,2.4427879540072768,2.6232811821853277,2.4935281489898227,1.7616584340308235,1.6002808667938502,1.8513050599368082
RG,0.01164192007768595,96.76328634492674,96.61579384648536,80.77646386819926,87.57502398457987,92.73672298252743,80.36971767072029,80.3849981788364,74.74276141719866,64.9264435020057,66.99106300857264,79.20189052142229,1.0874224539006179,0.8887058897345733,1.03088861879795,0.8808492670057877,0.9124850303798964,1.0646918391757296,19.262344773559487,13.903758076261404,12.475474206179136,11.175022700973528,14.105891718119157,12.386083097510687,2.3335493629173616,2.5456508636008373,2.753752400205044,2.517724689929718,2.3482891630479354,1.8574658870107315
RG,0.0005534021087181313,98.48471882380733,92.73190338659622,92.74806994516749,95.6150784903966,96.89141001164711,70.99608414880151,79.65579373085855,72.16289948500912,68.49267527814064,78.73843417928057,81.0223980850223,0.9802939050108415,1.2265792271360545,0.9474619139041013,1.0289886699414985,0.8288307538485642,1.203328419976314,19.69224788596047,16.051350438645546,13.521891520559775,15.853808684856595,14.437189762496441,14.607594669014613,3.0956551770366563,2.4012828079661332,2.225626835596305,2.408234263159288,1.6284971242254669,1.8628786621145854
RG,0.003695685101804329,94.34696973511082,96.86285816361905,91.62660885977088,90.54498313280382,99.79702434289831,80.57105138837889,72.77831833775414,77.46226847389327,81.07772913232688,72.9604615058229,81.02558491702331,0.9446878631013046,0.9877069943852758,1.1239844795270502,0.9782192071469282,1.2038341365074146,1.0726112117668785,16.75588453547795,18.059158478102084,13.376499249817883,13.119232567254773,16.727128707889065,9.534792396029047,2.625546101576556,2.2633658936516285,2.443077549839616,1.964058977705678,2.1896733039561167,1.8759504803195899
RG,0.004214572239688848,94.82848080432056,90.27651259917748,94.33742540048891,95.4432246999906,94.55449989128013,77.18518273177196,77.45911243450401,71.29989864363056,74.45415054099193,73.61507630897205,78.7731851370047,1.1101700749084757,1.0683798863276452,1.2741071543598754,1.010994935088367,0.8524310533832127,0.8623744325697182,18.25641036602171,16.52971930313853,18.073062167713374,15.19530297641974,10.403724946409593,15.593882647262992,2.083220513938201,2.930585280540343,2.395434985324498,1.6155951695020576,2.853306978212151,1.855071653980998
RG,0.004873716574055039,97.71512369049543,91.76741842605934,82.91725444956174,94.31887162791966,88.81355045684697,75.11827922287608,77.87992363426343,70.9873266204487,76.73636552601701,77.56871288461464,73.70509228929492,1.188317794548009,1.1691577134393842,1.078977713923728,1.0464706520191904,0.9825599675872833,1.3091062421191737,22.558722003214346,20.236500382318443,14.620085404138639,13.645810984201145,10.681352856042531,13.049009016400767,2.5773659681403642,3.0998244203516716,2.603106184336687,1.7707231016917384,2.1021093266565845,1.848763486152603
RG,0.0022116025754112772,89.6681999464783,91.15458698428839,91.54905311841162,86.61291669501092,96.74005230911003,73.5886045372702,71.2152341694553,72.33232521522501,80.84365658282579,68.88531058267176,80.66230273093743,1.1506564211877628,0.9698860572908287,1.0663826767412905,0.8266523459616341,1.2433276955985806,1.1611681368125648,14.784216608791278,14.413655809917982,18.394658385472518,12.731059041526446,13.810404014426924,15.21649088314324,2.817271948196398,2.766121145942476,2.039819905262842,2.004902520725809,2.0010506153389667,1.8557183870363163
RG,0.01696270418239023,95.2999682485717,96.33504378028744,86.66640640597818,92.25978049211797,82.91609346296927,82.97827486824161,75.47164294173746,76.88728002475727,76.72236465065053,69.6055593213452,66.46788317587463,1.0236890245602681,1.0333071057993413,1.2968235830882462,1.1723388258707064,1.2722785669714474,1.0700441929164186,23.97677519042868,14.842386053321807,19.30830935270499,13.513911422697507,11.828106216775428,12.073692780320393,2.595753465101668,3.153645361032231,2.4388009868183067,2.154019077837245,2.1619485039035466,1.869119651302267
RG,0.004836282174847046,99.03046253032201,95.89572522067138,85.74591385504033,97.4958573400225,84.4307429761879,75.01438441037487,84.55501402299154,73.58800997919658,67.15313219141652,81.66936874706568,73.88459135761461,0.9831115020449832,0.9616229921087086,1.1204477007963751,0.9550798187380374,0.6011017240930295,1.4003983014425323,8.932717146506727,11.428333950794269,15.403961641633085,11.405145205731374,9.409996696900217,14.645251480416642,2.809203722857292,2.4139429833433743,2.3046415389343426,2.1641135938671168,2.0483487637867483,1.8594365933309513
RG,0.011475864641043838,98.22077493454604,91.46399254392406,84.3397536354602,81.82825375826191,83.06670870267916,81.69215185072832,82.43534642761212,70.08738691240856,70.25377020912602,62.29219937482407,70.88876001315789,1.0729029788056552,1.2133018795768766,1.2113199274257191,0.8403192697184968,1.2122786288349736,1.030413535401689,19.806295961817906,18.74778801634865,14.25326072800727,15.71553326344265,17.975372367845708,14.794733569039698,2.92390504860576,2.782108596398716,2.0838982526416645,2.371870884260597,1.5920884921225527,1.8479202099884724
RG,0.004170717991731151,97.74823767762109,96.13033276719132,94.8506847272218,89.00314943873914,89.89392265030406,73.34767213760121,77.53234349424847,77.73742940011677,71.54845477399003,71.93760103850204,70.1840392071468,1.0688865372922722,0.9297000322807468,1.0744867862379814,1.1210893853964872,1.0152421353462244,1.1678948172877996,15.56460999726176,17.268140468920524,18.265453417849276,17.368075913538963,10.220172916341994,11.504103053526341,2.6933038452256217,2.4757324156853655,2.732810350249898,1.6529733990884874,1.3585401283264371,1.862617870110711
RG,0.014184980045294334,97.30914097357224,96.25169421383997,80.9372352881408,96.2013607693472,80.84308389836016,85.77808639977839,76.0134290475349,79.91794532850292,56.59193414002462,76.86195392336249,64.50717202337941,1.2822331488668999,1.0684443185247359,1.1192013889801213,1.10502586724886,1.2187104121489207,0.8734603535300677,17.294589116586906,14.96822535066874,16.454045149520326,17.53579674418861,13.137151808479377,12.779907948201252,2.6245431759517577,2.372119479201386,2.0291366878937356,2.026964794039547,2.772444504832145,1.8573691715734824
RG,0.019434229996088674,98.03035361158254,95.81557482254344,87.52584461436652,81.51309169409701,92.13898007649294,87.52815835852675,79.73599017857796,78.60477179353926,75.45098277155006,61.3072808789203,80.38876570834488,1.0858440687163131,1.1369038672888847,1.103281756776843,1.1537825118997185,1.6908201411055557,1.236832244204086,18.520154671038398,22.086979174532313,13.47125305550135,16.312276922686905,16.29730590196882,13.979093244953532,2.6939488016272097,2.519658253464085,2.7045644792972534,1.9128065876231477,1.971004429246351,1.845499103033675
RG,0.011485776298069008,99.28229916171618,98.78027264642219,98.76246332544797,89.95446509157219,88.76859774831767,82.0785940049381,77.7255519049213,79.23566371593805,80.50747553621156,67.77859844265159,67.62868488878453,1.095201828120225,1.1024189749580198,0.8979855783966625,1.0134194390851572,0.9389118885027149,1.0359507352254738,14.913561075195956,18.271005032054344,19.099698335967958,13.43197711599741,16.91214115272839,13.705886533569714,2.8995693639711235,2.9386775604764375,2.81995040841445,1.9398328796159294,2.2233218300708857,1.8704145079968315
RG,0.003126543523054633,98.65482814346173,94.39818032740916,90.33094114433246,91.35738732826918,80.40720278055522,74.07922200103367,81.88269962782691,73.90807993594991,69.48775292226858,68.73167923986914,65.24765696363161,1.0659761705327733,1.0053490838189858,0.9651136460841018,1.1568426400055094,0.7468768296420446,1.058944693989107,19.392632344339276,17.17146840166617,16.299101985281116,12.56987419573562,8.889759275243645,16.350903166953636,2.5022949686429876,1.9770149815276354,2.4157425381863478,2.202193429061783,2.6371967504371137,1.8534970716251489
RG,0.007528481707627352,90.1986285169411,91.841950785771,89.66403769564347,87.00922942312894,89.63380722766505,80.70766306725521,71.21404604405454,71.9997032724182,80.05092277667397,70.9297766081604,76.27840487754294,1.1090938529813725,1.0823853472446807,1.043373685118566,0.906702265008976,0.9923855777918076,1.2891956354974674,20.867322928068113,11.831589426503387,17.810338208365952,13.112224359111968,11.647112471998176,13.116617586539272,3.053097074624272,2.9009402870661876,2.3836686156709943,2.1334452149309597,2.1798320342265884,1.8472465956634578
RG,0.0031750115118170884,94.50867167227958,93.16594688647325,83.75200851196345,90.65931195185762,86.37678193936019,80.55002236995531,76.20602355729717,74.03728452479734,70.18252167909328,78.21677486888585,69.77494489327086,1.0785913391460282,1.1120906137636586,1.1167783830467921,1.2031141038979207,1.184394957845207,1.1422665969431862,14.118943478316325,14.768984807073103,12.215457248894431,13.017800415896637,17.847075251638508,13.319253834644174,2.788318754992936,2.4533305506950973,2.2376776703885772,1.6144353553571036,1.8898077014081482,1.8561974916076434
RG,0.005951499074087613,99.81008580164689,95.3151619550216,96.92643347036828,91.01430750286194,78.316354990023,74.05772946803832,81.93806592015927,73.86646532736408,73.68924255138542,77.01594768590321,60.31688352308715,1.1941489243173955,1.150896228403269,1.0076052726388867,0.8311460460916035,0.8035448712129714,1.2936960499452754,16.959664085542713,17.22863921744173,11.867040186061438,13.596573830153856,15.884740779740282,16.813614430146043,2.3518846938258737,2.305837039034552,2.3985732627019107,2.5843870696078115,2.4940588241150627,1.858117284064213
RG,0.008842110015033851,96.97333697746429,90.47369586598717,89.51342776178815,87.49757252556918,85.88333983573196,80.72956835777082,75.3298062608585,73.07410702137042,73.67893845950546,83.18050512484021,70.23084853203729,1.0214375308572785,1.1913785305992184,1.1633015122356076,1.1088672937596007,0.8812523426615466,0.7430490291924656,16.97329261198545,17.32223819462638,20.58809427420653,13.631100060377927,11.052953842724616,15.859047204913784,2.9363674732999296,2.6060074863607543,2.224432386184413,2.1009205917053206,2.1071301197908445,1.8603046107689754
RG,0.01041861509319581,99.70144001504433,89.18259207585557,95.90395961204564,87.99301911937098,91.62282667879,80.1052090846657,80.444183342921,70.20733097199653,81.24176362370368,70.52079802263098,81.96198368866717,1.2933503780402609,1.0724831592174235,0.8246022563161015,0.9961579865832818,0.8080038502483682,1.0424841441243196,17.672735724207975,19.668577887607462,18.422614465502594,15.524324838310092,13.965733074999342,15.930075003708549,3.2157690031399833,3.098587804733214,2.525556504563431,2.027454862043858,2.357530597733853,1.8711218157538787
RG,0.018800600528694283,94.98036552040878,98.21244433876394,87.53088465452588,83.31359060608294,83.93288528360272,83.75384473993921,74.89343542186387,77.54778234283444,78.29846978687006,68.33544095321233,70.50994425744318,1.0464066825222167,1.004779978228635,1.1521033705859542,1.0265274518637675,0.9594009331288256,0.7933513413191683,15.32546001737914,18.798265189436247,18.048355537292615,11.883029638488848,15.83307322168152,15.640325370070615,2.545672803850935,3.0611649928914506,2.481951199541095,1.558787210727028,2.095764793072536,1.8661582995927304
RG,0.008201359114154462,96.3702708203362,98.98087138802728,83.09431924709669,89.44292835145015,90.15821975000868,78.43866038469864,78.4133357700516,79.70987808069683,53.007173469772624,77.19368515369626,79.9022265959227,1.1746235093377884,1.1504418039521251,1.10575077393541,1.0588101205402185,0.9430087843979339,1.0978775676850108,10.32121137803399,14.617125670611975,15.10669392530476,11.34510560646202,14.051035508153191,11.154503072293465,3.3564398493332237,2.6893689358227664,2.809037635172193,2.150078049008673,2.081665426722785,1.8582486399368596
RG,0.0010537501729088765,98.8012981017294,93.45448969293889,74.7334909903484,94.92720047828774,93.0050416123337,70.04498824983114,80.25103125325427,75.94830602157,61.44299651825553,76.39608919369446,76.38580354372907,1.1351434401205196,1.0065480399084066,1.096303988172859,1.0033628271618513,1.0986105722416024,0.7556606224740021,23.59887358749772,16.893471558695133,14.838395716886199,16.960470292017558,13.49849739991247,13.225434871153187,2.6166356669570887,2.6312689725399063,2.336504463377273,1.55925430638877,2.207476496904418,1.8498373635615497
RG,0.01358622784519067,97.23853369008019,87.74527177741182,96.71663130037763,84.60408773794374,93.5676753662616,81.59441929410302,76.50161345322672,72.54156865557918,82.84655770200692,68.26781113549126,77.33232065199653,1.1031099124217578,1.0395837915695232,1.0636495851572385,1.201361341913463,0.8553018571652367,0.8216510062985131,16.04720244383578,15.64648346664671,16.180336365700935,14.990006803069654,11.160479137354084,10.777612151484849,2.9126028292353436,2.3589913260203055,2.5008681884254305,1.5271012080983861,2.1642509430572994,1.841806679091094
RG,0.01206474069954585,96.7882058439059,89.449188921741,92.42501030227916,78.06188380592785,83.28986737869329,78.70642478214192,77.82942757159134,71.04921737457674,75.72265517029054,66.16934403587064,64.60244382293415,1.0122881703793314,1.2578656728005515,1.162807006389963,1.0092883551290908,0.9988417420607874,1.0797651599878353,17.627182918143426,16.97227293565086,13.757733063854822,14.30581376006604,12.858683269671065,10.864121412290533,2.5278607335603414,2.8758588708332256,2.7146912308484947,2.162869767280354,2.4896336511054824,1.8692209782524487
RG,0.017619978180242492,91.66365868329328,91.37759969055963,90.1917167788581,86.71940479638742,87.3577625257808,81.6460178035501,70.98038110468264,73.45843667335069,73.88235504901118,71.43856831663626,76.30731461659396,1.2390473262455912,1.1329816187747508,1.1926763302413517,1.0004890950822092,0.7724618558165134,1.1429691354556266,21.26151883262999,11.966695433154602,13.426620328193742,11.783326606217052,15.154175997680591,14.477240524091114,2.439838230860221,2.691354694500479,3.1782534053235114,1.894702360691175,1.7272327042316626,1.8652064839412426
RG,0.009296148247601596,95.62216378148112,92.86461195425079,80.88503819479878,77.36002023640982,80.8853711437025,80.34741130412036,73.9564893987174,74.72861015675103,59.85898110003183,64.48363862954272,62.600321479878076,1.120583755220722,1.014510301505263,1.043950387940269,0.9183445260733386,0.7891243979429233,1.2580411527867945,19.179855680307675,19.33131320776288,14.143253304709992,12.428001526211958,11.560873847835689,8.782227798892713,2.5866324475358065,2.820583299206369,2.220974601201351,1.5562556268941656,2.2180814050900612,1.8590280787452462
RG,0.008284313250545568,97.32270506823215,96.03457783825122,86.31444468964769,76.96055505426253,86.21641712469865,78.5708140844546,81.06646332063794,76.71698921954415,67.9600588497656,67.7551841887358,75.13355198588972,1.0035779983700202,1.280095147460076,0.9380300524392962,1.1742793061672452,0.9389081637919106,0.7394730989383227,20.063830404157788,20.428036256847417,19.364765772746246,13.465043798304254,13.461557353057305,13.989597805585435,3.5747282676026453,2.100901890424382,2.278266655811988,2.5033119262418753,2.2149899149586965,1.867861167745523
RG,0.008662609456968366,87.51209084014775,93.45951391852927,84.78064308716147,78.66377321993458,88.82760330712374,78.89413200460487,75.68571802182335,75.00276146631928,61.92474962715955,64.85275890782577,71.07221553284876,1.022726312804776,1.0662691846295822,0.9066947950224677,0.8963042278310372,0.8821935008012926,0.8132921422820414,21.972781273292433,17.58678528993054,18.883602689509768,10.222480802211962,10.894065256313418,15.269381469003884,2.689707736771695,2.4963598883674623,2.5912498590173203,2.4636921994539946,2.464942442413378,1.861903169759748
RG,0.004013175594118987,97.70336436633303,98.3382105032201,96.46026992986616,88.19669492327948,91.72661600472527,72.10947823489049,76.86236880413344,79.58302682081072,85.36172308543352,70.22863346497877,76.83385714816798,1.1218689032867795,1.086699757354869,0.9616079310106367,1.1024677116688952,1.2217014327368498,0.962541682333458,12.128065778041073,15.710968749323268,13.274790131645439,12.646954315595492,15.074576335395431,12.732412298043084,3.652247674946274,3.098341868908743,2.6290037072389105,1.6565019001177084,1.7602702210947816,1.8555824332125612
RG,0.005787467802463448,98.21078492656613,95.93614627155812,94.29187026214443,89.3011609685616,89.40918570383649,75.79921914800023,82.22930471689901,76.50315931170435,79.01905864415069,72.01725905518762,71.093191815857,1.2286555656278273,1.1893610580465779,1.0231898894598868,0.9290398789817309,0.8820006936610825,0.7802969957944563,15.200375056288374,17.06774045154447,15.410972637904976,17.416905449883757,16.601234507300376,9.992584040903758,2.4103503267141835,2.485705770069784,2.677025758169115,2.2203630374387187,1.6754767889097328,1.8619611318474059
RG,0.01902697481862015,96.82696215007564,90.4892667594398,70.35518346758055,88.9734202178109,96.19770673173758,81.92620193205943,78.49487400186342,74.51359218069699,52.532288631888505,73.43621644012958,77.33493169050422,1.0412576985880975,1.2910778391084599,1.0538286840529143,1.02140248677551,0.47001120811115127,1.2066224521856284,22.11515411739108,20.403812878404484,17.264829107650346,14.477059308130427,10.6911280075014,15.073354108167504,1.8692195887819754,2.6310230724861565,2.2291932048541625,1.9324914828288142,2.337015362948337,1.8593276341354472
RG,0.00015355319107520507,97.37607606429651,93.52031383595329,96.57776232294216,87.45413791062269,85.99901325507197,65.05183603882458,79.6665296228341,70.62970950014285,86.27420250667141,72.480722308054,68.79307449020602,1.013745849887206,1.0800918966813273,1.2104899241370948,0.8813612306687238,1.1009972460508914,1.029282337406188,17.75570445735739,15.530567254578862,19.38019939744995,15.42384255861153,14.775024498826728,12.057894808860423,2.4670308054189243,2.9529678454655164,2.029187347393549,2.4362232655101566,1.6513629520782902,1.8723951604569449
RG,0.018498102408187455,99.55958594640694,95.84568921771255,99.47026807642226,89.64435225139341,88.34792370193915,86.4927613797669,85.15688283152889,73.60229304704566,82.44854182980357,73.66423146677154,70.38732768730185,0.9391983730590117,1.1066241167177422,1.1113658593851503,1.2621855254274945,1.3987350013987188,1.0484894459715013,21.00453155774541,17.483876929152597,15.72782194276219,15.824003565523876,10.921646240589977,10.75225212106509,2.3759197382517807,2.746063739900667,2.1826761366911844,2.1600349434595105,1.9725825408082154,1.8701310278323933
RG,0.00988414572150664,94.0417175317907,90.35927524638197,86.2137114173114,93.92900986965483,84.88961850610028,76.63812930556934,74.82230911203754,72.06723947725888,70.42541155112869,74.49815864911625,70.90361018608684,1.0805740698027977,1.1408110941998106,1.0653216579879399,1.0275880375688538,1.2565439312023579,1.0987137321722773,12.177742229479268,17.475805622526707,18.709232355960726,14.193196792629838,17.39360652198938,15.048186389583504,2.3651206101245594,3.182257734594919,2.3877991222001844,2.7872466255182937,2.1499205413724414,1.8535163155629937
RG,0.0020959229813012786,93.17163743237032,93.85627975345471,86.98760338310744,86.22740910276362,92.9165253839756,79.03264898408052,75.73896455024689,75.53381696637582,81.26771343754345,75.81849027382545,72.82584309967892,1.0818508426617353,1.0103003134458735,1.0511647531052382,0.9250889540563232,1.4838807680762927,0.7358273336756792,15.334398367472502,12.521087906296014,19.27828136086636,10.36327040761525,14.549324389088598,13.938962084158897,3.0873640776712783,2.775035128233266,2.217651511206905,2.327561240494455,2.15765083753611,1.86531183200797
RG,0.01853475559301259,97.95950320815292,94.806647609722,96.91014120995601,87.00263833952162,95.39477862765365,84.5928271229177,74.9809432259224,74.99178821882208,80.89447135283507,74.04850114557149,70.07361674100616,1.0424376713199237,1.071624975671895,1.1018772485888317,0.9243835243918892,1.3035755631551738,0.8964875170058875,14.689383557636775,16.707923376301874,17.63957003512949,14.291968712509828,18.03693424002496,10.305678398239587,2.8420868001834156,3.0848687816173417,2.270576287793416,1.8171382248051007,1.4297576934898557,1.8635782565039873
RG,0.009239065432569589,88.1490403875675,97.31962637166255,96.36277205452105,84.00747837080993,79.65492536387461,82.53255555938095,69.52791987917695,78.16373775741184,70.42711697495653,63.65315310712638,63.46130396691444,1.1944044839660937,1.0661420078615331,1.197719982233793,0.8979380347968996,1.1165623963394684,1.2066653284977937,17.32563619503274,14.065937320217747,17.410525753815598,13.727166707912014,11.903184702366543,13.526219644805506,2.4216080013965415,2.9898522953738143,2.0367635524692376,1.9137824710915197,2.5284403129388657,1.8569994017741318
RG,0.0028667783385207908,98.13418000439637,96.48254367609083,80.21067046090513,99.98463471666871,76.43112215246198,75.58869059903347,78.88930214763066,74.68211700295362,60.75159621938684,88.89965473910132,59.92455017289115,1.0264741545236131,0.977216912951219,1.1421427262493085,1.0598272311675823,1.3455195815588918,1.1743374161036755,20.79395357024592,16.047817912419095,16.64906755619173,14.443230763761166,16.341313429569272,16.765907889558306,3.078495231645578,3.0309736740267725,2.1354018120302816,1.9582386020664855,1.9238203104115703,1.849193467749851
RG,0.01344928376659868,95.85154050005286,98.91033056555379,80.25851413290967,85.53514424931775,85.93642996569668,79.38734046899938,72.84477186690498,78.14969293611378,67.27671150002773,67.4146231081274,68.29278362813237,1.125476404746945,0.8973560926757534,1.0530212988041472,0.9866515050162814,1.1082618554645645,0.8724664972641554,18.228219420783116,12.513477276128592,15.372572752663215,12.980434219246998,16.704210689796586,10.497238639041539,3.19784583464758,3.2397882993436884,1.9398444590926758,1.8180702405826799,2.199282827981485,1.8681597117613884
RG,0.005612926518812999,95.15144035136298,91.71663402473912,72.69705505613342,87.13101615889899,80.20031306778347,79.20741243998165,75.7530654227328,72.95354611147557,64.81639011310237,69.23865833177597,60.921765801077186,1.1235829708576242,1.0391916923218762,1.11527536920634,1.2531708496110656,0.47795341450916695,1.0674498412500473,20.8043689660462,15.467494788743753,10.475101100298916,14.28459860070626,10.8713192145248,12.663990130229635,2.466683708727057,2.6809195705139333,2.479001126921389,1.7372013993218303,2.37978662205665,1.8682973480395642
RG,0.006476952937886149,96.9578561025189,96.11450626188179,88.3671341154568,91.53286888069161,82.57397397863649,80.19574173206516,76.84722660596485,77.542966508538,61.615070001632084,71.5312891163303,64.92157472632864,1.191826561526423,1.2621396386627277,1.0409947550272938,1.2489763961308635,1.1968986593912976,0.7788711668720958,22.17473008167041,19.204330188302134,12.831386428694769,13.700990215095318,12.953646361743441,12.601507714067042,2.475871694358023,2.9373167120016492,2.3280909047358107,2.1403680670455625,1.7875302157220696,1.8861255645782298
RG,0.006420455026826932,97.52636826655487,91.03020973704733,79.19727431061806,90.53336722673103,80.97431631572145,80.04148197401912,79.39209902652227,71.70980659252928,65.27348468408623,71.93776350025402,69.96826224413869,1.2869687912774608,1.0220855898985657,1.1140020244524766,0.9310390169244444,0.9401146904146163,1.0983184127576249,22.404126930936773,18.348859258401344,15.758641599713446,13.987140434878553,14.162201226210724,12.895274130527278,2.9380451707526083,2.6257280362740247,2.588138947977272,2.7006998400449946,2.3021215654760603,1.8583495460714274
RG,0.0022282600963278057,93.69214521586976,94.28146554326213,85.50759298316092,85.91641911434918,91.81918010507214,74.57294962899306,74.53706708814084,76.43420566716047,69.62485406212328,74.02594654819424,75.84076105746145,1.3049166295493957,1.07719467625391,1.1447628331551296,1.1676549712410862,0.9303487773292808,1.1347774202003311,19.88661830403856,12.584941110688566,18.60416702959998,11.471063887936634,10.490358351752851,16.777356221086553,3.03322500183485,3.5737412915678437,2.3347137971514185,2.1531895534673295,2.03726286330193,1.847888765139293
RG,0.001232108375181205,95.9060942346788,92.00023019396222,75.42214065083853,87.03253394435134,91.59238926780992,69.04790861449307,73.4667272499917,71.53454348050438,64.57611945466373,64.51014317975034,76.94996145195012,1.0146310388704558,1.0239537212179286,1.0554525262904244,0.7879225931336153,0.933276042200521,1.2580070805634533,16.9268912256367,18.084769454572957,14.174074106529703,13.498714161161798,14.859135598638431,9.825183274524106,2.261393881957495,2.801642618596543,2.644312668971812,1.8351457239489446,2.0799802168454984,1.8713273665669379
RG,0.0016608071869220107,96.97319389803444,98.14802676663503,88.11688681681555,83.269168771085,84.55986527991173,74.39039615699224,75.64402914129191,78.74198430364319,75.20365140936289,68.1898112993717,70.01620105088702,1.1997390663141811,1.147442489885136,1.0740676083863543,1.1303142717890289,1.1509286983270979,1.0249419158241904,17.66664738785541,16.53654093350158,15.35187597286093,15.339106337016698,14.890274412540455,13.8897834627,2.9108276509492943,3.4863602483416356,2.6043105897541388,1.9235758003552255,1.7961360629721759,1.876146834108391
RG,0.0008815801173727115,93.97564768631639,91.84464146866051,95.65277091521398,76.221021953821,91.88831664273853,70.11516060389455,75.99946736478275,73.3581965233778,83.48960347380954,63.27921265141723,74.09898347821006,1.2015029477594419,1.2487513590666905,0.8555171143577377,0.9278546746650391,1.3583396232739233,0.9038749894179249,25.413332040348486,17.843305834045704,10.795402867202927,14.238416494549364,16.394912419697125,10.816652320619266,2.2682424430932917,2.7944022836137887,3.0690124411488533,2.2245413384453054,1.7765274341027575,1.8618042457782489
RG,0.008633115176832953,88.1118309817519,94.76354809587902,85.7599354574775,92.73713989257297,91.22793359578829,83.62247676732308,73.9637807402799,75.51184054837228,69.56277287708795,75.09117157061397,74.65537425870032,0.9603723395964829,1.0793294496390045,1.1606812262755875,1.0790682477744702,1.0276407429718961,0.9764265422117613,20.871246189282793,18.717511947366006,16.08107525432551,16.689486550215054,16.163194369356404,14.302795136140407,2.524473477406275,2.204540725574728,2.7459539883918795,1.869395788332071,1.905327254913069,1.881472472709265
RG,0.006070200486390026,94.8410456757293,94.78609421973523,89.14253188092822,94.51697606429993,85.95382353017307,79.89244068768188,73.62244772969004,76.17006126405464,69.27457553147248,76.25370439494732,77.34235631428207,1.1940079071247442,1.1511280491182263,1.0419416629515883,1.1077835538960321,1.0701465530419114,1.0258979504194952,16.673847094719335,15.67051821078692,22.06637935284315,15.783430020815477,12.346813190700413,14.919335949775432,3.1372549401146625,2.7500098467931244,2.1066929598115447,2.134265976630253,2.0187565312932487,1.8669655753685646
RG,0.01576977058035074,98.65204544300096,97.98602734836658,96.4244473121123,99.79003205689105,81.57096360749554,82.72551467417114,79.84321688315552,79.57480294287134,78.27884736599265,87.293072929472,67.11520935160777,1.0199728666311856,1.073779427122916,1.0513142621527873,0.9774158303065954,1.4260262554627667,0.9783778087476365,22.052618692540705,15.59273869416183,12.937385323892407,10.179016840266874,14.481000145599296,9.226608573424329,2.9167450457853064,2.4968063051091645,2.1265149006389636,2.631755413659399,1.7981736333948133,1.8652495461789647
RG,0.015189576112986188,97.60978484944121,91.0834197634181,89.61729442925107,95.04019906447527,90.82562347122185,78.33929397637756,78.31703130674796,72.99653148211897,75.06211766897351,77.7400117393537,75.17537624933136,1.1174818681307594,1.1525882457866574,1.2151586257008897,0.9469759345408232,0.9169299417117043,1.1206520191259133,13.700824220300277,17.087803327781398,17.646222919438443,16.78300506979595,15.025857307516697,15.906812018937254,2.5093257210844815,2.8833794283945906,2.3011543521139597,1.7944311394887924,2.0271230211236957,1.8589974094480548
RG,0.013846160380064894,98.71443311109796,92.63264422294586,74.58803995384352,84.37066758888112,86.25708270303224,82.66144802675569,81.00083523820106,72.96539186609056,62.23918416635688,71.39333215476613,67.61680724120005,1.0377374585048564,1.2989414353378677,1.072545977837479,0.9781388248345764,0.6954262665953077,1.014448926007452,13.675486752031356,17.5690211221896,11.673280827507565,13.939733359447775,15.027954650615468,11.339797616516705,2.945203056113848,2.1230612419642756,2.508313234242146,2.204340880994015,1.5865661701303466,1.8672737955642467
RG,0.010755697680107352,96.42750395289566,88.88669331973118,84.4302963443155,96.42356645775833,80.3824574185487,80.71922290345626,78.01711575460176,73.23528394093873,71.95017761875438,75.81656993943405,66.04590375883188,0.9882538173730948,1.185094445824308,1.15309180912766,0.9849615314881698,0.9274877673511173,1.0028281599532747,18.70708679775062,17.581063556449763,18.02075169384263,15.993194843905469,14.630728482368061,15.94306732708747,2.5448640497924067,2.292637448941996,2.664480221790395,1.9007294051125243,1.861864930757779,1.8550257616607595
RG,0.007200707519126304,90.01894929744995,91.82788297302513,98.60563075680494,94.22550974882844,86.25029729075474,77.42407300595883,72.65682707158467,74.57782929759958,81.9304097325033,79.20734617259666,67.3475257038042,1.157211163028902,1.0977776388115161,1.1039104610099904,1.0716128794614237,0.5724680503122439,0.638794993721397,21.628193213537852,13.569982604262204,15.895727263503085,17.258005950729462,10.295501536208823,7.867958677721595,2.8010693213459485,2.9536275884189607,2.4150271960278604,1.99519900064947,2.0416764025500047,1.8616638048254661
RG,0.003174544478909086,90.37883864609648,96.20932578000973,88.12586818311294,96.91275510792224,99.10123779274306,76.63133181511341,70.68246184357677,77.46895921166629,77.9895317699695,80.91715901241545,81.33647822801758,1.07976462539956,0.9748538897305664,0.9524987932197159,0.9590266172951615,1.2432685276715716,1.0471194438291431,19.298947666308038,15.599714661762969,18.82910378439018,13.36837742310134,16.113230454126693,8.542237997291146,1.8504033433292912,3.387739024184049,2.12354649402323,1.8178544799985081,1.450495361957366,1.8598757874382559
RG,0.001877019751072278,99.31858427911375,93.58036093870994,77.99036414778546,90.37331353480228,91.33299215553387,70.81876712700216,78.91149174770163,74.33118935101838,69.54149998652926,77.02341423122017,77.84560548919526,1.2097663875764122,1.0435335827193937,1.1289128000105273,0.9776410414636149,0.8874768902545138,1.0559707730583132,18.965681892755747,17.521486783723468,20.5471587592114,13.050955395390282,17.062252652427237,12.764175509181644,2.722401291025279,2.1759820509587224,2.0235008688662965,2.15917233458804,1.8556808405466707,1.848636430614415
RG,0.006422884798486438,99.07811164203031,96.4389271933232,76.62055172275365,89.11065963172555,84.29914773102699,71.86259362643814,79.27383041553468,76.20964538736449,55.708378676300626,68.99291747399634,71.381841069275,1.0782550529346182,1.2055621376938437,1.0083930315729828,0.9811964703910927,1.196924160499444,1.1800850714404567,18.789734032961263,12.263933828845623,16.85061410367788,12.971982784578785,9.357027866724104,13.23186093352948,2.5040914335467432,3.2307619812011583,1.8599622781549412,1.7280157270190324,2.0108501221048187,1.8493458870554929
RG,0.013321620855097069,99.96988575167168,99.10177060754006,77.14030949418769,92.62457047967061,91.99674362457868,80.47365065436709,84.76401973027751,77.79681811976766,61.08565756521131,74.80205326465897,77.51050197340165,1.0675481049743747,1.0435681299739585,1.1334273059780176,1.0408945798235743,1.002587388571797,1.0618646719780145,17.184054253187465,16.678274332485596,17.70228418787097,14.51133338763616,13.05574243895495,12.344170535705594,3.107037601369747,2.9483472369166064,2.4067998484360356,2.1778367511595285,1.6493763387586189,1.8545103444587998
RG,0.007985251842117505,93.78071397012256,94.2211903702194,97.79355789608066,90.29397021461392,87.66272236608818,77.74760849350909,76.86020670319945,76.443997576566,73.6044943612656,71.7667940542187,81.78414873091488,1.0528543032214908,1.032311187139676,1.1599167508827173,0.8856521343486562,0.8079095387000511,0.9597571894017296,13.741517644212827,17.449125837987456,19.978369758533155,10.876698163619,16.06625525111708,13.109219144046095,2.844035122552769,2.5672947608539527,2.3087621671568597,2.711953344489337,1.6231268821427665,1.8611768525398917
RG,0.009850548554244437,94.72006570130141,94.15169343646511,93.03062310326527,87.25259867171793,81.42920844519149,80.02579142234404,78.30713273016899,75.05519241253462,74.44823264809312,65.00666867870095,69.62482040451263,1.1962660455442125,0.9785399933542509,0.9423764986498572,1.133717629734945,1.0721965089899095,0.8982115364473027,21.285605768431274,17.231537812034418,16.749421586899665,16.159381751167807,17.13216753792106,14.017159383532713,2.523108247249338,2.7968771249688182,2.0156249283916194,2.207885655852932,2.351597045677698,1.8640458015246126
RG,0.009552766940788838,94.44355426785191,89.28624530709243,98.61137544857678,95.29383597812314,88.57541630831166,76.14676444778206,75.34814225504847,71.90083266112963,84.41023476045245,79.97824312137163,73.06861074083359,1.2355781357763276,1.0959786825834419,1.1777136720168437,1.1079743097762464,1.0702596300007472,0.8667496623067765,22.012107236948438,16.478229906071373,15.103400488747539,15.109582808149337,14.826641362924978,14.225965765145975,2.0679649003598235,3.24373088272121,2.707532870471594,2.0588199406989642,1.8451939961569037,1.857432632323493
RG,0.0063648492072265915,98.16655792155915,96.11746206674904,78.5585015049005,79.51022045748348,84.94553708123843,83.24751184502041,80.82425160270068,74.83464944110608,64.00955319400595,66.11497414279492,61.25589134511209,1.1513599652007658,1.0123820340775225,0.9765875588698736,1.241937078036634,1.024135368838572,0.7002580631482436,15.988827941977604,22.30225983043034,14.061640409212426,14.194099076159814,12.532361073330632,15.364847178862334,2.5968688214261744,2.203307545511895,2.154427511047775,2.361492772997103,2.156917412895447,1.8619295571071497
RG,0.002564013529582215,97.37281201932905,93.42498193464647,85.8621722080859,78.6380940404359,88.91428116797911,76.6952198811995,82.30970630871124,72.51199052934267,75.4386022848636,60.487107135451126,72.3472558663498,1.1430692418362087,1.1064933998556392,1.0310393413346346,1.0430887545839533,1.1173736624766117,0.7998706073430275,19.607742386211694,14.600554807696966,15.594205841310627,11.80226501149693,14.879197249138432,20.52449895975967,2.682053878371057,3.2861059476632946,2.3238592364573845,1.891956164698583,1.87652058145471,1.8478406091613522
RG,0.004032343412304631,93.75745674041015,93.5880564221939,87.03397774055463,77.82996116019112,91.33720964701497,76.27383603752232,75.29924130883319,74.5797750448564,77.81398408579591,64.60441069745985,74.9388298847584,1.0964492049423902,1.3010030277209428,1.085007820948828,1.062146178436507,1.2301430566191047,0.9630804117889583,18.17979545610262,15.470913309616193,18.717625809157443,14.619652806836712,13.431107862346355,13.633175597295244,2.549232940413205,2.735399293321481,2.38088277564584,2.0979549186427415,2.1449144605325885,1.8496577779971783
RG,0.01679376047647296,90.50462530014919,97.23162627239336,87.275339392859,89.9133276027475,85.20684806249578,82.74140714853301,70.07564971046838,77.25806654574076,63.23417186615742,75.26527531541265,70.50294912273554,1.1525748938314642,0.9038828363276159,0.9658434674280255,1.0886593477177902,1.0871258919460076,1.1631881878981427,18.191010267610352,18.500801525779274,17.081929981142245,15.492151706168372,12.535289863095706,11.512739521367255,2.9229358989323453,2.7392391988550675,2.6631151461785114,1.9336555483541638,1.8939986411708294,1.8597331191729907
RG,0.009482013253921066,97.49083753777488,93.07355091025292,81.14060673605707,86.82197511327267,87.35348929112239,78.21986103245,78.01497573108566,74.10796652126801,61.17621859515926,69.55833081669618,65.90168779486571,1.0045568856431784,0.989983364539084,1.0358532153772269,0.8728569232146526,1.1507027217991055,1.0785682784708537,17.947411751663005,15.92967470104515,18.901686785229135,11.235794059401604,13.475146056834838,9.795420511724654,3.3135970207414553,3.002705361458406,1.8935842683600148,2.306416303536135,1.9541533758198688,1.8870334311744348
RG,0.0048961068005705976,94.80166233939987,93.95319091242365,86.72703299375029,87.32905682862523,91.45665956388706,76.37478133206976,76.61006752868177,77.94501936493668,72.91193730169921,69.6191564878884,75.62666701416207,1.1308404212366734,1.0421260326438453,1.088773306128937,1.0232829426149839,1.4797816589525459,0.9395153966613513,17.906327866673333,17.715953560196233,16.034217426109674,12.848211338802287,11.624670264122965,14.187738501156986,2.727469339429251,2.8885547356923884,2.475197853199585,2.8468378050729157,2.0447288735907136,1.8570399982633201
RG,0.01898688099708098,94.88708079072771,92.67568729007394,85.058102565032,92.40866947446787,89.51650834285503,84.04902845703809,77.10127142493884,70.23944711230315,72.38278717609417,74.13219019198107,67.20174560075469,1.008244587230756,1.0279096740371023,1.2348675521248695,1.0404623201601644,1.2087037854664895,1.0363663576162276,18.32542771808297,16.58535988037803,17.228686408498934,18.28051816798599,14.343019210788242,14.84823626829012,2.0683401284370424,2.8844260798831836,1.9212658820793411,1.7123048643181222,2.102571013472269,1.8595410545968267
RG,0.01405529991762552,99.76410225252532,95.15857914412416,94.24326631163365,88.46950168061207,94.09802401877027,83.02795464573416,77.6293320525939,76.23109725917597,79.70749108891441,69.3162666078409,79.59905080913265,0.9586730270184722,1.0460950772893005,1.0212183779317014,1.0244783029825997,0.9939668952952077,0.7902505234505008,25.034420743555515,14.984846342771727,17.454462001918213,15.087599274636588,13.639646202673642,14.389610218050775,2.6615772775031,3.142482170713039,2.29694697550016,2.825533960550842,2.1028296450838417,1.8553126439116623
RG,0.005164122082710066,99.04616374839274,96.91197723835876,95.5599108777857,91.41888429320785,89.79414574854687,80.02797725056438,83.31898845534221,77.8748067502939,86.65636587923179,77.29876252302883,72.2952507239776,1.0762141132114347,0.9426956490371607,0.8847152759968915,1.176913888176212,0.964641120862451,0.9701909895680336,17.80417536307752,14.21133476418617,14.231892365046313,13.138571411115226,10.568194290064081,18.40802159188091,2.803236830519623,2.9829733649845815,2.339088266858276,2.8624612300937162,2.0806962102568822,1.8483054343654144
RG,0.0033742602700943744,97.5290070148491,96.781632948883,86.93134234017438,94.52198037105182,89.1198695852043,79.13457447521753,80.69772222215965,77.2684333746976,69.70748757900405,69.95862507057359,66.51289471335085,1.0936483289529793,1.0878669222072361,1.1671603155127899,1.074132773110173,0.8130321336754565,0.9631374167068747,14.832845914317339,17.118914228212653,18.220986306432064,16.968663261743547,11.931940617490305,13.398692057463087,2.6678801575108193,2.8534664119671596,2.56204251560605,1.7512066015485992,2.147118516219179,1.8509696081341476
RG,0.0013825787910275167,92.01677044998831,88.82383201769892,90.1919254911316,81.83597276235605,81.12523934406062,76.9207768637774,75.15150355324677,70.74976492946894,74.67369607572496,69.16428120049947,65.2984468951684,0.8423360535259372,1.2894224311126872,1.0765373749526297,1.2238656590281123,1.1966682642961544,0.7116005611496856,19.17703670062262,17.25767492618179,15.43860492656638,14.837717596661173,14.363097834127348,13.375201227421524,2.2610674397200103,2.891734072178488,2.52927036773646,2.114049189681202,2.490767990948499,1.8661221767020684
RG,0.013379328706369749,95.01267869843953,94.07755476102774,82.82501084490971,89.93426800784,85.58492445422694,79.36985873097598,82.43889736096897,73.99910734813574,64.2765079688998,69.51059564850671,68.96738884175645,1.1550230307405696,1.185548381789159,1.1250856270821625,1.064370611880212,1.1633538206472773,0.7798548387662804,14.402355314416186,16.161239983775566,19.72600445801686,12.847804186786867,16.571848242163135,13.63746380152851,2.8025536009447927,2.630149979608723,2.735463015444319,2.325341384939691,1.9482898581483343,1.8653182947442983
RG,0.0025217424946689664,93.51288619441355,91.65323781540641,93.5854819964677,79.6049466063047,85.76488394717722,78.58218678050285,73.44800930935594,74.6790225434669,75.48798721176072,60.85827073817339,63.776632800099534,1.1486324862154889,1.0925338755837848,1.2125778697150815,1.122673772960484,1.0588013704540984,1.0432469173178027,16.96134479816933,21.215005383386256,18.74098220168125,15.105283851752926,17.43005867960205,11.797713587735082,2.383966285664184,2.2454786726928733,2.2457133660976,2.4712068830683536,1.410671122552,1.8572666774472961
RG,0.0062281454522509555,91.04554581038602,93.72045221963997,90.92965184439618,84.49843411197674,81.80945239343139,80.00923844291597,77.33973376203916,75.85960959403111,84.67648704526644,71.11618329957399,68.01518816774444,1.1629099502236107,0.9322973029634485,1.0781170653235284,1.358287478186798,0.7512982164952908,0.9118160902024804,15.615631128699562,18.83305765151539,13.257423702967507,14.58022482401079,15.123052494912141,13.710800364365909,2.5578832247813152,2.030312471104263,2.404341101209786,1.9385201813451602,1.4810347116287765,1.8435403206356409
RG,0.003327238450233587,93.31396026351833,99.25902994399145,83.01147017844671,92.12272243912396,87.46199802660492,77.21173526078887,72.21747296620471,80.50438929888581,71.18255390284976,78.62660986889321,68.3476118968016,1.178833949868415,1.1798697507916134,1.0697341998608734,1.0879812035169305,0.948773070515154,0.7304375316092606,17.098205413398894,18.599012742583536,16.01262647095337,14.913951736950043,14.806290143700219,11.857779330689002,2.4672517622528636,2.686729884158126,2.350515905359881,2.5586891355567944,1.5243252089689303,1.8489871157311366
RG,0.0013845262959464228,95.77731732215464,90.37498521546782,81.08735684640124,81.1218080361075,84.96252772344852,77.78609880858804,79.68446024971828,72.73427064587341,71.03315024257799,64.23469339104625,64.68038370858494,1.2629024075634705,0.8647264260319842,1.2357168683268316,0.9639549798065381,1.0912573732492692,1.0650961905158294,17.22354282266819,15.404332321004384,16.44074431278666,13.255879109842606,15.791148906842269,12.365581407533849,2.905706129132748,2.370542628949657,2.2972660334535466,2.6544000756920476,1.9002414207757012,1.8495404169470873
RG,0.014276394052104378,98.17221990785067,94.94859162603028,87.28537722065349,76.42500398341997,82.03306675971712,83.38295957222273,77.01812140729103,74.48066513253322,67.28584266939987,64.13434441119135,67.02795371771354,1.2272435822331935,1.091682764531194,0.9021366452654502,1.0701600247385434,1.2088824592226577,1.0076550377553413,19.817440936341576,12.950600336201664,16.351310349240617,13.712348423445452,16.757532065826904,12.734087558460018,2.4985349811747826,2.512844862938217,2.2726866460736836,2.102878529979254,1.4626639121193992,1.8456795439621791
RG,0.01029771412342184,97.05296027222938,91.5725100066974,83.04832140690716,91.51641828543279,93.77008768865224,79.82587693697444,75.84799992356078,73.01497982270593,68.28578536568538,80.08268156766076,76.2292616359319,1.1390011661895745,1.1667359877087573,1.0260736461976139,1.1673103856784137,0.4394647712014804,1.2028460617598793,23.085563075720575,18.24432004419737,16.703827352796726,14.409549318133548,17.432251512221924,14.058554372649155,2.5073709506418544,2.984017350900322,2.289811067777718,2.4526374755751683,1.6466304314876017,1.8565197906056676
RG,0.01080765528906058,93.24726657069074,97.74567452301301,95.98309311151378,94.86719247340142,85.64296316728858,78.15549262821308,71.60645957328752,75.36188253588378,87.28818856773916,78.5597147286784,69.47927495341607,1.13595646654741,1.0551767075006218,0.9327822566434544,1.0528339386826286,1.011286881766876,0.9994356426572747,19.96075264269902,13.448626863711812,17.498065423454324,13.846783396784272,18.70954223347584,15.159998952572533,2.248953121515128,2.7885024405996104,2.4360465997364336,2.0152793970684595,1.6776550268105113,1.8571877716387126
RG,0.0080538471657201,87.76703637540705,97.65411278432026,93.64246009959886,91.143228837449,90.97123394621349,80.27917763213046,70.125614033895,75.56804669423796,77.5925372726178,72.3113114545672,71.5221671448419,1.2826996575022835,1.0633684139553383,1.144321613551893,0.9986282911236415,0.9947222255790769,1.053268497683108,19.040233490540533,16.96157986758816,20.31635925878754,13.872738022914902,10.022919401013574,15.616651216016576,2.8354232823585943,2.8285065329515384,2.3723851818648343,1.7985609060524608,2.671908817671586,1.8708470017827992
RG,0.00136309244898616,97.16423029119912,94.9825272741694,69.93822451107464,96.38718318250406,83.09133349195994,77.01531644939014,78.26331489130624,76.93670867310063,65.35835275755139,78.17264365291747,67.83954852126092,0.9719617329783851,1.1834516159042225,0.9655620681255855,1.1264296795234487,0.6611082557523713,1.0137626958331474,14.905254286559416,17.473978026535633,18.586445061025497,12.473050911773356,9.829140875810317,15.07393885826187,3.0522450914257515,3.1006116445276155,2.1884901104419185,2.6990128725701137,2.29351976874623,1.8431963707352006
RG,0.00796969701777554,98.796727609719,96.24497092706814,75.40623508041404,92.0160034300812,86.73180377548556,78.28571155900359,82.28007378044887,76.62580678198998,65.99370887814162,75.57392994456353,67.54415666898421,1.2301973215225739,0.9482551724421251,1.06986115513623,1.022209932270216,1.277136068513619,0.643055915411608,12.453182370500146,17.069877941532393,17.63510321055588,13.484944888545067,15.516209661264904,12.996249369060026,2.247524940084514,2.7514688272282632,2.1109621047459277,2.1387299402408773,2.082214847450481,1.8687024040780842
RG,0.007921508173926574,95.7699156226906,94.69000999170419,91.13435043783771,92.36584920466407,89.90383318438184,84.4391647676636,78.21296974371371,76.29594325561642,85.72561221698393,80.26568264883187,72.06854981906908,1.048402473472508,0.9663073126434101,1.2035136354793272,1.143355912219992,0.8157287938494234,1.349138366401196,8.820499500960787,17.10655127501892,15.950456957942567,17.77502538814269,13.292649405393384,15.87790746236686,2.2615890721092717,3.446746187048412,2.5083079538029094,2.1155195330567977,1.8852149479152918,1.8639539642049257
RG,0.0028372760109957214,99.55161149415287,92.63144073293884,80.48905461418636,99.49473666093526,87.7978934117482,74.7427990277946,83.05690248322067,74.23177615878917,63.07023364255461,84.20028739852174,71.95186709695416,1.0952481430571335,1.1087172084842774,1.0377949106276656,1.1120930522897494,0.6670085244417683,1.074755979455832,18.075959596050275,16.1815469181592,14.531935167947738,15.037698069054068,18.170286662394197,14.908361505131733,1.9550211698456763,2.262261413796411,2.423815160548239,2.050445138000702,1.9762515945037913,1.8646634865740128
RG,0.0051101650277995386,90.43783420268272,98.10972269305898,88.57670128175216,77.84523173985916,93.77964766934947,74.99409317123965,76.02025629118378,76.81019344475757,75.10162492359197,71.66350389943115,76.55204004133438,1.0148195758957643,1.3059200885399853,1.0546425697392303,1.000691538353605,0.703524971680138,1.0663019505640952,19.381065293336523,18.19358586245936,17.843916057139044,12.76366415700014,12.637812785112313,13.775492887550305,2.3097427003491275,2.7222221791266903,2.47095549744295,1.9693756237489992,2.15802084112905,1.86353023074272
RG,0.00974223609178065,97.90141883020877,92.15931585505223,91.44891706875786,91.10512564680528,83.99654294533532,81.74950559426594,78.83872887229143,73.05480931504665,81.25086500102496,79.2523164216253,65.98356888274989,1.1268240666641023,1.0483376251634895,1.1102232706918977,1.0363994057048949,0.9781974965234478,1.1778387684467513,17.71053366559225,19.94025956693042,15.501467764438825,14.684923376354577,14.530041647574086,13.749410652505928,2.7480975481570646,3.373529340272335,2.0123596063626863,2.2176982801532317,2.373721694869339,1.8521690112373483
RG,0.015783261485208245,89.57715536253308,91.55888063777309,93.77994448892046,84.34722765034627,92.84805528777288,83.29669604198587,72.90872153441728,74.2314239010455,83.6733447604551,68.93236545004997,75.81769225276716,1.1878601296665428,1.1053869715004558,0.9680420525259026,1.0819586547837485,0.9106015602304502,0.8829812349289948,18.70552074669263,17.042603959970357,15.121829343364812,11.618628021578276,13.532905483190252,10.823278166023211,2.4065541240328767,3.0430886095095415,2.7584680492889313,2.3056629564642006,1.7828088301982203,1.867045795203458
RG,0.014318287294415855,89.00289809597386,92.32596612750316,93.5794220095929,83.99257781168146,94.55506690679424,82.7450147307627,69.20136288152221,74.78433626088952,85.56082051021022,73.0397362943157,84.90514848145928,1.051867022217728,0.9608833562931146,1.0907688203829038,1.0036018353183664,1.0094376548682582,0.7308334348062381,18.35957192912414,16.34017788726527,18.55220460634149,13.883990772065637,14.173246986790607,11.145150669423629,2.540300149948912,2.878464227521156,2.185539111890915,2.134226135778745,2.0406222475279776,1.8485417662439685
RG,9.165572193961213e-05,93.95815505523753,94.0329131445326,79.13092556614725,81.72595707767677,91.22799329694946,64.62835708408431,78.39321410103702,72.69948798018964,63.25213999678237,70.43904421913092,78.70843252515172,1.2153067131016477,1.08149619983184,1.0468188668848317,0.9497662769732783,0.9516951320202586,1.3152405670270975,18.356333825994987,16.171108457280646,17.462329316462142,13.074708021988043,13.24701426738356,15.172901644689388,2.5006764672578994,2.74607779715107,2.165878141171672,1.3898003496548852,2.234081939803724,1.8682505651797678
RG,0.014019968225539197,94.52403913368406,96.556903241625,98.17256619948212,90.60125030832138,89.4526735523021,81.03243546927581,75.68247721819976,76.0607262160737,85.7208605860986,67.61405196941651,73.20525425597677,1.0974553162582066,1.200199901689167,0.9547201616964425,1.1729816028132527,1.2153066217466875,1.151756146148627,17.90967806266988,15.470582479609572,17.810446059741775,11.881808747850986,14.168690162409778,17.138624080333233,2.687811497314588,3.138616984745068,2.453251302396356,2.4233842657943416,2.319965002168605,1.847557187433116
RG,0.0060944221568759735,93.0642738257955,96.53878437289671,92.02247844353704,94.09819782023061,84.35212901045456,79.59060624121675,73.15903882903348,77.33218528292961,70.3179325931307,77.62308770712185,66.93549196525487,0.9717394315411639,1.0444615534686161,1.1205988577389627,0.904174518698257,1.0362621133101082,1.2891696539332893,16.961727972663518,19.166561783682766,21.88541184672216,14.802791846292617,16.089435841213543,14.514314179367245,2.864441153465433,2.7968241263458133,2.256955644731023,1.9281519320296692,2.1117703368533927,1.8518457718131212
RG,0.003281149208287882,97.50724734236807,94.66251336738259,81.25873542677192,87.63662872386911,95.2698111316259,83.30052114870497,79.31183987580074,74.08922156499773,63.707754482629156,68.64579240886698,75.05738658334492,1.15811381385942,1.181443756532643,1.1091126608270705,1.1381877728304655,1.1259708311497534,0.9018351714195003,22.95978489542952,19.71849811363474,17.49102336189908,12.04227718979555,11.919697152877895,12.3077861887333,2.3076021634628567,2.7451670582924854,2.0264673155793385,2.452200878644857,2.4812199684057306,1.8456600672978603
RG,0.019764023804381886,94.50346902277438,94.15829466121285,77.98609466718409,79.27011863449513,87.5771300264739,84.0425969154418,72.76693568873168,74.64794713091004,61.98297215532659,65.12764793379846,73.11515272099032,0.9716871043054128,0.919213646668936,0.9632805255926131,0.9117467193017617,0.7307528153547673,0.9713024488170746,17.541962506429016,15.587965764989784,13.30299482527838,13.178232666706432,8.260884881352018,9.445606856932654,2.373524379218215,3.0613534622336456,2.4361391352997868,1.897669845971529,2.8053752489851207,1.8716644674368126
RG,0.0009705072127467898,98.88237827117268,93.0635309662247,92.12987182327076,85.18723377394852,93.87509924042153,68.96360203037567,82.89371114554727,75.53534005499847,67.31873559017912,64.51601021854913,76.5146345167195,1.26327241386031,1.0465981708840326,1.064254454525709,0.8359471437697443,1.0737574206054459,1.1005034310385318,20.471388040186053,14.046207140395033,18.966876165964877,9.032637637407227,11.327181639069183,12.142825826283524,2.6026321629937024,2.6454183369854856,2.4537714153678394,1.8457290626702176,2.1178998765169097,1.8738950676517383
RG,0.0027476101723487873,99.55287358553525,99.67169907979829,91.20600861778962,89.18671480851813,93.4373675947432,75.42003861839098,80.38375525012066,75.92178893469335,75.56130908936818,70.95446282994021,73.25199027327575,1.0674132682636874,1.073418381673132,1.1906939713858316,0.9437917120611867,1.0730924817139427,0.843874410114624,21.344786371923465,15.696313109441114,15.740487269668265,13.222693363650443,11.518530482366184,11.953529420086744,2.3353787754848367,3.0045884582301503,2.8109578690440564,2.182612618860386,2.0335432660330457,1.8640987683600716
RG,0.0035111083512631576,99.82904711337073,94.59494932098329,94.30697482545274,82.34652773858892,92.85944258687738,78.15977911680379,83.766636903252,73.50759281714501,82.4669339201164,67.07349041589589,75.74935370737789,1.111270568995598,1.1585847660495627,1.1577159164933801,1.036689269587467,0.9481373244902569,0.926956049376018,12.714474452805856,17.434250240822966,15.684989257565313,12.560820204075672,14.70984534992856,14.24470276975983,2.8507509339161468,2.270123990938183,2.4673619827430384,2.4503780923335285,2.330850325802622,1.868521572304945
RG,0.0018012508125127263,95.13169117014336,91.13471402385734,84.66408470966809,87.58224327641797,86.90655858074032,71.66680134107067,74.52383562447808,74.04859323268559,73.97639009949913,76.17079417608932,65.02248503444926,1.0658364296781033,0.9772817506746891,1.012200493774234,0.9321630638406472,1.064187716922006,0.8670451913365921,19.80906714745914,16.836077526766516,17.191860237440835,12.215132750510055,14.80232015031105,11.644410966329286,2.336399534293264,2.7980652263963988,2.558278555070987,1.8564358137871628,1.9377050396755426,1.8621346555543312
RG,0.010368518177462633,93.70873036850716,92.27120266522172,90.38547217648265,90.28547046415649,92.32904724810095,83.36710344597327,75.32239268068115,73.63971745542723,76.65910001583968,71.67342552453202,73.30229308083342,1.185578585531726,1.016046103570421,1.0479309239335626,1.1062539187601255,1.1644705125853012,0.9884152578993436,20.547621457443746,18.373104635088474,17.348489556858535,18.60943951185568,12.886281586740965,12.46486103965096,2.9369948679522064,2.599118769456101,2.623556597785503,1.8569040990324917,1.7588406851724603,1.8656305395931538
RG,0.0035455400956359525,93.81266122339134,94.71765805245735,88.56945695811027,96.39592418363065,90.42386466010923,80.90600067740085,74.2169825963502,74.6982832387832,74.02808913854304,80.4351399581688,77.1092682640975,1.001134080429488,1.0010343932142554,1.1277991143618473,0.9238454435492418,1.0272391495486894,0.8673773934161902,20.931262189504725,13.979261474686403,17.40827225060045,14.084742456365106,15.284714424737265,13.534784675199063,2.8126626181401386,3.0930459979903073,2.5646797451596632,2.3255750587282713,1.9364671446999746,1.8613914732276966
RG,0.0005331828505177786,91.00930815211306,96.0999973559611,83.02096948955003,89.45376809012438,86.43973579897589,67.83566376830471,75.51586775982344,76.39023275727021,62.24941395722265,74.72071729314446,71.0424887347464,1.1118247182772634,1.13894728813463,1.006652058761866,0.8640169040597341,0.8544107571805067,0.907557407560928,16.452236231027197,19.86320362640983,11.566899161504011,11.958799584739715,11.912954330890512,11.249640047843272,2.5531993868566047,2.503797244033354,2.766937802869127,2.743821181322513,1.8939858790757427,1.858928598300025
RG,0.013907780704986416,95.1628370829002,91.35173128239174,96.97845029554632,92.167479760645,82.18669467375672,83.91081338206882,75.11113033220991,73.77384839640145,84.37658157186969,73.0848690588111,71.95131674409822,1.2425706954348281,1.184711446768217,1.1097130179620494,1.1011455232961722,0.957497272153345,1.0871979010857282,14.424649389387023,16.66866793681288,15.985900929808912,11.889902443292437,13.604632222314061,11.858389820869442,2.1712556389589746,2.498142656115811,2.6244638402474165,2.095195723714283,2.1231498483750664,1.856938152191881
RG,0.002040816741045041,97.87860259388619,93.69018659454937,83.39576458210847,75.91973256158057,83.92845603328321,79.88454485027346,80.93037265247777,71.52115067357757,68.40924955443717,56.86695114724627,67.0355084005048,1.198671135603734,0.9634454324901512,1.1107624056766752,1.1278131562612237,0.74196859738513,1.3051285445801533,18.67661295436033,15.609743122334162,15.365479618946607,12.761802861353189,11.963487654869938,15.962715479146517,1.9953672747247837,2.990369847665889,2.8595986595460015,2.3661107143702482,1.898506629697461,1.8564926194384472
RG,0.003491144111223556,90.01212327143209,97.82988725551039,92.55362022022206,92.49017544217324,90.4635158876174,79.37725566675762,72.00387115328489,78.61965620089306,68.99751470787882,68.8256102095206,73.89234812380258,1.0074118679033215,1.0820763119485413,1.0637172503404244,1.112318620633861,1.0276345285585933,0.9463514505825877,16.335573187668118,14.67342500102436,14.719033755229116,14.854708708390108,11.076174636237212,17.043661301174325,2.275931808751692,2.8304797462237725,2.613635397872092,2.4085966521656004,2.0144451053668266,1.8554906427659266
RG,0.004117256420479264,96.76810879098517,97.52761119139804,99.44968847466352,80.11283056427983,81.41628524492796,73.68040471452323,82.23178421107023,76.12337038341863,81.61432260194893,66.00221426326142,64.1434922766953,1.225114980817504,1.2269701426217792,1.1849885688618635,1.0260854299954,1.1947885874525452,0.9187976865808896,16.307372230442944,17.499836918084405,21.068909284156984,11.258462547140288,12.075174911698138,13.192955078592721,2.5386063765956237,2.7292985968687002,2.4812349272703274,1.764421666407976,1.5956536337532385,1.8534349616802475
RG,0.007653626083886506,92.10841471977935,98.4647688651911,97.233341201205,97.01711216151736,80.05419740763696,72.01414960969097,76.8256174937759,78.76549054685003,85.26749885590087,83.13153477679788,65.7280893308419,1.1769566806926715,0.943678141366117,1.1664448116964736,0.8125905482154034,0.7077276259502578,0.9066757718108259,17.649226007777166,15.325255833929672,16.722752990290974,12.16621623897993,13.033704146989688,11.66760920921316,2.8129621563836023,2.592592137803269,2.829075991666167,2.3646740940495925,2.254974387953399,1.8659273824023277
RG,0.012533854553223147,99.37844064384211,93.21777950506625,94.92257058879139,94.06836584208303,82.15093126958432,78.85045460211933,78.55494912415581,70.32456673850396,82.17120229773629,78.97592669832008,72.76779830958596,1.0270723344951687,0.8938175471579074,1.132055871226137,1.0453354142916822,1.0478159852278182,0.6056419020872886,17.026932943790342,17.650163646205144,16.42411596050373,13.734335302185656,13.536576039971132,14.581706085009012,2.7059682808195737,2.7775118593996297,2.870773509649039,2.0839835216325597,2.049819757162453,1.8659429406273966
RG,0.010081283328434727,98.32858917307021,92.53289825809456,86.00877906888624,86.10731685503367,80.87738901514126,84.80647022642295,75.85892468058776,72.91480740965662,75.18039708274993,72.6639852140775,62.243413089257054,1.1247512622385043,1.0905573997126181,1.1465762914146236,1.2405534788264323,1.011001202751973,0.931448543769818,20.118329485051554,18.78718356069761,13.25387068271676,15.206702746641461,10.400513202354846,14.319643725396189,2.462398432251881,2.934487211070291,2.2185482207883824,1.9136734620279015,1.9781801381947284,1.8490731939138645
RG,0.02130065803405897,96.63826985507124,90.09103994404225,83.58456770268941,85.25193397034813,85.80875848088094,88.31989278493457,76.82634234128057,71.15322826248823,68.35270252854785,73.72420522785553,72.93593775381187,1.1889003447669428,1.1356652193473655,0.9507929162167261,0.9969976554107234,1.1992305330402038,1.0853708752582047,11.612593080085414,17.07679925434858,13.149967055250986,14.314942356115699,13.56442858897016,13.342693886076253,3.324686484940993,2.8217657509543814,2.655180031908881,2.297610245458701,1.9109799132568726,1.8807338604696293
RG,0.009222082090753892,97.4431502524324,95.77080292654752,77.45771732137678,78.87220948283382,89.84699763895716,81.50167493413093,76.83257978634333,74.04756147628484,69.88060541144895,68.58315193694685,72.25723556408121,1.1792825191243255,1.1308258801826994,1.202926640524542,1.0330746578701757,1.3484711335272128,1.0197942978804244,16.537344109644163,18.99692473632779,20.186063669056495,12.676984960527419,15.148892262444878,16.242624373939734,2.7828864010039602,2.6937693024695784,2.2605314632114912,2.2005890016161507,1.8082901288566666,1.8602961919886374
RG,0.002751590140891571,98.58214603252338,96.55381489788181,88.06329252800334,87.20685109925807,87.43197272871748,72.4276976764758,77.84630150982188,78.87997275463941,68.54084896541454,70.75479137614239,68.13134072128805,1.218671017918784,1.0881238067778902,0.9939531361382582,0.955910841759706,1.0710932749352597,0.950514207759407,23.951198332243468,14.774171685594183,13.98212252445698,11.020536488977637,13.906630161112094,16.80590407581941,2.3054256389186043,3.1290994817402495,2.5740021386006107,2.1330279036176765,2.1608763224795244,1.8389155064480474
RG,0.010518662904449883,98.87159370871149,86.58541725719421,90.67516433905269,71.55629518385318,78.53443313762384,78.14306423647695,78.76036395896938,67.8016806183332,65.20766388761253,55.372477939348215,63.36543065409187,0.9964634914547009,1.073315075591131,0.8692108630370114,1.036597909195263,0.7779658583015008,1.1628071253112355,15.649820611720454,16.792244324831884,16.412358477328695,13.910882216947206,13.693832674901266,10.534396369129116,2.453254955435337,2.5795261020316964,2.1553716955529434,2.763956698627571,2.333079045771412,1.8631805400153176
RG,0.018432169417965934,99.66487474299763,95.16918610928525,91.81781217849812,88.93176402183116,91.15397906553775,84.59353844114186,85.76835345403683,75.66764694114268,80.70301245386354,78.73785457767568,74.30708491316396,1.2653798018565408,1.1360646914786658,1.1218541328849916,1.3971742895081518,0.8631488349120623,1.1846990883554855,16.66863309423196,15.290706619792356,15.52426702178471,13.732892575839173,14.062479564717325,17.694437387722996,2.3264579835318613,2.9866910709826477,2.562326605504317,2.0031612286536573,2.164453804066171,1.8527695129068875
RG,0.002584990538127304,96.7199682635061,95.24646543602589,91.26166208094952,92.95099694362288,90.45004449024053,75.80116539967034,80.55484620542683,74.4137729275275,81.21789528383799,74.89003130800477,70.90252922166634,1.1078900512244823,1.0836618738877422,1.1226987488753053,1.2575254014973851,1.2143511800775415,1.1914801616336679,19.246568972360087,16.532043989965562,17.189454807418546,13.49392507453247,16.69286823469825,13.696547726929303,2.827430442668833,2.8059099857907612,2.4443358096700893,2.162984502754807,1.8102482330561944,1.869921128429368
RG,0.0073005579388258305,88.97997817533034,99.94166430543557,85.12849439943324,98.25544167295448,95.09359666648959,73.84689576152907,70.290859179066,81.87289010646201,70.5747887415683,81.15372716284847,80.18431552955347,1.1769019459547334,1.0836961501124351,1.0876652840117023,0.8953071441966276,1.268115294306073,1.0459756499502761,22.828351952851577,20.307139890694728,16.208214024016268,13.988914764159002,13.822397131542637,15.321793195506425,2.888220612892909,2.5512656381345993,2.470202577234109,2.6180391027957173,1.7400921213849778,1.867472976486114
RG,0.004142771482773391,89.10377999880926,98.8212449231268,71.74805380127985,87.05104337195375,80.23410970280435,75.9489234959797,70.47955125940508,78.54861286866812,63.72327262338183,75.32997358343876,61.07909275460088,1.1744825903410807,1.1384304090995276,1.1938193264821741,1.2783484368134435,0.8331228019638381,0.8852396034361173,16.87697580279386,17.678919903573476,15.229319290617925,14.29616309238902,13.930496253348702,10.917429683564125,2.8088905595247446,2.68274390152842,1.9078696877568455,2.114903920924424,2.12608678897682,1.8554016242539804
RG,0.0048322427950134965,95.38882119847224,94.41906748817682,96.04894966808116,88.64530763976936,87.04234418028263,77.29034581839358,75.62837791380296,76.25386266835736,76.43708574003759,72.25615940802633,66.62835672731849,1.0935739634769606,1.0608045382282685,1.1770203845062062,1.0742730205264115,0.6949612858385823,1.0324958635262826,13.7273628888446,16.759940089481912,19.238205454327094,13.627387309443634,16.06610582818768,12.005346344274141,2.6049909479353732,3.2829334193970063,2.1794816687268304,2.246230093884518,2.1596660994828016,1.8589577277140203
RG,0.005985688458687452,97.58361286132889,93.21390388142508,98.4552298880935,97.09045602641147,82.35350969235174,78.84772084074054,76.92731897308968,75.85838136456135,81.31130369506903,83.60258372961138,66.0681214548499,1.083049041535289,1.237854585695726,1.072774375035338,1.0317642915331517,1.0242073851676103,1.008545216500228,19.826527564078116,17.050287153822964,13.978725700132564,16.92068432884764,17.509787823828248,13.277615927310503,2.570789856603619,3.3722561706609295,2.113616379578104,2.2439127921942625,1.4592411668290968,1.8607077202769764
RG,0.029688133696915916,97.49679942354474,97.57666689236132,85.31611924967947,92.8717654885659,96.20558520582605,92.06762727339489,77.5588888762628,75.16946409282016,68.425086322462,78.8555097712178,75.73249182406289,1.0466288915221784,1.0528852487764877,1.0749111350804124,1.2271868289696848,0.8885447282149014,1.107099957790378,15.240148788101902,15.851453247472067,14.222290202833113,12.334138775841764,12.860040973023647,13.702526705017325,2.902220641873637,2.9323345763548274,3.0172844589959302,1.65563906925889,2.003862972521373,1.857441640737794
RG,0.019585627381985417,99.72572666385472,96.06924937963537,92.24347172704839,97.36051473326472,93.6124938876285,87.13523110788441,82.59645154091527,74.90606411719511,71.98607011350838,82.23052771180829,78.63804422474654,1.149957859539131,1.073095950264607,1.1654215233372704,0.940234197185858,1.513528325381428,1.0474398029236363,18.95684941392836,15.511685334895315,16.828499775846744,15.174112784338833,18.016125157259033,13.025342876992996,3.1966720031503275,2.783233324363527,2.832216618557704,1.4844226149891444,1.7006165903333015,1.8543839291338435
RG,0.0011522573743120103,94.31625603217849,90.10750937173313,93.74254964886873,77.0369431938114,85.2914258934128,72.51961286307557,75.4813719655239,72.18456872410792,77.16319484221074,60.14204100427851,71.03108070914713,1.076486013532429,1.091237926564088,1.1439874694497822,1.1575428302341328,0.9507850384634489,0.8615743918970421,16.60052058377024,14.74204378502061,17.36215952986971,16.254774482066665,14.411061183133425,14.949752310463193,2.942531191762972,2.3095857648786726,2.171096111992032,1.399611845001659,2.103094058172609,1.8687554866493836
RG,0.011436995245792503,95.59734619033875,95.17629595488711,84.14646965140315,73.68653458867644,97.56939026267327,82.8146324161281,75.42251992728707,75.48004991275775,67.10470114671416,62.23124339297097,84.7959871203066,1.1609660469138594,1.050209261446311,1.1139220968503916,0.8678124087006635,1.169182351058628,0.9307876845494696,20.11325599611333,14.338668742302778,17.66007590111878,11.783978147108536,14.06174643239734,15.592263113642868,2.856788763873508,2.988716780616608,2.999449489439467,2.2330818884973564,1.669834669123986,1.8543313295223913
RG,0.004951315961779822,90.88730863935137,95.71053773224646,82.33027388176332,88.32727465301419,95.01364268070715,78.15049203182633,74.9470962586922,76.58878551519742,57.41742636635583,73.12717838185017,79.27384590661882,1.1584618816583228,1.0965837555559457,0.9212934515137747,1.077604815453417,1.0670918872137478,1.0663698919163842,19.413116273076714,23.100267556761242,18.015028873798393,14.876001143857453,12.318930987663373,16.315708965180903,2.491931540633957,2.5608446980851505,1.9899012105768443,1.8424607799711419,1.7893902897497198,1.860687838186895
RG,0.021615305579189625,96.38947883677056,99.92527201391087,98.08844137183301,92.08147628633311,86.79432861959587,85.50417764611016,77.47738874830848,80.9228115097509,81.15024887910214,72.79949829790276,66.94248422220346,1.1777301752169111,1.1412190604034191,1.1717164025467706,0.7615503683985437,1.2938071655952252,1.1445252683530547,12.979396951194474,17.50655613519376,16.800843420168217,12.338502453321208,12.381405230336805,14.577818387588632,3.05758443178556,2.791648168702548,2.6520665734928883,2.371288357255169,2.012296325700869,1.8639664894843706
RG,0.009348775539082869,99.50012289564108,95.44658688178464,90.7485920633951,84.44314012588238,85.59605843463748,75.41483106068546,80.83244829626867,75.54945067297457,75.316875366578,67.0757470068067,68.32348337603136,1.1021032771468622,0.9734660515288451,1.1271771748825223,1.1842283035539596,1.2917615470163997,1.066033137769572,18.02306199107182,18.899737075760513,14.72706454147162,13.993188387570605,13.496289242484105,9.771594756485388,2.9524288785861166,3.1211697940382668,2.670205709084089,2.562308070354386,2.0861131871850516,1.8586659107930903
RG,9.2880394604879e-05,95.59766994737191,93.7757922136384,90.63983547108622,93.25482795258475,91.83443898277186,66.6871620147832,77.1401528903695,74.40655595998027,74.88887999458933,76.38796587554057,75.49081954604613,1.082618279023818,1.1269439557388299,1.094349310466688,1.1104835966468756,1.0262222012724673,0.9903656641405132,21.943515303956413,18.924454849777618,15.45241905407701,17.387246066753946,12.047444902857139,16.810516552509153,2.244975515001489,2.9096704106501114,2.216930453032979,1.9331659991163113,1.765420922827427,1.8592813134693955
RG,0.01943557722735509,90.65471788251934,90.74154421027174,81.97757991456324,88.73661175109757,91.82794426435728,79.83050353998959,78.31676860034995,70.54988487322201,64.04452694142277,79.10921251015701,71.25099284035275,0.9570990519446789,0.885719702395909,0.9110896992479468,0.8821709908789007,0.9597201523269643,0.811625626872295,15.784400919278351,16.79486347862928,18.047451923358658,9.181649967604635,18.51457268998612,15.400647208828023,2.434131508909373,2.321835799270322,2.223009533634719,2.427514047663085,1.6818181719002552,1.868947125581571
RG,0.008840565332537336,96.93589673811451,91.90751409087265,95.73421902840877,82.71906996786628,86.42385270358342,77.5953425692241,77.84259859707498,73.26187105216546,76.46898704307928,61.526870262285996,72.96706225381378,1.001723902244932,0.9748425957496538,0.9641334534670067,1.081315024892113,0.6322099177503253,1.0642469361030733,13.014514136666497,17.22272440606006,15.377073307341176,13.099707572317907,12.724796902333436,14.895018434394295,2.857689383482801,2.8118228937646452,2.6639657179151226,2.328947705589733,2.004509691246898,1.849181925121024
RG,0.010146313015554636,95.16142870313497,92.82261709414773,86.35871423571433,93.06284540204271,90.57721613572717,80.2842984703124,75.66071716298033,73.47403210469258,70.44820734127812,73.68456746823752,77.69175671030776,1.2081214747203388,1.116931619416464,1.1958792208427074,1.1187039371555867,1.091930923994816,1.1955337020617054,19.31743691952103,16.863711828187373,17.113228588766955,12.234957710529505,15.649037900974902,9.822325202476739,3.092914940719885,2.7156956001389743,1.9726321655114143,1.9636872087052117,1.975517283812431,1.8672303811393292
RG,0.011703316294228047,94.13008413161636,97.62050183130427,80.82417356941988,92.94623163813989,87.97102143954989,78.43460356090984,77.60774551111524,76.92513667408956,71.9799535169159,69.93121474383628,75.35266765354845,1.0571570065077207,1.1336060994506376,1.0477214542519075,0.9017937039107078,1.0140971253199558,1.1090630754894577,18.528480453254733,18.399345964091122,17.58451913586949,16.668657784693778,13.564368498353883,18.387564771374464,2.377000460921411,2.87584058367425,2.831347591176457,2.5713082223280694,2.6040738495363014,1.8589591239327468
RG,0.0032665820684476625,98.54530644267342,95.99622018113055,88.05514724935249,90.81680107345247,88.4424523380255,74.29249205461728,79.68385058746472,76.26288422175833,68.37034912909135,77.89825712912574,72.98796934493961,1.1931973813316286,1.1594440920577325,0.9706627954938986,1.2544849656832342,1.1154953265433414,1.3836441799381352,18.449642769658542,17.774744809315493,18.035256734792434,11.798858276891002,18.36675494984442,16.13660792093081,2.7902221081158665,3.4932499797485703,2.0624192448568532,1.9102244778708202,1.35989686709325,1.8431170788993367
RG,0.012078372348466329,95.75146449449053,97.34366407319688,91.026572181185,94.75097934271268,90.58418729709167,78.2043071795865,80.73637176950294,76.19187656403089,74.04230869769678,74.70751758604209,78.12622291434622,0.9794169701942388,1.2626110801022872,1.2565234181084377,0.968629705296559,1.4745620602477651,1.1750028469001417,17.774416771358712,19.747320424660366,17.871625227007573,16.54271952740013,18.090608404947762,14.608971147009534,2.1610487677454744,2.435013131073307,1.9114267628419648,2.0473002431265335,1.667407494095226,1.8791749861857723
RG,0.0005122776141569052,97.87038851321321,95.15775105280076,83.22728250213558,78.39408932804305,91.69831676170575,74.36797799668989,79.9584574519082,75.64304529096954,62.30838095508969,66.10166400908138,72.07022289448369,1.179810624044135,1.0007283889039011,1.1045659012834488,0.9219057914060269,0.9207387858186594,1.1813994873566327,22.923500955602165,15.505518327435949,19.17905589480886,16.032478243290353,13.674785664065848,10.4236941563677,2.6088234346447594,2.935348466735792,2.462380869237083,1.798755190065589,2.1665788534202015,1.8622801344863529
RG,0.010325158866660425,96.48538632861072,91.87947208573159,84.67319168113298,87.20931096129686,97.12935310878176,80.02997602449126,76.1186859623383,69.41937062515244,72.12643827543725,72.58881955449658,79.22712593908858,1.1885701061149396,1.1202425831690515,0.8893603635837632,0.9934849757030225,1.154504662951553,1.2772019049368855,20.320620610289016,13.216798546459529,20.494707956844742,12.935304603185141,19.227330724233916,12.254136479193328,2.248365416239178,2.6504972477761157,2.1523890675658315,2.4443797630611486,1.2330622018147301,1.8669404361365172
RG,0.0028563152672343244,96.10292413314858,98.18033391573726,94.78445777928424,84.47684171406178,76.58511477476719,71.37404015850655,78.99389286954435,77.03676503237409,79.83517562874007,66.02174178071702,64.70169952360268,1.066547018986283,1.2469826660769718,1.1106050805950933,0.8717112299960669,0.850314376177886,1.0351095572215763,17.982961238341897,16.64094148973351,16.741856218292202,15.00596790173881,12.566250353230599,15.888916776245141,3.0833024241390903,2.5979653240385168,2.407206252775267,2.214797454552071,2.5881641285313264,1.8529587064260622
RG,0.010201903094455756,93.83351980101749,86.76683568521025,96.20611723845062,94.0678351955244,87.04034583782226,79.46489456530132,76.88458549915033,71.10776507443728,84.87856569937149,80.26093989923635,71.24152728894484,1.0965852633965303,1.1267507795843494,1.184388549292511,1.1449696774106015,1.212270859978196,0.9864189744921384,21.181289779448147,14.588830129636564,13.516317791004234,14.695648680404933,12.623214092086013,17.49435901497416,2.9353631447332553,3.3504086009447995,3.0674862194159047,2.158056475436855,1.7772062542771312,1.862550362294391
RG,0.023661311752288607,97.52904503789779,94.54837426441219,98.46330377703437,83.26946919472925,89.57134824773398,86.79423544509376,78.16856799505749,73.44249080085011,81.51924084601049,69.6498640498235,72.9943614631916,1.0332062504615154,1.1526398624996512,1.1060575230362664,1.0963332146456513,1.331692470443171,0.9335426025610134,22.896708944915435,15.893582511983393,19.26001140251475,16.2016329008161,15.929830889714559,12.746525914176798,1.9087036732071931,2.496174097187834,2.507345042468424,2.3903972864913983,2.2514241111321933,1.8640889574650827
RG,0.0012573374177637176,97.73714590658602,97.05466187037798,98.34885078637244,76.39202717398877,89.94841886378893,76.08694623591573,80.55273365613478,76.8743745331029,82.33003892442947,63.46288387760923,74.50062587955497,1.2495709543906615,1.0419957867991854,1.1169184604889681,0.9128224560290334,0.782007277745775,1.0458066465932474,10.868819514791095,20.180655970301373,17.71767051217283,16.02115669294379,14.034885496499355,11.089616694206875,2.7083869483769565,2.9861765583982116,2.6580137759372335,2.295548388415386,1.6671424157156356,1.8705609555071185
RG,0.01578711344476144,94.6106081791499,91.83258991856603,92.848059164327,94.78499856966585,86.09329609917498,80.1103306123365,73.9833041882787,73.29510262627988,78.3232427234035,78.97657879185644,66.62996051483447,1.056298005567751,1.2145953984187265,1.1646414922824069,1.0570910414160313,1.2950129804581518,0.9324279869348255,17.26509195304336,12.127664868482814,11.410073297042993,10.739720315930516,15.282247506692357,10.30972214314685,3.5015857551906735,3.5622680570751966,2.589499537996759,1.9642593927050105,1.837804377305812,1.8499055186719884
RG,0.00447255187378835,98.30616042742076,92.26775898017063,95.61019995453883,77.23492660410359,80.23763968550091,77.22031310714024,80.4108978969255,74.53967052187484,80.98283520517731,66.75311701358811,65.99950770117599,1.398604824450675,0.9177414420563095,1.1552303500179137,0.806629489670212,1.1966808346309064,1.1623167484369221,17.026889222398,17.914808195377617,14.988845324151258,14.738700779500585,20.581054810394992,14.832835714278454,2.321439096017387,2.7129837950824793,2.432364053060245,1.6634777714495579,1.8038939002394772,1.847256315354195
RG,0.0008362958598574101,94.07993647109909,93.65740537746983,88.60009556898396,96.25177007250176,84.47805568028544,67.60078764232931,74.95951049477205,73.9734948836626,72.72254303737046,84.2597962341043,71.98234532798475,1.020059945633095,1.0974106860249264,1.0237572278330689,0.9262439660535057,0.8814014185556673,1.2535688420649935,22.884400081866524,19.95008699267586,17.515920742982257,16.839088716863916,16.335884705378266,13.961119225031819,2.3022785869404236,2.584398537007419,2.540156273910067,1.4481665109898887,2.0715427336098116,1.858588968298368
RG,0.0027363863951318924,99.56309934039757,97.1831199394413,87.06323992440832,88.92752486841339,88.97852631428758,74.81893021018537,83.77199966469428,76.28893414769705,73.51322926210426,67.57573722454694,67.80292922205987,1.1492612410525136,0.9773928074454277,0.9827252690314787,1.1234704644305364,0.6610234371203108,1.0215088602796438,17.668831414624435,20.661684005991717,19.596587632098224,14.413907485671558,12.152289385405604,15.040580241522095,2.719134219703164,2.4777406696928477,2.189469120523925,2.25248646773061,2.1474209162343745,1.8606984994192104
RG,0.002870657690244796,98.90618865863414,90.34756815072505,90.04398986911934,83.96305052862218,94.49126929311748,73.15748634149233,80.85070159456477,71.38242989922033,70.22326062055015,73.78870687887495,79.27519372009765,0.9749157120923866,1.2654844075355318,1.2011370993519075,1.0639505099918418,1.5179735363531757,1.2551288932487115,16.389821122316434,16.672765171314172,17.860516873728514,11.504943826778238,13.58348846966364,19.07639451283047,3.114876713067233,3.1170436940817456,2.325871382527445,2.6131629299475376,1.7723784907627516,1.8341424991583182
RG,0.011571158233166231,93.48301895453113,95.48728784493655,75.41930100781622,87.09608868536044,92.58889905258799,81.21504936777133,74.92843462669516,74.43076152065447,65.07932032938226,67.9480703300436,76.62736039445338,1.2142790377034383,1.317389801457041,1.0303376758544487,0.8898532581285612,1.002201860909367,0.6665594809045225,21.18106184892855,20.71506633303143,17.340782141012216,14.063910537453145,14.829727586217206,9.140538358134345,2.6897702541273616,2.846639919263865,2.2228344580377213,2.385873841055511,2.2257608494692094,1.8674526547353685
RG,0.0024875532743322028,96.6035217975971,94.24156639720715,71.5259576656064,86.94742778784287,86.44453361829055,73.79403430242134,76.50131463528372,74.62959973759294,51.24199250835524,68.80669294015215,65.45902666825597,1.006182152542603,0.9905892712044065,0.9799106486860634,1.1424921329352604,1.286297710797287,1.0207274774316644,13.793221079198041,12.549064318109902,17.27590557849464,10.962705384638067,15.684236285961216,18.17511609061345,3.2269968810090255,2.558742323228119,2.432264389345134,2.399579896462819,1.5528565628263946,1.8468106584959245
RG,0.002231984272802691,98.94332229792694,95.75566331441618,87.03646230776035,86.808664235751,81.2086657301885,70.18657088327494,81.84934437814408,74.24375744312589,74.95602368569568,71.85409459153945,62.23956647390517,1.0872575583583504,1.129243880955557,0.9265857033921032,1.0554019518273439,0.7979545460871681,1.1234095992439868,15.71862927829034,20.553738921517137,17.301532390172582,14.508075891852586,12.893377914503832,11.671682902031453,2.705209553652317,3.2965754128730884,2.779999624641367,2.479895636929748,2.0451913439783795,1.882811477561839
RG,0.004419696320088548,94.8137509714988,97.44787572087073,94.02696924065376,93.20023944703352,83.51660984480189,74.23388053813153,76.86788605099305,77.3110933361474,78.0114643821147,74.19259470953234,67.41965420451947,1.2594719739780997,1.0264499505058073,1.0678900311600104,1.0312394639230813,1.2239480897580024,0.8317549203035148,18.48232216274306,15.805244918225233,15.344276859280995,14.888663066315866,13.666537506406137,11.791552502870466,2.906222317865823,2.8633290900391017,2.257490060933568,2.160197640646856,1.7914006686927644,1.8481970336209492
RG,0.006849923792246856,98.28077863237779,91.28930148494813,99.01890529262553,88.11286427595698,92.95748091824666,76.49540315797884,73.11879279614541,71.9217500422575,87.54838352090133,67.32527626603448,78.17609593484954,0.9574316299072673,1.0527760526457086,1.07996490584706,1.2725248929434323,0.9143019771530998,0.823000530402144,12.81553307713094,15.535074151772005,13.88531841433335,12.976154800215742,11.985745573723138,14.13252583444812,3.081867329527094,3.3200550928915065,2.9055870975918303,1.7336353299158755,1.7592142696580093,1.8737645133202114
RG,5.1785459896122534e-05,95.11890068546104,95.93473139179657,97.48589471285753,81.17319104970387,88.93675920227562,69.65629315495443,75.949393785017,73.76159910540471,74.19332698595852,67.08521483099992,70.23014263811147,0.8846039133068366,1.0402608273044653,1.0014128563976434,1.078198628231813,1.2464780980702364,0.9483264720531662,17.13729821097043,21.15855276154187,15.215201618306043,14.747855401993403,14.704666709991672,14.569975721600802,3.119312277521556,2.345179077509205,2.864630537776441,2.085571844440874,2.1504022921482098,1.8507878307975272
RG,0.011926836649634521,88.88892382566067,91.1106986192094,83.91318169850058,83.23380738400212,90.25978328803282,85.86090291285701,70.07228816432979,74.56161547609946,65.95666912886712,73.54490751382762,75.34772106547119,1.1299468770168868,1.0541370049557464,0.8842934906069055,0.9731637551495156,1.2139204298289514,0.6921537257592916,16.672998058029062,17.421513488541564,16.811520599326663,11.870471075138523,16.110367078855965,9.702901021219148,3.1132337643306025,2.725676997680851,2.6614953604594973,2.33141781059408,1.4865742030387972,1.8660529434740696
RG,0.00014793340847547783,96.931888201075,96.3797047330805,88.03822041681008,90.51951567278371,84.25832813008735,67.0413497770393,79.77908542563954,75.97062494177771,76.69476697317404,68.2746902761,70.32168501281815,1.0512223708022896,1.2032491976478368,1.203025356583235,0.8642658103261469,1.0142120642220729,0.9145273050036705,16.36579326606868,18.21748788469065,13.608336372921952,12.392431220873222,12.689998379907536,12.310237511158068,2.7770411399035106,3.2903675403136248,2.576914146986285,2.5062460499740125,2.0089889829354037,1.8505177484342437
RG,0.01915646177855451,95.90640659453551,97.09102866828061,82.26486027597369,94.91895219008381,92.05441807623838,87.23109201792639,75.27976065158494,76.54444812617432,72.90221382631069,74.0004619309967,71.96491075160593,1.03502295884248,1.1047578998640293,1.117230215866885,1.042684052666688,0.880607518865226,0.9223551541692475,17.925600748652773,19.890791670409847,13.170539825123173,18.747543429022585,16.561912840046382,18.321489071683825,2.6260130548522715,2.7021948895836396,2.681645592955801,1.4617707587685826,2.031158531026068,1.84356652651316
RG,0.005647933446006666,91.74625960307338,91.07030697287526,85.39530246955773,82.56774942210696,81.80070654143147,76.3209529654714,73.46071079961092,71.05675534219273,65.16986235746229,66.17990230600186,69.57715946591931,0.9890359433557199,1.228316088243007,1.170665406757772,0.9917760432465766,0.9885573224393251,1.0883259544669355,19.440391405309562,17.82630417479447,11.891542603340426,10.861052502687643,15.851131047313473,14.380527659783787,2.861947236002144,2.7384592349952954,2.7675260034062554,2.276345242317913,2.1735955594318024,1.8559529406321125
RG,0.013742750865815986,92.00043979521878,93.05492765205193,82.14709472472673,85.81401368358283,88.81607357752499,81.67195938148062,73.5160666520643,71.81756150408641,67.80724896122844,65.4919963461028,75.81138028894608,1.0728496045058724,1.1805876010843745,0.9222697680719834,1.0826656887212045,1.146319466506789,1.178692965051452,16.424828289373785,18.104102874498043,14.992939384802746,14.259212669280606,12.793438703012622,14.499776362396172,2.422712963823762,2.885451122040447,2.2338396880844713,1.9405354678433326,1.737223303738617,1.8396429873058702
RG,0.00539570003314051,98.90672040198912,92.46137530467071,87.74627435709682,87.47481521158224,92.51339709102474,73.92580819411813,78.83150551346974,75.33503621842195,67.42050805238924,75.60310155755758,74.67805192396975,1.0332110738089457,0.9833294464597164,1.1185964835624158,1.04851454370084,1.1649014448492643,0.9509218241269775,18.53121032307377,17.03208762244055,17.48186076165073,13.133111932870492,14.642786129112304,10.259513068967102,2.922485767688789,2.6608585822248547,2.078109387995748,2.4239559070362198,1.6694838857313774,1.8745583459622859
RG,0.005527081117082649,92.88021805554834,94.55207583477885,90.39744484464914,97.663647329145,90.41140906792299,77.99698885998907,78.88375932329848,75.74667533035938,77.93768443953951,88.73993734970392,74.46340573527876,0.9929213259142435,1.1888523821007728,1.2187102951690516,1.2258309069156283,1.598185105499272,1.1782368906543654,15.946994975769003,20.533401096239356,17.79053064271508,16.397376654115007,16.097844420989315,13.399242670527897,2.567570455214354,2.45596297431227,3.0558366505025547,2.39710918198904,1.7885276572860018,1.8485862810154532
RG,0.019201369171042572,97.68550121881017,95.98304200990859,88.96545659242,77.22871055106954,88.67197484995997,83.39726398442814,80.51724148376209,75.01736014705737,70.5155591739283,61.20624178432287,77.62916769388083,1.087335424435501,0.9665674575960146,1.1998227182556174,1.1017522894111724,0.9030490115265324,1.0103987844361573,10.168954518428508,17.362758084915786,17.672088981973886,10.933889420658858,14.5280812806432,10.535143863868964,2.2334074775912174,2.9163084155392744,2.0120772620078435,1.8354308414392855,2.4464532745010437,1.8741563089334374
RG,0.0026765963791248594,94.62244288661145,94.82446206777975,98.63196725420008,74.74804610392617,77.54008474351508,76.15504619644479,77.58146603385565,77.40582973827003,87.97715463869726,61.42242959979484,56.368919763468575,1.0863610280489782,1.1542686009970278,1.0887467608008525,1.0122069817194481,1.1249202692655427,0.9281891943217945,14.610352856097293,17.032127461393532,14.425265156612241,16.481933266963694,11.249705601151586,10.874452312423072,3.051168621243328,2.8449792971393433,2.495668063787834,1.8610375989541201,2.189718933463026,1.865808644962882
RG,0.022228273837410186,96.39017622089811,92.12195093381764,73.06235433378968,86.47292691492085,89.16759914392817,85.40147240865853,79.41259582548275,73.94590197096079,63.09029369616145,67.0202722935859,66.19525622552692,1.1117123124622388,1.2172136259888975,1.0706780206715714,0.9082005677243437,0.6324978452729794,1.1673964527795144,15.782796411663792,13.660079521781746,14.80117982455932,12.465085790064856,10.875847205224577,14.7861198971199,2.5869985943050198,3.600851077966235,2.82771755061432,2.4406701522834404,2.2542342897364973,1.8605559423668736
RG,0.014503863183486301,97.84816496469035,94.02727325280802,82.66978066995976,84.41839171908487,90.25170057308786,83.07426370315113,77.98062758588617,74.70445346395331,66.01044597299715,67.59983554489392,70.98724269272041,1.1634062631176805,1.1288347530178904,1.2251331879355065,0.8936547836067421,0.8477399048959983,0.9151731771809842,11.40522543642512,17.526339904037673,17.100752220385665,10.785607492427907,13.869674164515255,11.95852038246739,2.501708090450578,2.9923449638051833,2.1758669500894605,2.2236121386540426,1.849762089183681,1.862458772051165
RG,0.014823336433323715,99.48770935875226,96.45582379853812,85.67314833911925,86.57057505987945,85.03229939067883,82.91486960825826,81.79346122350846,76.04210953108192,76.00036565365474,76.78533261796696,64.84552933690955,1.086080656052652,1.1609495611886556,1.2628121207244885,1.1299006583511668,0.9451627414012944,0.900110772295588,20.427811712516938,19.69268488471666,18.098445920618833,13.15305906321159,9.556753960770896,11.283046035103679,2.8538626457337597,2.543137261377851,2.309806172708436,2.549240158183517,2.1079972062808845,1.8478491949600733
RG,0.016595714399730455,94.53754479361538,91.963872564222,86.60331134692083,92.82200464885835,90.05626602344591,80.722580314872,74.43105492463853,73.165818663519,71.26776464421027,76.55160111430808,62.94469428366068,1.123498241846245,1.1560154269785679,1.0460103987903007,0.9470551398938454,0.7617699245960915,0.7103116892683172,17.55049303136907,17.52307444804513,14.416200853712205,14.105770634558374,12.592428451481467,12.93592917254862,2.9610513435729753,2.3504576580023406,2.86873849173503,1.323924026136583,1.7276589506011686,1.8659888197742205
RG,0.003552068516177212,91.09586399735026,95.97642258427209,79.67534522227173,90.90601874600564,95.66496668627862,74.48113884957618,71.80902909041697,75.20019509386624,58.743904681297614,64.05694379515184,74.51153059213964,1.0234641938242888,1.252850073380439,1.1731053936303706,0.878798821266982,0.9129658978313644,1.0402101990129935,13.220839659246582,17.201711728217226,18.61812135157663,11.324244337848482,15.59618605350844,13.554676330606538,2.5497656296439057,2.0749406034881988,2.3221379666445574,2.158580609178861,1.9677816864486153,1.8579213980258706
RG,0.01928706829784519,94.21619893143527,99.17282214283512,98.04348882626013,93.16010531169601,92.89845744321971,80.88930743377016,76.87745776793666,81.64277640352476,86.44312077347179,75.44058096549954,80.36592243662282,1.0615063433992098,0.8899538677926887,0.8978991331310109,1.1458268561513163,0.4971546072717953,1.1538525845592145,16.640038934782137,16.463755648624108,16.724280170557364,14.550218792600411,14.528979105528988,10.753725039404127,2.8948032560248778,3.036904269004926,2.472025926657955,1.717945335681686,1.8267336681359538,1.8590151864261826
RG,0.0017943882388572496,89.17623377174137,88.9034411886796,93.42175386298833,92.77126137696408,90.96153667040589,78.12168742954698,70.15003137874137,71.16399403774633,73.44193936181618,71.39067941390738,73.89171964504754,1.1346387856556073,1.0187923147398636,0.9059182095775449,1.1309918806414965,0.9194648393169662,1.3587936891125243,21.63966750918138,17.71825696575921,14.484992323510786,14.340871947864398,11.762476631665978,12.4696573176334,2.9868016104163493,2.343144820023403,2.137915089873139,2.176986727566934,1.8762123017771537,1.8716608028740707
RG,0.004029824075765708,90.96251006357947,92.00438316558227,93.93672877295901,99.60791705448617,83.2987387831644,76.02948430112198,75.98131338182084,74.59724353021097,77.79330572782716,88.8788148096904,66.48508549606646,1.1637621633872237,1.0521475502979662,1.0476546175128785,0.8996460802647989,0.9405400325721976,0.9687496295793034,21.189748879325972,17.82375056871459,16.987658756674893,13.374516999939654,10.755271717867824,11.955659497917532,2.7799172403836465,2.0309625500755266,2.1600422453002257,2.134065473337487,1.7901668525916654,1.8644164755352974
RG,0.0011924377813778372,99.01724126968075,92.00716408387402,91.03780775684855,92.63545657056453,98.77955441404735,73.2092425831875,83.83777581533393,73.53986188904409,73.35161075861748,77.2276216638189,83.92679633859125,1.0966630874723775,1.2463381692049256,1.0666295015549463,0.918124483017001,1.0676094328510541,1.2263512511401333,19.42633238977526,18.799252136346805,17.323350306208397,11.616851356028135,13.676346369018933,14.759906695719174,2.4093184430201733,2.5338301130069225,2.711740907808289,2.5210404373231183,1.6764833703409523,1.865910092640781
RG,0.0008522426172799358,97.21843915242862,93.39123643097052,94.90839645865523,87.79020284243511,95.47491735403311,75.24665974281085,79.22381077543352,74.34038423347802,80.22382228204982,70.73854445233869,74.55149692117907,1.1524096638133594,1.0441646814420018,1.1300674364738823,1.0587247401252882,0.9684909996588051,1.151951233413006,20.64383992223973,19.04965621692423,14.518115274869345,13.875601593216121,14.981294238528495,14.620391657626003,2.3004821918137783,3.2259022421520624,2.9597121202971044,1.887670189840711,2.250624025706224,1.863723040757192
RG,0.009893834382735663,93.94230152501723,98.0049640529239,88.31544798732821,89.46633757900008,97.82954760875168,82.68726497252347,72.62451205322941,78.05118538575684,76.62920017468642,74.73903364634734,85.30797804115558,1.154878153162296,1.1353202242807392,1.0899949797147201,1.0712653615946919,0.9179506210810215,1.2198414111433609,24.4742193807616,14.866751964960356,20.95382074225909,10.757065301646062,11.020119605588642,12.46575552311758,2.433711303440894,2.488797598387845,1.7003444254712428,2.0110403001330894,2.379185137731283,1.8685611166905693
RG,0.015456958761586348,96.90755064695524,99.71959766643744,87.99154778521074,85.86939149504371,94.14114142984374,83.13692785688184,78.42782052748298,78.64330614097652,72.12549146567157,66.5145900404286,81.09835323847818,1.122100040622126,1.1917074018741123,0.8950165939557941,0.9604401906529831,1.0594138364718308,1.0638996258934135,16.18451298355154,17.355601554142243,16.227179814083204,13.919106981707014,13.790812237035851,11.218007054122083,2.805632514164542,2.840820377096591,2.2108290631317598,2.5722789415878142,1.919163246495775,1.860494761652694
RG,0.014598906221055084,98.47584953465713,91.16894071206616,87.39407376862317,87.6065975865103,83.01303564831463,84.78704331951334,79.78871244918987,71.94564792201321,74.74603824809232,73.05853024075209,63.77464050324803,1.1263332973474474,0.9572231520634248,1.1600970814527958,1.1122573916342247,1.1000147782419183,0.8448125920002748,15.415410047275646,15.42204905291015,12.024929074815077,13.925488801696092,17.228639515516168,13.410121946212605,3.337594787070766,3.072003764805212,2.546949685786215,2.4297539176313503,2.3858224794711855,1.8595219345839369
RG,0.0004177574042389163,97.0357059948769,90.22908137766437,84.67410517204016,92.03799733317669,85.44714240807903,74.06814717345787,79.55075503060715,72.79443479126019,69.76491210554649,73.2594694065932,65.77570603767633,1.24641801605526,1.1818520272089423,1.2238166118600704,1.088653725045092,1.1984520996334675,1.0780184704012006,19.836755041629257,21.028071517981594,18.193530577560495,14.51201901561975,15.927590390297738,10.235561198002848,2.0381346913354546,2.584838584757968,2.408233838721898,1.8225747671717627,2.109505462399888,1.8561187605385974
RG,0.009215607303731742,96.50049922516246,92.98033920479998,86.20839402811605,82.2933333728444,91.27792833498437,86.54535355439988,77.04052721131977,74.29102932505153,72.2377502590351,63.74163329285631,74.89324675215028,1.154413861439808,1.2243437033717368,0.9366441645500325,1.076669098617378,0.7800961828327716,1.0403707457314793,17.360848467518323,18.47000479734129,15.767940839938804,14.014939380224359,13.004944027452574,11.445283133464523,2.5856848198380793,2.394922395314556,2.734284680055598,2.347226427976423,2.2764455988615224,1.8628768703589453
RG,0.010157012307320905,87.1527444404258,94.22804969120448,83.85675353134857,95.22974516274584,88.36207995973844,82.55672102738234,68.34745805613808,76.26841292874394,72.53495831644634,79.02958208259372,70.49346746703993,1.0156272857315483,1.2000376659880563,1.0427200899508795,0.8273455918780991,1.043897352242921,1.0912562912823294,18.874585290435547,18.523721915696747,14.649564929729566,14.339560060763525,12.81615369965302,6.047504478325747,2.758687880875922,2.440104069301979,2.5097953995710562,2.008173147474119,1.7359575277049502,1.8575823211445357
RG,0.001120670801206492,97.24547991139613,93.94873242124835,81.76308659864348,85.54035959330817,79.64328469432591,74.11680258474448,77.90816954756198,71.7689483872272,71.46474297091382,67.98327826705008,61.86870252988902,1.3495074476626723,0.9486284656096207,0.9154929769988123,0.9790227814141153,1.2838783549231734,1.1594581624581062,18.566637728735216,19.894290166971533,15.58282041059174,16.046556321879688,16.285631409291625,13.710063486181701,2.7385903835076917,2.798973192189746,2.2576119685137646,1.628472987651072,1.997123168483989,1.8450986278189223
RG,0.01626949035596056,93.90831978772711,91.66042259788057,85.23797238080788,90.01822182034093,79.49783118155301,83.7526302372625,78.22583666238432,71.1817749629547,71.36609259730682,71.58765556125138,64.69792725532105,1.1089944585171303,1.215673817934285,1.1425988826829214,1.1023843389835037,0.5235855305662811,1.1791576121401384,20.59288036308077,15.397403392626545,17.28004956985216,14.826830695335241,12.84559021005848,12.756046674080448,2.7643706490850217,3.2242974942286695,2.3354887971820806,2.112380947163507,2.0239405185039656,1.8756042753160571
RG,0.004279864434324906,97.40445415193416,97.3587573698021,82.01226484649254,89.23840057809248,91.62475001329064,78.69099399453962,76.27954627413773,75.77720020398759,63.443135484258875,77.74601576978577,72.58814743655745,0.9818078970021372,1.1431173524313694,0.9377113047840477,1.1216788097370451,0.7117781166087529,1.0154298993038844,18.0331982065825,17.750237521550403,15.499548812386529,10.188197883234789,10.608860936394777,13.710653187289088,2.5703375802009614,2.9534154752775827,2.6404728855159343,2.5569695631892353,2.1885469293439925,1.854635057988538
RG,0.011490394560784784,94.38207606339508,94.56590098296924,80.8599843825989,88.32561110210548,84.67204657829875,80.58683736434901,74.21247191893526,76.55038204567117,70.17495282938157,71.5361490114378,71.17886504078399,1.142998589686589,0.9871776782318664,1.0206420106971574,0.8839216870954187,0.8730899851755275,1.1685224884142722,19.849224293096622,20.962033874576544,15.769395360006298,13.835374006221171,11.286912730442799,11.886882194323235,3.146728881709274,2.424666909361432,2.564793602321648,1.7559502784342818,1.8799071590043093,1.8628907954344742
RG,0.02305320445764522,97.96000485828921,89.66815593841777,84.79583605297233,86.0953548787904,85.14431332184407,88.86583650807569,80.99625821360823,69.53962951238363,73.74926720784492,68.50112569004601,67.2787472483206,0.9753251895194692,1.0927618002905435,1.0253999036085306,1.072978457387854,0.8289319499956371,0.8761927381696284,20.84829292986059,17.047140608529332,19.127965044247123,17.82526099208214,13.999945344448053,8.807048147423627,2.5992428783701427,3.0406780396793454,1.9735068485977745,1.444841530796512,1.9188567928588187,1.8623910426608559
RG,0.02159126701165743,92.86439051266221,92.79822205959627,90.33065108489657,80.43096582350947,88.73362759076065,86.80054680657832,76.1525698335608,71.36834519249877,76.17949393559347,67.82404331507257,73.48951752143205,1.0938489150374737,1.2171293687302822,1.101130583496599,0.8945094539577623,0.5010237303679117,1.222455009423479,10.984568950968242,16.82323723668812,15.770301997047952,9.849870214864511,10.493468307912964,14.586737873505976,2.3401238774479034,2.5847668180950603,2.5226682442392327,2.7637820218679257,1.8976196932766412,1.8386275871576887
RG,0.012085660904916775,98.23251131062308,95.8179124087011,90.54510007037025,98.44435661395218,84.67581179545174,84.0671546192501,81.46368845946036,78.0783669898215,67.13417349503767,82.14803005566985,72.10891535627745,0.9320394355589872,1.2620854172974127,1.1743100422306156,1.0026555848900929,0.9091891375852731,0.7476852266954581,15.119999243874789,17.89719871358928,17.37106214588849,15.85561212390533,12.317754205293953,11.934666234149871,3.1567034156000298,2.1356572818323447,2.563126065647883,2.0527316070403763,2.6456519319188194,1.881702881800964
RG,0.0059482780724900534,94.49990976592704,96.20103525071134,81.98273512194221,79.66060478176526,89.71036145476792,78.98714426217173,75.571728744049,74.88714448008908,68.99432382513668,67.1992652236326,74.85057992486985,1.143745918537342,1.0260384458514773,1.205856756245402,1.1748912629168176,1.2029625831989779,1.1260003716658944,18.247927028346155,17.38178891051602,15.004457543123866,11.951903328963787,14.389984158058818,13.515281076110943,2.9826282823761656,2.755653639284637,2.637919840542463,1.8770617769107236,1.9598363867993704,1.8589967595062042
RG,0.009166213456836176,97.8519133933362,97.87175190193021,87.20844086993762,96.58608375631225,91.75473828908375,82.1027755349216,79.65968719843394,78.27316164480246,69.65775684511213,80.66549900964378,73.43446830279177,1.2946773198773014,1.0720241602318983,1.0146538422644578,1.092210182864666,1.1363151879741085,1.1000214131356887,18.068047127868923,15.483900665118805,22.928866009627363,17.103240926456493,14.151263120589235,20.900348377178652,2.2721134289202123,2.9254723067710646,2.1543493913002987,1.796299877719596,1.9485449009461386,1.8522382969058178
RG,0.011566862319007365,97.02158131785804,95.24002967149787,90.19094934353521,90.24606966994963,89.50334854063287,81.24111305586747,77.43687031492162,75.06760431427166,64.60772381453536,71.74682311952706,76.2219403046462,1.1630095332979637,1.1808809948447456,1.014550063825208,1.0203868566776764,0.8445909562847973,0.8063926982181309,15.67825773084288,18.84273344942963,12.271336884864048,13.491361464814005,14.908702376121662,19.705679289282134,2.321255164050477,2.752164057043527,2.655214445578025,2.1435401470754076,1.9216805156604273,1.8381033263115727
RG,0.004826451846272096,97.39454886316152,94.34057706686662,93.6578608113467,82.33549381005514,82.49852158889064,79.52789302449686,80.97016667894721,71.92824759265368,77.61446881459344,62.95674921063758,63.54981051451873,1.1625657648625967,1.0136693847596105,1.0238050894260546,0.9544529956402739,1.1326754059001019,1.318965573683244,13.422459304842178,14.750255931764645,20.23971592056435,12.598282198713697,18.21669139409664,17.918805951645247,3.134007022494257,2.7685807614959215,1.8253953654502144,2.127931412362925,1.6345967062780176,1.844644237324335
RG,0.003448446257139794,93.91301501333825,99.3135957209341,89.87189838186664,82.52748051487201,89.55870299604312,72.46307627980553,75.05023109351801,76.57847326154344,74.60751762864399,65.35824432601711,71.75854155592569,1.0894965296255459,1.1528080037615356,1.0713713757088466,1.1277265473769833,0.9995026280879582,0.7328098374936965,15.547955764097658,19.62957589992272,18.476934258072685,14.186414311520467,12.810425106561866,10.707241741495507,2.661859131077245,2.535279749362277,2.037205225710996,2.5396682715719545,2.2243643909629465,1.8484014172939942
RG,0.001115116558888426,99.99697247165213,97.03640264798065,93.05626379836747,94.47368281017505,85.21621039374405,71.36802091644519,86.09699404093621,76.77283288213091,76.3073073702639,71.68479571693504,63.77616066363796,1.075819141145984,0.9382499982535412,0.895868118899817,0.8894073484132169,1.119298967440771,1.0675004558976189,23.93025888963053,13.1677833190834,13.627140668532785,12.650364155370522,17.109052537644402,16.35050433339147,2.6293680694627968,3.44330292929967,2.751817973530774,2.2066837978965306,1.5297519382830578,1.8550622495649356
RG,0.00021262766259020732,98.87160703385871,96.99421983394853,90.14901624152874,88.18670290160257,87.5530253649163,77.57090137527818,77.67479315884427,78.37034813048034,64.43086467252336,73.10098313121154,73.81559858654924,1.0094466262557338,1.0712281444812455,1.0571270820562253,1.2199690851174996,1.3291945187456253,0.9038455922436673,20.015992583018562,18.585484489108737,20.043968034523303,15.012327753392166,18.44736389153626,12.181021969638252,2.6679703143102382,2.7546999221441264,2.401049201720007,1.3724336011668563,2.190843033483496,1.865523849764996
RG,0.022066463984237297,97.55100349064618,90.73480611753018,94.10750916240967,95.21362180027775,80.7521954282529,83.84783875461831,77.5509602029209,74.42372257326151,75.80827429332612,74.38077035291302,56.81921487759524,0.9819972238803575,1.13047799803266,1.1117475386276645,1.0841141366347973,0.7687525777025073,1.135358236350168,16.455693573473102,18.395814883462762,19.383113972771223,17.503683707253124,14.76528512189618,18.396193042577043,2.327214506542529,2.421649348029155,2.0407500751353913,1.7060597093046623,1.9930935053609855,1.8539456612516982
RG,0.018875992304885722,99.1186395469465,93.1380261267371,86.55701501288222,82.6192233704231,86.09372957207995,81.2851571043047,81.1865594143739,72.82546648700222,68.01928595626279,65.4890533717477,68.6883720215662,1.21773167991356,1.1711697242709178,1.1837770902972329,1.157551664644655,1.0198237161369657,0.7697618563988563,17.61097207585883,17.619934622732433,19.457211687426945,17.845009621284266,17.24935096283092,9.827183748230258,2.2957543282767725,2.4962465278926738,2.198763248537975,2.2151946683030377,1.3961033806778542,1.8702583650236966
RG,0.005144996776608927,99.71715271168986,94.15203029573858,91.41640654330418,87.6258930279666,84.69214987624676,80.68849409728571,83.90803225495239,76.58312587761078,73.57746693214202,69.24001911649084,74.0429972730643,0.9379083954036747,0.9671654253253412,1.0835697353966096,1.0131645630901227,1.2789205446309853,1.04662614486241,17.661658126377755,17.018894161796645,17.053998524779935,13.655869206183066,14.235554095862692,13.180759470420519,2.611434267966291,3.3556668023440976,2.601139358733275,2.5752251942131776,2.1311498640350024,1.8569744285390661
RG,0.01159028850630064,96.69773756473838,96.30853794225635,83.57524593280243,89.25767395750766,87.98571056673252,79.89427689074373,81.08241975012416,77.40965725580305,65.22569150550456,68.0079350851212,76.12748398772266,1.093925435389483,1.0725939429875295,1.0253505697459884,1.2115082297604416,1.1970449823178444,1.193969519705361,14.545813362807259,16.011402243403158,15.1985782738391,15.741505640598628,16.485363099283266,14.033638480109417,2.2045220500269957,2.7538141528141544,2.7940593996757106,1.5167937234182705,1.5363446011317736,1.8429800337321751
RG,0.004220097849382943,94.36209382894555,97.51640970628888,85.4548945836744,93.02202667432596,81.63836906608871,77.43672875091622,76.38733195323077,74.41337092971548,68.18677332002483,76.72798983357984,61.039944170451,1.109674834750595,1.2513153047246925,1.0304243470237033,0.9641848808715058,0.6423367418837516,0.8117000260694351,17.08800259359462,16.31497910560866,16.30109526785178,12.538749909895689,13.287879445244746,11.351674952605219,2.538571162374174,2.789152682410816,2.542356742219535,2.6308081615812475,2.5235523703007665,1.8658952701834883
RG,0.00720566944058349,99.5314366348202,93.52671720271348,92.69294162602054,90.4479365989823,89.7244628442248,81.81286328922447,78.15676054674917,74.79020202979216,82.8529268252647,70.84661133393445,73.78175113306246,1.0111090231996867,0.9660329302499774,1.1428823154750962,1.0290659368642614,0.6767380754435008,0.701366316759579,21.668269904308822,18.2761000654241,18.370404393721923,11.59047190094265,15.721371151296362,15.79746625346402,2.906798904949561,2.622469135203459,2.262519109349609,2.4716644563310015,2.1941947493718246,1.850528762861062
RG,0.008804553327111962,88.40222324282314,93.09895975217495,85.20982188805976,90.13116995567991,82.87535343609139,81.77835314042522,72.9898694784641,75.2281358863917,74.83636009284305,74.36145659393944,67.40888935187334,1.1343400632807303,0.9796127602970496,1.218545020573615,1.0721550158647957,1.0296449114101647,1.261592010021645,16.56021936315661,14.082436011766685,17.1652194580334,15.06514926525656,10.676094752261246,19.072930125842454,2.3027027542469716,2.876896933350015,2.524915489652029,2.238507017206861,2.6245605897603763,1.8459721486553273
RG,0.0009753709220191014,94.7917041556147,92.68853231498761,88.56034809285048,89.59984845179082,84.10625368922102,70.92826396644757,78.93791330900862,71.61917013981957,77.34772543269204,73.54803673847489,64.00070185275109,0.8843365378686707,1.0463920758384866,1.0766539047781842,1.149203679926175,0.9839826422885177,1.41464703901111,16.677662246302454,16.229989336509995,15.007693090873783,13.394819903497657,15.087664219815665,14.417216845202761,3.0470019646726327,3.0022431259459457,2.27068320725066,2.34147427160966,1.8143636931681224,1.8627725230375167
RG,0.006173079969216582,91.83898251439743,96.72697121001524,82.91811309834151,81.43807957255058,89.12526776252359,78.18592454166614,72.1566861740231,74.29828238367077,70.61600330144684,65.74219545265537,72.91978461253017,1.162271581224003,1.1146707151584927,1.0380224404702534,1.151814865479068,1.2594945397396624,0.9068706188897443,20.95080557700337,19.28935349871824,16.644530464465387,13.62367780188213,14.75387783302452,14.17264387577716,2.5203679673912034,3.3904795496158546,1.877552644238952,1.811908041710637,1.977202556988828,1.8627750224643038
RG,0.011902274684767025,95.32558676140037,98.49591488642876,98.23681461778422,91.99576769880485,85.3963069191509,82.84889008021709,75.5101244796128,79.31521211164373,82.5727204838404,72.84519246743758,69.99892400887927,1.2019412589570604,1.1070227183483636,1.0501058455717343,0.7933578694066661,0.45314527067131827,0.8348089816898546,19.430976902788696,14.000291688581479,15.506191625733111,10.292188337865735,14.656550013453268,11.982561231166269,2.6782612266113865,2.6869167295603957,2.156412338389204,2.513430768351415,1.932607755346522,1.8573467709314238
RG,0.010884264872855721,95.36851881755486,93.00303872903247,95.86125306564702,91.5219318650943,92.1511085675244,85.39714370510117,76.34739749321108,73.83242456258318,81.09831746843892,78.58979611180318,80.9309845166882,1.0216031857046808,1.106376316883045,0.9667986353707284,1.0683783775899403,0.769905704022829,0.8910613212018225,11.582407215250978,17.896996755855877,17.17231008199312,14.83081605101873,15.664726395478105,14.015681618727532,2.6296738136507254,2.4287059314036816,2.3315362878970105,1.9521355837514607,1.6766962163051788,1.8677608328798172
RG,0.014094083053594974,99.41327115005141,96.35173837020372,88.37825613251063,87.1234844853949,81.65199723557228,82.0732423989304,82.22138043471514,74.71196262563717,67.18541828687253,68.6918396049126,63.08725755290929,1.2393007668044465,0.9777136852165874,1.0404226216866261,1.1205933044329917,0.6817281513747373,1.117574989410344,13.418365062856896,15.980029540383475,12.825527936049925,16.143392947844728,12.95820669645927,9.538671877944362,2.932926921646998,2.8566258813700465,2.4882536440832057,2.3633454839702286,2.197447881632474,1.8671201414798742
RG,0.011378726861797625,99.8622907651726,92.31780307500853,81.08961863045461,92.85804634180312,82.25334216349553,77.18454557690184,83.60531536665131,71.3419454544341,62.132199589084635,75.03360680439513,64.58511788698861,1.2646746746034476,1.148910067426689,1.067044937993492,1.1563320710927005,1.284083820631498,1.2178481807201522,18.928925470955978,18.204094319725467,13.320505664648678,13.341732764965945,12.574912894676592,9.421470767889616,1.5306390727769066,2.6080634936434404,2.686994049445889,1.9438270930101036,1.8502318316304356,1.8610142169647041
RG,0.016488137139507884,98.80947645128416,89.67430665662523,85.67005956970993,98.93681521048552,91.03967926542262,83.210939142728,79.32135270689314,73.79071943691225,71.3143801311292,80.40317890650833,74.0549299728246,1.141687398631358,1.017073041167386,1.1572856702401912,1.061459133960132,0.8574131704753439,0.8979086613271843,22.096441248916243,17.60750157487427,16.205216426348557,12.872249206143415,17.81259045271155,13.942629018368384,2.156514318928856,2.628212175083118,2.2089691242577523,2.091407809165937,1.9820562274440632,1.8711240339101047
RG,0.011792790522960502,97.25724108331282,95.02207004224623,95.13199279875317,85.11164300223795,91.1283220705934,80.37114207774206,76.64074699517269,74.69843231828841,68.60448624070641,75.6134957423961,75.00670783065851,1.055546812497718,1.0311311006280155,0.9620502155641191,0.9277517679474727,1.2713240383994842,1.0076312613748215,17.606019808833594,16.30304730285781,16.169199683529666,12.543800686074045,15.445738504862401,13.599047638932293,2.6617195519667844,2.675738019909246,2.728551529287272,2.3203539899092775,2.0628144473390218,1.8689842808156378
RG,0.006250574597428374,97.33328100058938,94.23721262773763,85.39678451190933,86.1006892087591,89.01311924161278,80.26079583428383,77.22704739014226,74.65044076851751,64.66618119668495,76.27865947332178,68.57656936100375,1.065236492038844,1.2125704809846491,1.1314319095861058,1.2595735413616607,1.1590958310908668,1.1255748619645596,17.267755566669095,12.708137817256365,16.12415694274854,9.135209796747288,13.054789163661287,15.564423856449963,2.6739846160665914,3.0102427889200185,2.36111373929436,2.685863752493236,1.7895005927829524,1.8560958361011444
RG,0.018459102943364166,97.72168191440258,91.23932904503646,92.62401603282818,93.77658214450177,89.96167306393137,86.84302543766584,80.08879217168007,73.71593421351186,85.21337162594182,80.02803683708503,74.87680040157734,1.1249469032738084,1.0424176765354818,1.0487464717321653,0.8857214392813627,0.950746652887245,1.0787527766856728,16.320448601691837,13.953473336462306,11.138077292897087,14.735188086910178,19.03648069678848,17.221388056034762,2.8127375770565854,3.1739851264126053,2.663419353765512,2.2598186870216384,1.7351829513225077,1.8691961735496345
RG,0.011979571474533435,99.07294043400066,90.96292360751426,87.25448118964883,84.56982261352493,86.64706360621973,80.36277565105878,79.64697481657291,73.02960693039269,74.48330707592795,71.49742616719841,75.28446620854004,1.2217358856772875,0.9744339954442287,0.7919973170323801,1.2869189298185366,0.6765732438977015,0.9103040887729946,13.784063367984313,13.183588494315208,13.730997624624926,17.254709710514298,11.103844224638898,10.744482755254067,3.092868712834945,3.049527842928383,3.047046753489357,1.153494331013932,1.9312272176818586,1.8633349076778623
RG,0.01103172522246016,93.57867113693715,94.39906562350338,75.79281908509975,83.81686232324394,85.38045009696916,78.67076208501932,75.38443448709997,73.10351233252484,67.95514331341215,71.83290027430412,67.20927315420305,1.0830600809701194,1.126036999180481,1.0428042609107628,1.070163998846544,1.2593000604598423,1.2747680109219128,18.069155308858505,16.96644505587029,16.217173560834453,15.370306928376626,16.278147829242705,14.08361584258682,2.4993302060868285,3.2175154536215023,2.7028780516440274,1.8452025072347373,1.6049448475127326,1.869930535951682
RG,0.004158318189922802,99.3605554196303,91.85965877034832,84.52676622720062,82.91270727357706,83.8858626457973,77.8102560560165,81.13101638820177,71.31208399934602,65.5712399353167,68.03486718856894,59.71634136339958,1.1770183430293004,0.9115040439766124,1.1011395177040941,0.9026432896961004,0.8585759865461583,1.099193987330601,20.564388543164757,16.817002079072857,11.690531936522268,13.486313318865653,14.203279413720075,15.966835937489755,2.5356301537055477,2.196002913607402,2.6488278892946338,2.717049287970514,1.511465404046413,1.8433222213171172
RG,0.0025942090890066142,92.30519028411736,90.69991563795703,78.07201827624544,86.66549382000146,81.93904242059564,78.94507382826606,70.3985899381463,74.39530603692722,63.394100969052566,74.83394913832221,63.98441843415112,1.196097867839078,1.2225613326465299,1.0769408921746182,0.9575418921074533,0.984632430407418,1.2233197313949082,18.02313379452777,18.72145595634068,14.526475222169786,13.467292026532405,15.495553575853299,15.90151942137486,2.7833779443959905,3.181203903258673,2.388092713763606,2.085723102112305,1.7027817340111422,1.853223823395584
RG,0.024650436097099014,94.79768828679833,91.3674801999745,92.97333852243408,81.92309930761508,85.46274235102736,89.6586491310196,72.23705713790436,73.29196368642906,65.17011183252228,67.36721681040011,72.66951566315657,0.9613397521328725,1.109632404327376,1.060886147756426,1.010774717237211,0.8402383402553111,1.1368793813341034,12.528797113590684,16.72691813327289,17.535425543737006,12.64941816082749,17.248475848470466,12.024481725688924,3.044196143720178,2.9273238713064433,2.4697777422131137,1.9135845033018721,2.167195477638813,1.8534979281754158
RG,0.017304126506308224,92.48651496956013,92.52633198725883,90.43626311829212,98.14768386342057,89.69341187158166,84.64599747020738,80.0038179387591,74.21723480080112,69.45863519139697,81.96698880304379,72.72398234178938,0.9930767760512925,1.2182223295351307,1.1059763980556647,1.1234874490991722,1.275180274765391,1.3130522004519571,21.885218586746678,17.477102301008802,17.928439401999583,12.75851028688685,13.249190053043012,13.528082702568467,2.7965714779698065,3.2460270122356945,1.6672603490001454,2.0611254017039924,1.8538901414543143,1.8376027553927883
RG,0.005492543880729756,97.25869783620558,94.4076510232233,72.59616543445459,92.36054504614567,87.5389889741836,80.19402230527066,78.09233121983927,76.0968422159969,54.27146775989624,75.7265262511196,74.07432044326204,1.1980426860745454,1.0584246065204852,1.072777041409123,1.1611445999475851,1.0312484202881371,1.035885453614752,19.41735512849956,19.142126868171168,19.736480561626493,14.454418832840279,12.080856746846058,13.551826255651788,2.0383069959673206,2.793859134513512,2.296420315734311,2.6300536799083334,1.9893684517492116,1.8826309103355425
RG,0.010190796172040155,99.69962645806591,96.56471175535633,90.70625792339314,91.27038987070272,92.03028412011608,78.93948075478201,84.9382541706436,77.90557733210797,76.19605162230087,78.41302047077129,74.06799987634616,1.2539007981552164,1.0733305172255412,1.0643909217564176,1.237392511663827,0.7543487371617422,1.0560015663254276,16.47796795715246,16.241401992586248,16.07919778903199,15.07885383078766,16.271106676573844,12.566336227944188,2.4176700350904876,2.4102296440182167,2.827637821296785,1.5574610557935573,1.7769089284166255,1.8440795558434817
RG,0.0006127748924941165,89.03519058138696,98.72167500593991,67.31461101344078,96.14327917620888,97.17401497463015,79.92634792139931,69.55301781886463,76.6762789206592,51.25529455440245,74.37242816619327,85.39078929830985,1.1308785098383762,0.9140970027688203,1.0743701044548655,1.2622790191698108,0.8853088048652288,1.277692057052016,18.266409344923474,18.88928489512824,18.137826104357373,16.540162490716448,16.93406914356448,12.119212143218064,2.1800026312409,2.339760747473671,2.4794081071317753,1.7539572305335076,1.2496543019981705,1.8594942437512934
RG,0.0016249946735988393,95.87117174525383,89.2295734586658,90.90876411379303,95.10615288192726,89.7347722737678,76.53318993929479,75.32024386060527,72.15435367010087,72.33139122185007,76.86351030935727,71.10023209106565,0.9145392754370858,1.2184400948864982,0.9958640990869239,1.2240328174085702,1.1157605896122202,1.017229675603371,13.598250977405828,17.241266590116656,14.951177854208348,16.999760335676534,13.046885212270267,9.258372118582013,3.3695232288839345,2.7899439235606964,2.376111984276469,2.124171599173958,2.0649636425344227,1.8740898038692078
RG,0.00597065115351932,96.47802006310552,95.16208149374387,99.27919837915063,92.08439069017308,89.90297303971705,71.98995569465532,78.46412286960307,74.45204726461517,89.50223897239212,75.27234299749034,76.76062534704876,1.108787630922097,1.0847168890950658,1.184241614440891,1.1703141574010947,1.2971727710719891,1.0670892826748433,18.28163876406506,16.009846018893054,15.799596485886386,13.431606626094792,11.912659323599788,14.051920103328,2.334224525596107,2.958977054438129,1.8798408827804618,1.4778125219053684,2.291085671532327,1.8632935469200325
RG,0.013518076743381449,99.65935915374548,91.94676652626794,85.11588265038182,82.5430130899332,82.45289505009785,79.5343225405167,84.8385616880712,71.50174002311249,69.3149251961178,65.03305675020245,59.755746148109935,1.001645341641718,1.030731979890649,1.0494167173810636,1.2504887640882993,0.9270277119559353,0.8598897956354006,13.726661124676543,17.345816079690255,14.439632229416954,15.303253581975456,16.2666489954185,14.410773173732242,2.565458311363652,2.6824102502534672,3.0200145820738373,2.0080429406161255,1.6643235251612722,1.8641790339458055
RG,0.0032230929769734708,97.32575162373305,92.44526813523845,77.33027091579964,98.26367177594224,88.16679675469885,77.52094147304612,75.49450211736122,71.31453134323245,62.731118280164736,80.3668590897182,72.5659892435253,1.0327976049782202,1.0051328340339793,1.2230012013350737,1.1414012718919286,1.0493839447845923,1.2284651942474072,20.716780718764774,18.354508074321277,19.918077723191523,11.849831979976043,13.720625582704418,14.571438531609214,3.0615241437270275,3.227064434188275,2.4240840666580983,2.392303069652823,1.9955152390465294,1.8534970532832318
RG,0.00607195656393159,94.14423092573269,95.82785689725945,93.0899075866364,85.26909748972824,88.02779077277935,78.62119882848773,73.21028648400667,77.32906712620117,84.08775414856082,69.77548559370075,71.12223876198827,1.0578682762529799,1.0796065188958952,1.0301843302946496,0.9533448233343945,0.8504633003337584,0.907852888952649,19.12042451133234,17.27907219934474,15.080490231652728,13.019439537341428,14.025954608733546,15.45216393746893,1.9475536465908632,2.5295629267634228,2.733047917510476,2.023283616351261,1.9755500345198782,1.8653193890913835
RG,0.0003598233142820887,99.33057249934097,92.24710978956956,84.85770354763955,93.06981954762463,83.50938151466654,70.08995499635937,82.9566044842958,71.75754616416118,63.56281750653234,68.56634177784986,73.58870143997076,1.1925924610067284,0.9976197960566212,0.9676073210554336,0.9299095239044926,1.1066648023742658,0.8452480432593861,20.579685752899792,20.489560146470836,19.756692891071776,13.46778478699407,14.036081863605459,12.172490508148869,2.459092189560305,2.0492460245138013,2.104639305236486,2.1244031493795115,1.7897928290521594,1.8700250668002965
RG,0.009375819512846622,93.89290735687018,92.45832083987135,97.17808994888054,79.63611919886202,93.39279312165817,75.29818471044547,72.26090744968303,70.30206284208333,83.7203559870127,58.35593380686706,75.2774439436163,1.0677999754555867,1.0246403576577616,1.0922938942390172,1.0441506158339757,0.9546065539989842,1.1464543295482714,16.616910902109343,15.692391867324039,15.315742213716309,16.493465639577444,9.881836612030108,10.287536803240698,2.9631467576251933,3.0297441962743665,2.157445001365275,1.8479544982132072,2.5153537632992977,1.8635195278692076
RG,0.00937171375701308,95.64281184797342,91.68473889001517,92.00160871361611,84.24601594467568,92.5634352974582,83.12971416627526,75.89294713776336,70.360769377143,71.28320586809726,72.09086756735914,77.94535880453557,1.1779443430901668,1.16530359154327,1.1734724194307822,0.9245258162442123,0.8627298288062547,0.9168982382461915,17.36153620754424,19.37934963271048,14.87343764467239,14.880721207988897,12.864207360926864,14.293026046255703,2.730428616216644,3.0276015046033726,2.723600935153143,2.263271218975232,1.7037000994094358,1.8633202351252396
RG,0.007646262476617966,99.13664503788713,97.67447925603707,84.20687701317581,85.11602038943771,85.2704507479868,75.98142858239542,78.6511783626657,77.0894028622404,64.60067005581895,71.37907862393746,73.8811717763933,1.2742848013099075,0.9921711685650114,1.1235870416622369,1.008758158960639,1.1755637735763975,0.7767934699043872,18.061272621212588,14.475224882574754,15.626827771334073,16.056698551143814,11.705947080286268,13.10450143284886,2.8958342576678056,2.5893086762115805,2.483349444666685,2.2213960486684847,1.2682407723800826,1.8567661970526363
RG,0.00466543629311256,90.43227314158128,96.99112067464736,90.53076185666005,79.5885267165011,80.39931567834266,71.54147243300208,72.47461097814829,78.66785978581242,81.56620101492035,71.68315832479885,64.22257142820114,1.154812802461518,1.0634958185744168,1.0771829251418004,0.7067914855803157,0.9211278174200602,1.0926300423431676,17.445598919450667,19.022601912614462,16.343602630903277,13.029631061292491,13.10359717268086,13.240260824080469,2.362401965525638,2.400056140843741,1.9546363741405446,2.6086366379482033,2.116111077176866,1.8624419198315143
RG,0.025200190667742012,93.51668244376357,88.33173462424566,96.14374892790518,81.75262623788402,83.40913636875867,91.45868035564797,73.60279876315586,71.30255160045446,83.9172419961534,65.74717323455656,70.38338654137554,1.2384328966384617,1.1516051457324792,1.0828540890837814,1.0110271333586052,1.3256458788292997,1.1490756248463578,22.789838362800104,15.132903456623144,19.04692350265875,12.891836862602233,14.982083075119524,17.975955600704662,2.482439400838025,2.5670635975254195,2.032073236600893,2.2038502063374117,1.5095746035821787,1.8573305373164144
RG,0.009201873066030286,89.25018051345955,96.19476806447807,84.13431415495067,86.16426407727742,79.19224953371332,77.16610535770793,73.36809050636913,75.26050942715611,73.67070644164241,62.802037168229575,66.33379854425478,1.159790853711619,1.0793830917384681,1.02396624562613,1.086354694543458,0.9033368292894601,1.0280265549567884,14.125607828792932,14.541895943881613,16.569295464237015,13.088685900119554,13.474460133992944,14.722455587461392,3.021412032003724,3.2624756731648663,2.646826010748228,2.3667679128927266,1.9983533290438795,1.8675852737962517
RG,0.0037687172854727036,97.54582066443915,90.27515377546715,75.44459004967212,96.06478071756804,86.65989950990075,74.01218232892225,77.29465424340964,75.31526564114867,56.4464836854892,80.59731953870923,73.80421117179282,1.2909548451966446,1.069503970144183,1.0626184756682062,1.0232302427120616,1.2175514996052426,0.7736297271371618,20.37469346284001,15.290265480063804,18.13775448202456,11.069830559583774,16.129873612173824,13.248689357053758,2.8990975284978453,2.3105996833551643,2.3832870108908755,2.116826914908928,1.9101611611083311,1.8792511181446665
RG,0.011349859958828172,87.40557094231872,89.95984994653406,96.38425947961805,78.22747558554151,91.41357913009823,79.99389178839787,71.23538108053054,72.01727137208405,83.33765448693067,74.84603924954011,76.52767682916978,1.2153369422908138,1.0530923572024131,1.0792918139524743,0.9830286982116683,0.7629788963228883,1.2087064806806402,19.955327173266667,19.23470059886573,16.323253795698907,15.504058121175845,12.054891719853304,12.278245702352546,2.8376930587816758,3.1798596874701013,2.4255546792572487,2.1818031688514385,2.2945597313838504,1.8586540838001497
RG,0.0019079180278928167,90.28229919413795,94.34550048518655,91.01423607826547,80.10730097827033,87.71218761707166,78.48275714636314,71.43074972090851,78.09745010024061,64.43140796415022,59.664963395472114,76.76486704960928,0.9078115750705753,1.021941079922258,1.1332562878362216,1.1167413518971263,0.858906847785224,0.7913751043498001,16.178315576226257,19.771862499674427,17.165344593040025,12.114130270970628,16.53968433876986,11.03886585910303,3.2504037375830004,3.4633475286245985,1.9218427700967382,2.440621622704819,1.883084662427479,1.8628177964367865
RG,0.0029394761147804906,97.99017017005397,90.76517788087267,98.57511913804531,73.04060212946605,89.07583345394384,75.32901721496079,80.30817011420277,72.19368494071622,83.26850280567888,58.15644999810185,79.11323799645906,1.157909963342012,0.9590981881237938,1.2436647669120982,1.0225452451127028,1.2915116855633948,0.864511885253459,17.278266765790953,18.59401394496095,14.700804826088802,12.405804431660778,12.45735575581395,12.429942416599387,2.7892357752943364,2.759007642991979,2.8590723075703095,1.869258236309069,1.717614723180355,1.8615698079353062
RG,0.004203480297897104,98.34201711826934,98.90791290903339,86.26547799184992,91.85701570525615,89.13102327396928,78.54244226929676,82.17946395422182,78.56817898017883,64.59444209373704,76.60427271320424,74.26108959954338,1.2431958718508132,1.1010613529084081,1.0395152544034967,1.0614606949810808,1.1842991930941658,1.2547721513854693,22.495247667077095,17.08076603416825,20.38637927081865,13.759939698604036,11.200740536296657,14.536616562748671,2.840179605660575,2.1345608329597754,2.244921053705998,2.1208899118484283,2.4921446099703966,1.8487289999905303
RG,6.85385633216484e-05,92.46571386227541,95.53266221904317,80.92014156098458,90.32199455633287,87.33720676169872,69.68480802660481,74.08925821534622,74.56016551270004,61.37648499615155,70.63360398746421,73.49511925483915,1.1218852018342558,1.0924566520362111,1.0235016919561986,0.8422802683063129,0.964851949269385,0.9314258200551597,13.733727543544386,13.516672262968104,16.52117995370075,12.915333765579328,14.878452214013851,12.240819212072864,2.5025405526902524,3.2453108479986823,2.7862308728441723,2.5527914887868324,2.2545908998250552,1.8435439796650128
RG,0.0005184031908776271,97.65816965478461,97.869207126146,81.40610673236532,98.12305974337232,90.81125085990881,71.25585600286523,77.24339870797394,77.66320009870456,64.07324726632514,79.01353711344348,75.64128921106315,1.0786807023781988,1.1740882116132616,0.9836016486017731,1.0388431509344156,1.0912953150841989,0.8748417606251939,19.109072070747704,21.197965809989007,21.9509771014784,12.878775439650877,12.134704130514715,15.652883197539047,2.300585601569276,2.586320857645811,1.9324422048934498,1.9776813283977617,1.9226422288469378,1.858511934009658
RG,0.004542938619640295,99.68888572967685,94.76224338204744,80.77050587027931,77.5459902919656,82.22313031931097,70.73518877872658,82.31091879281229,72.0944242894385,62.97894091523789,63.044102176206394,63.21154325826179,0.876453567630123,1.1221584164814604,1.2054854669911201,0.8971397483820049,1.0250819349594258,1.097641935841929,15.943042656528418,13.601191432762205,13.840470170161797,12.260849659173342,9.622195984050538,17.648473586497403,1.9442038787426226,3.0638776467079003,2.4058915736520015,2.325099202184252,2.4068862323126767,1.8452432975270108
RG,0.013622658634523513,95.58645145324613,97.0890189406834,82.26908873917337,84.39740552495763,88.95916095656447,79.2697111284504,75.14906072583759,74.73136317672825,72.6292632185301,69.17936926593333,77.84681587859141,0.9714877309561782,1.2732966217835562,1.1573723450306543,0.853831797315876,1.1855577120102314,0.6998101905340397,22.039075448805,19.50547980693067,17.10948675424563,9.589034683695571,15.329797795705893,17.11065011627725,2.792141404961037,1.9953588992809652,2.382989968670992,2.6917765139081475,2.26381801963165,1.8509963700636627
RG,7.835296584083217e-05,99.87114327274897,94.15072790420928,96.98751786738279,93.15962699675552,88.62688269897306,67.88022108623117,86.57534869480203,74.72104796362049,79.18976105690714,72.48540221038671,72.91628692130234,1.0346643135594673,1.1425898257600902,1.1141536797827492,0.8170018910065643,0.8171371976891124,1.2486939816818627,16.385384721469467,19.766805437835327,18.9760939438671,10.112394298266686,12.903127463901326,13.02477882258679,3.0818074404228253,2.7162108304290085,2.691127507254703,2.3502969461850713,1.9004251956026224,1.8584295263088144
RG,0.01244071821496918,91.18352433562548,99.6751704872215,98.95286838090297,90.65716652541367,85.05554415314202,79.4215299812661,75.45554641407267,81.8796184738246,83.32527546862394,78.01286456342896,75.9745330056507,1.1581247009486748,1.070857867652566,1.1293470207486587,1.1176338581104281,0.8639517855366795,0.8985953941294214,19.912267926102665,18.295384237433623,16.94978301233568,13.834088399402697,11.786241908110895,11.512303792042879,2.332599927486944,3.136864573414716,2.539226887614839,2.731619621401551,2.1851008354198296,1.8632505835571251
RG,0.0018580413429058462,96.27066905120815,95.96174049222049,80.94936890475462,88.91061533692594,83.76950636275937,76.44954647550486,77.70952219709646,76.26409692857666,65.24929916051221,67.69908569562234,64.85825888265059,1.1860046247606801,1.1976208586380155,1.1567387951164918,0.7808236399047599,0.9635973452454405,1.0579711930817437,20.585242354594644,20.413959560807378,16.115502343848853,14.470654481801324,13.61385219709275,12.60560015147121,2.6137501667204988,2.4768132195409738,2.296340110409562,2.4919446552573143,1.9294233722428005,1.8541128769277888
RG,0.00641153516811108,96.1191104035751,97.36058148472239,78.75632138274894,91.96032594102593,88.06094125933218,78.74387695113649,76.49356261956538,78.8446161561143,63.87221224517084,77.38929477523823,72.94484805837045,1.3175825694818406,1.1028704387141262,1.0966584958185663,1.1336544131386679,0.7859346891005599,1.2782415020073739,15.676030871893113,18.844581004865898,17.689491326755878,13.670970380497266,12.167652926695979,13.311981616219288,2.1618082965303196,2.9590363281193395,2.136802193762856,2.106908958889772,1.6949627055577532,1.8679759209750122
RG,0.007851950002853063,95.64543080538688,94.40941657146848,87.50799401663949,99.6807690991487,87.37500306019972,79.78866939720564,77.6209658010295,78.17304294417345,65.21157493154647,86.56444915014282,64.1685082901021,1.211999700626961,1.1796702900258507,1.0623513894369916,1.0852682816885455,1.1310405204867802,0.8954698118936002,12.074213360708885,21.10608780312083,17.517023438417908,16.619055841624583,16.394674139873544,12.150843588086586,2.225155722166697,3.2831726101488985,1.9624146299127498,1.8709850103890768,1.8773828678407676,1.861637971444141
RG,0.009289819961323624,97.84717708856499,91.54115242069794,92.42678879917628,76.31224142377611,92.38659524188333,80.86353411243284,77.73482819850511,70.0662831698536,72.84801433341877,63.56500110528521,79.43545295979314,1.2757535238805109,1.0057070996414068,1.04056302617786,1.1505683612404363,0.7407353984128504,0.8134318701518035,20.84848349442813,16.430597909829974,16.24118768946732,18.046919656478742,12.082612990647906,15.945694368917929,2.204962592261566,2.6116717540834045,2.321430559588086,1.8468914197736737,1.807666907099448,1.8514230595479833
RG,0.007171645224186125,93.05674892174535,99.32336541289177,89.3599491943763,87.1627699812686,84.94239582212859,74.83341005291972,75.23453605748733,82.4363714005224,73.63277536346041,67.37673871214805,63.07805142560608,0.8594616486083513,1.2337933383459847,1.0729755152758054,1.126197457625923,1.2151899304176195,0.8555186581773659,20.30940417477744,14.371224323775003,16.22402145158421,12.767886042171778,9.978528888968086,10.180123502657999,2.76921809983247,2.867202513614038,2.2820325546888047,2.533812320848532,2.3070682323190614,1.8654213029702726
RG,0.0015623319798604963,93.38774877388595,91.68041706182618,85.45983227310464,85.1097958130845,85.0073341712476,73.40442122015317,76.299294277119,70.68799536952504,67.92006627197723,68.84739109934921,64.95091825951613,0.9385680814360233,1.0678090406684988,1.1232257725314114,0.7836070428611424,0.908309212739948,1.136975121927502,18.0311141767873,14.673447859181003,14.46346454504529,14.72817162040413,14.828924955875681,12.900077443722171,2.644676730125756,2.9034405812056083,2.3829246479813095,2.437370200739252,2.1257619203214784,1.8583221008311979
RG,0.01254992653728014,99.82349892811062,94.0729318256626,85.02873435212702,77.20824561412678,93.00149285184857,84.05063903495491,80.78344051533674,71.92817697299526,64.45647154718816,66.91147006919793,80.05843693795076,1.1024172075199559,1.0522503044017821,1.002238112923757,0.930479970198957,1.1320329280950672,0.6950766371483107,16.8745674015587,20.12373357940663,19.505296440048728,11.791374043725957,13.500642246583428,18.170481479286863,3.1276127836538863,2.5411092194067693,2.4285055900034456,2.592238299153466,2.0188863073224366,1.8533002520095931
RG,0.014145856187349188,98.5892120128326,97.84163269150432,91.87717097041953,94.50216746731506,89.25218370362151,77.32573319976633,78.49638630426598,73.40028047432878,82.30743547713618,82.11366023364525,77.03940177168205,1.1415007527998846,1.1300949526710984,0.9363687385074967,1.0327534556395424,1.1318976008774142,1.2470151743447562,21.59213527375979,14.69906448903056,13.358399424683121,11.886337080104788,15.217956210631673,12.445119912472938,2.510946195086772,3.090273185349614,2.6364944628730824,2.6821643719577257,1.852353626175913,1.8669641479929542
RG,0.008057062034538341,94.60049584280186,99.8712084637483,96.1864380418341,96.51428007802049,85.82201083318537,80.53254693729018,74.22369753211294,77.5222927904377,67.74989321619069,77.41346538974271,68.60529512024783,1.171657575391742,0.8621163881410431,1.1508330560295095,0.9100164643496587,0.8090527662590133,1.20506682055992,17.526779746769844,14.429318993489192,11.703824631130992,15.705244164235877,12.68794104159905,7.308953413449178,2.227571964723732,3.236625077761401,2.885500948297576,1.821211752215674,2.3887990311544383,1.8784545089973037
RG,0.013390983112597302,98.69223020228489,90.91567629836926,83.96262346339395,94.5144464641002,82.35018953558522,85.51295101150869,77.22971923470939,68.93233986464577,70.22640581957467,80.02145573244624,61.65573054106845,1.1225279112164728,1.0643681464935286,1.0250427712774168,1.09322335292812,0.90033568860229,1.0530313239585947,16.636317364454527,18.538015670926274,15.240800331919539,13.476742278675257,15.485731838319126,13.95759037789639,2.7937473500742,2.5133025879320425,2.40361337141397,2.744058469248111,1.8033887483528648,1.8476976147627593
RG,0.001544753396727058,96.91255346932546,94.58107750027011,97.94970789119091,95.52218676455986,87.65611899653716,70.7980019080237,76.46382781519138,79.04843586884792,78.37135038045349,77.38853534946116,67.21733762780339,1.0378919043430925,1.2278493459197029,1.1329070369915997,0.9781892129500954,1.0850223713916576,0.8533347164758422,18.40962590871671,16.114166517380404,19.426759801442,10.472678239910106,13.863118150429063,10.387859171319825,2.3460715514304074,2.7361819255060595,1.9736995492082734,2.3156843185080422,1.9793690151743821,1.8554724317383584
RG,0.014351954011084592,94.65737440423972,93.07529992579396,90.174551136708,89.73160197804582,89.27823881592647,82.08217118927912,76.38332088735439,76.02570158826286,76.72770028572494,80.44655436130793,73.88186104579839,1.0208716120277757,1.2757795521112196,1.050869976520725,0.8935506799314308,1.0331464952412694,1.0345379369532441,25.028611973113094,16.744983952425198,18.83475842380524,15.686729423516766,15.14245347130149,11.624879992198814,2.584367809627879,2.7559055165109556,2.4480413195025084,2.328325257213229,1.9307898133729389,1.8401609275436015
RG,0.0052823288732732655,95.83277920923956,96.34171688738418,95.91135051875453,83.75879352533187,79.00043545183371,79.45276919679718,73.38676414555486,74.62629042733089,79.04215172257996,68.19780466950509,63.98002587006042,1.0851741696484452,1.1075464092889735,1.074886520338023,0.9929610564006092,1.2242070286739193,0.841077767111167,16.979939948973147,14.520538296104187,19.23173760068213,14.284485439141614,17.552699443120847,16.332467621855024,2.721555489088679,3.082300119125156,2.6952113330594507,1.6730034046452098,1.5031099271489983,1.856007037366062
RG,0.018458245814654207,99.21226284580091,92.22517126445808,75.905734972247,94.68170184331619,74.50467948467278,84.7737507525057,81.25147029422996,74.81431847835141,62.43250678062097,81.56224860614441,61.52445099303629,1.1385505875901811,0.8649524200815877,1.2982016466814532,0.7764265330994551,1.4319329624276877,0.9725435343368963,17.25266129305253,16.72618234603222,17.76513303171411,13.202933221746653,15.573555349343588,11.67657223446421,2.2723831435274238,2.9474857941211545,2.824312280184328,1.8196420904221453,2.2281638593189177,1.8810339338696507
RG,0.0118312503185945,99.82292830881225,94.8839353223387,93.9277368163363,85.36335562344645,84.91114002462183,81.20198429647347,82.52602860979088,77.02992528480235,79.00271112784641,71.76890301785282,66.6447062729618,1.2677504508603947,0.9413257858978274,0.8476444683283454,1.0823167603783357,1.0977931814732964,0.9712816252082696,23.120972034920737,17.14500094959957,13.558830702642254,8.60160126905864,16.342499757996578,9.774530249957937,2.215051813979517,2.932387531907097,2.7008794920404178,2.319973274436606,1.7354261117625263,1.8606115857726075
RG,0.012787152981409129,97.13611931047667,97.9190711821525,82.40656818824756,82.32073641184292,83.80374301017882,80.41616767224947,81.92838308197443,74.24350234504337,68.82763468605265,64.64215025860777,70.34036380508198,1.0774553059869243,1.140532144507347,1.0879709943642129,1.0342352075427215,0.7708007915408631,1.0242739048736176,13.112219618276484,15.781883485047917,18.13911170949574,13.776326492669591,12.353235751518477,12.87515623600676,2.7800492198063367,3.151914362556004,2.399439944993097,2.4886258484215085,2.110092994512779,1.8462817187597362
RG,0.007978454360617917,90.46855961849708,94.2450665283915,97.74589785220194,80.22744181606703,87.1058291214278,75.70306471501799,74.16902803828414,75.85692246240518,82.22117090063415,63.602251497794285,67.33072611011522,1.024500694233373,0.9360888905112228,1.0730646033610782,1.0992605480574666,1.1385566172808381,0.9271247985651114,19.57163709014275,17.968039510170726,15.378012159701939,16.04511682204608,13.181938458923979,9.98374876194862,1.9856455645071787,3.1962137831439708,2.072032027527546,2.1305749825259914,2.23853007857094,1.8654724288435345
RG,0.004097659562246456,88.17824561084961,98.00567973160233,83.37350125018276,85.9928053679427,84.78481992536219,80.3177838594828,73.1017871614137,75.3909152084474,67.41893754181004,73.67178007119412,64.42864474184037,1.2987314922847413,1.2064448489634636,1.1314680979176348,1.0241465275566364,1.202465233165078,0.7506450346319763,23.89343489107375,18.195897546629773,20.016359128527586,13.363955478232509,17.133805775041026,13.461939282098397,2.5512225038989533,2.7282276426094683,2.646549195466904,1.6938090534759882,2.193380893059908,1.8510135771196194
RG,0.001588598137908421,95.47134151461208,97.00152452041903,79.77705957998974,87.73274397234329,90.62099715484538,80.44821212004061,75.19483277401325,73.92119138680916,55.8417152112341,68.7560585853869,77.30128243242791,1.1801537757987255,1.144170995472977,1.1039772488061002,0.9808507967717883,1.4428096512449804,0.9959443461686499,13.671467812958273,16.81681244875831,16.19942946916682,11.57099181566367,14.211138514439517,11.370598312639958,2.531445455882603,2.3399949511888294,2.3303466872286185,1.629115910040336,2.3034110211753323,1.8580293131425853
RG,0.007101543490094176,99.35248067214245,96.83990752303916,97.35267431983104,86.76093750273122,84.60612397582054,75.0353169723012,81.41199725625675,74.57834561974386,83.56077897296994,63.87062515446982,67.07692581946817,0.8761432066771788,1.114917575599966,1.2221510265304256,1.089543703453143,0.858902296260623,1.1348870072853774,11.234170045055073,14.164060632049832,17.19143215062733,14.248011003469815,16.421712986348,13.99829499694644,3.2683030382277707,3.023936013658618,2.0288523589495764,1.83855463853935,2.0412429239682957,1.858328915544237
RG,0.019364259039283207,96.63452562216833,99.18538441941655,94.57739944389705,92.65715770245589,90.80285467314275,85.4947662836875,76.40600213008898,79.4311739293358,72.91185291690006,73.7524072174877,71.48227369186762,1.0961616304742896,1.1206760039832686,1.0130619789349915,1.086311810890397,1.3193223609059155,1.062572606092464,16.942823618865667,13.849812814246818,16.95114098050702,16.140827878921503,15.70486202956798,6.798815953080686,2.6771230507551085,3.3987896122104564,2.6709510080253414,1.518983831598443,1.6551417283300975,1.8860492407559963
RG,0.004237652794381379,93.77947786763379,94.67077614642908,99.93739280953542,94.93609620615615,81.48411501213802,79.57054498969151,75.86202363637115,74.72168928067212,86.3614935948593,76.46323864786682,61.60770219176594,1.1347241431002268,1.0991931550759426,0.9410295224007609,1.0254762203004466,1.0594561679150813,1.2651134141734264,11.764914328532434,14.274279453827269,15.673868385292621,15.556312461506858,13.427002242261418,18.5893434620668,2.7295826851726437,2.702254862894881,1.935295594812749,2.5969921308217514,1.9210770429383728,1.865010320367916
RG,0.019622899618822395,99.2991291155544,91.44046616822021,82.7019201901771,93.9618402413851,86.72659051392449,86.04995939480585,82.9003553679112,71.9711169170358,69.56100221507255,81.21229423359941,73.84992034039777,1.2591110518495596,0.9259936640994678,1.179117209469026,1.149255989497682,1.148988563211499,1.071911537075593,23.42417684793903,15.503644782931147,14.833011300905277,14.779053332364416,12.426661112225617,16.40621215925211,2.3623546535738833,3.26276106299315,2.009887402181305,2.00222241212325,2.122217461171242,1.8677905525995877
RG,0.0015522200659884588,97.03845577837753,94.99643971390358,84.29959804267423,98.50846549920473,86.9903715355202,72.39614755949181,75.75226248329675,73.33738387502063,74.63960445476245,82.29069370962969,67.29346240576461,1.1552099143266643,1.0444106891862899,1.0562308558654614,1.1504592730414058,0.8791928506349658,0.8933146174815816,15.048857513243776,18.00975400540522,12.58132559020364,14.369303963322514,12.296558839838449,16.402278796071784,2.384942286920894,2.3938309266702666,2.866580994677221,1.7257317955304807,1.9924718838351143,1.851415018301679
RG,0.006086939694808434,97.99451866215107,92.64778152120806,99.10078614246915,86.4145963538089,85.58828778818948,82.39707444564513,79.75983397968662,74.31501172787824,87.93709418235227,70.36121782267173,71.48349617885815,1.104491615839773,1.0197491526190552,1.0768434739275263,1.0122552493335837,1.3605399755009842,1.0183330577609382,25.722163091846312,14.909231263737894,15.546492585280062,12.310116575724436,13.1064027214971,18.5240173094425,1.952314559584556,3.110528526888778,2.6245814628384188,1.6028979765687383,2.154953308267457,1.8495425219387267
RG,0.0006945323427966109,97.01972646092692,95.29748919175537,94.17334910807779,80.48328760950734,84.26394741558079,69.1205678579454,77.10709507409618,75.75942771619691,78.46315919702727,58.46656801155713,71.47563388748904,1.352121428080837,1.078608699217591,0.973857410122652,0.9768116471550039,1.1058102425544767,1.0203496626591997,17.269247050993688,16.745291453852975,16.745815743904487,14.91961036777103,15.28480703878711,15.695555992890077,2.2321513161860267,2.7975760891774555,2.9148737316289988,1.834223183283077,1.6883491828735206,1.8490617232941309
RG,0.0012685086602219576,95.51727403476457,95.94977901141017,88.9553788298634,98.18962714136399,84.46303476347502,66.5823832072851,77.96836905134707,76.70783661598061,81.03486453681117,81.77787773024872,71.6201889854332,1.0381958536368188,1.1191807961827447,1.2181159116899825,0.9808801836453137,1.3249779512430842,1.2550983172086314,19.007632388538664,20.122428622340898,21.573665697230716,15.596674800356041,13.649054016141937,17.24311871952917,2.1966818072254073,2.888393833415748,2.369463589588307,2.0475562415915247,2.0567096219402634,1.8521033191089968
RG,0.010536311998802816,96.50346300927268,96.05568437453897,87.01442984205795,87.6106752372856,86.38776947617023,81.49192105319014,79.91550367593814,77.33556761783565,68.23093157160275,75.32881112843793,68.11034296955843,1.1139754163580373,1.0938251569253132,1.1055516522476123,1.2161711679866634,0.5440799362471019,1.1220999915133367,15.141206868368378,15.472759558078732,14.912598991780241,13.093373367656358,9.971171647393257,13.65857133381117,2.391020029147679,2.89656634124231,2.5327291718810843,1.559341141355207,2.3902992390215427,1.870504513357
RG,0.015371155524235123,91.96676403251134,95.58589512067238,73.81712608775862,88.16480459270453,85.75954002838336,83.69030639899167,74.27323543780801,75.29055812866302,55.6385553655807,77.90195489226024,69.7044803740323,0.9501358531945135,1.1647249749292328,1.057566334743194,1.0633733251047528,0.9157611937568885,0.9935383053691289,19.875370386997403,15.624865294673823,18.060521359361022,14.9812220721294,9.729965133400645,12.007927972991844,2.888298848421234,2.5045762241865046,2.7540779882415203,2.1815431175370223,2.0389340795298834,1.8566476613420313
RG,0.0017172877735986383,98.16225921979209,94.13316688242041,95.2371067841603,88.2656291760038,81.67959159614999,78.15082253088536,78.59436236491295,75.51489610593079,75.14612436048857,74.75940554608133,56.61884650876082,1.1147890786496473,0.993377430402997,1.1304222802391655,0.8557137176638533,1.1125357908818923,0.744620636691657,19.666371859252788,18.23172348780862,16.163261472004027,12.688958195143167,16.1625064802631,9.691470393057198,2.4068869387672134,2.664624402360845,2.200715213499509,2.346401331015654,2.070894580113055,1.8719339429761834
RG,0.012222549421521048,93.60763499512532,98.64009475468697,87.10224079285379,91.63473824716682,94.611687554267,83.3179952225956,77.26091580560467,77.8657723035821,66.47731645562452,68.95637847160256,81.35856864562896,1.1101103897370745,0.8576452449173437,1.0590008308385965,1.1968967766539436,0.7736372094910098,0.7024472836341074,21.339896628619023,18.04774728797116,13.84066650176055,15.260342615700777,15.189503162665357,12.697736905456564,2.3116802005815438,3.062748847921979,2.0972121849682956,2.1794725863142683,1.9915336206895122,1.8710563788006878
RG,0.004151905096290399,94.87497795090266,95.94640572060135,89.60862109512063,90.35997053269688,92.68471582992468,74.6277875169512,77.61806617319368,74.40938892941668,72.27765267902352,78.60125133326389,68.36446826742059,1.1558857146531727,0.9275078806807608,0.9899057797843333,0.9458090466176118,0.6231936632070509,1.1706226921238725,17.245430762708704,17.915286967157147,20.26879720113703,15.657525647195927,12.697522540457989,10.033121812723353,3.0080279937288377,2.4612727441784434,2.549013733305885,2.6980332452910143,2.1153983204063382,1.8545779564026859
RG,0.002115912709450401,96.82251714828851,96.42388389750593,83.4866289758079,98.71640189993875,89.31565773964303,78.38859524073891,75.67439265258332,77.22790500943408,58.89227803456276,78.17688334154045,74.8438216481241,1.3210780192308136,1.022276849207036,1.1733405821991902,0.944024416043323,0.893485501249244,0.9333747845413664,19.257940590709726,14.966626708457783,13.799600097884202,13.833480688038032,15.651289043987765,13.055944553902672,2.687112374649676,2.6199528884821,2.8152816872399247,2.355405691862218,2.1068705135266583,1.8621751214850528
RG,0.001615785700510264,94.43864513344109,99.94866750250877,98.13606797001994,91.80184720013641,82.72892349545292,74.84688618557612,74.73368343242868,81.33799430052841,84.52369987967545,72.70101141074068,62.88670279729293,1.1699023307253567,0.909859661109934,1.123615852996901,0.9538414375653348,1.306539648963036,1.0544036017973437,16.16848407129657,12.634933589380136,17.891378674978757,15.098659624062602,11.52517786648537,13.405139526097255,2.679042359636639,3.2933859976364674,2.2702853392054623,1.483291188029459,1.895233632750635,1.867310587415621
RG,0.0055564608101026135,95.41353545695256,90.76195731901032,76.39479769287621,85.07488419192504,79.84323152883367,76.69537313345396,78.79747378018152,71.30731342190465,62.86306250653772,71.52006474820756,67.93350229799593,1.103281296249453,1.1601906850159065,1.117035796201938,1.1609035155852903,1.1223362621040724,0.9464050138936657,15.623928554874768,14.294137932516286,16.513959213461334,18.012791856249923,15.344900175954074,12.813000078725343,2.9106678546078695,2.5848132808113307,2.319626735056297,1.9863742296649591,1.9968369022472605,1.8600552145089695
RG,0.02323604446512367,95.76446658816946,96.70826810074028,78.39700347508972,87.60638910258484,84.30798322553531,86.52459870043292,77.72919386189785,76.63203337983883,60.518797129781895,64.45224834541015,65.02543827369945,1.0492834223285392,1.1318476922720393,1.1267616833371388,1.035301295896227,0.9369977742796988,1.2235723367256577,20.120890480765425,15.401649362695784,12.595756550468588,18.08552626537077,13.240049298936286,16.82400751392884,2.7969158210494576,3.1425926115872898,2.5350456471391354,1.4123780843539047,2.1930102062803543,1.862822371629772
RG,0.0026859580809864276,97.83201054888337,98.77268311625788,89.2276958968678,88.08030766126294,96.07837893542325,76.17756354056557,79.31112366135395,78.72721981341877,77.36602174372678,69.728533882593,83.62078493573382,1.0384536197751493,1.095482494267267,1.032942443714003,0.9827055803236008,1.0838189441874049,1.0595501452650657,16.01063080113332,17.602956405337846,17.579569180346287,13.580709238186657,11.851453459295046,14.906703211427025,2.571945794321885,3.116735172503739,2.075646806715393,2.131161287961853,2.1537366049878797,1.8569498840316039
RG,0.004650253593724257,92.71917334057999,87.29560230719315,86.24167201661402,85.35858852212665,86.16422637962698,81.81491487856061,76.3183768614966,69.39230012398035,78.73951004031413,61.90384796816731,69.04484891156977,1.1549692439808412,1.0608164289603055,1.1362349701012613,0.9713350607801589,0.8631080157004443,1.1432507727908146,24.80315166602776,18.626260431822793,17.281414362103565,11.919033684165122,15.554904540953418,16.49642852692519,2.2821487277450903,2.7028092725640556,2.1703675053316176,2.612201518841627,1.5515711808314376,1.8369447520030582
RG,0.007260240798804368,96.66871081366868,93.05814901623887,90.65735858941625,94.7826520961061,95.26103873112119,79.17159315136489,81.6359825020602,71.0291031861737,73.86179018169162,82.82892757452267,78.26452364716812,1.138456530754886,1.3440404911100585,1.129281325281688,1.2631863732102786,1.1604503215156028,0.9804249224602974,21.669495820092074,14.46288099727998,16.551796408906032,16.40679464283003,12.642813398682316,14.643605117865125,2.2416134510776917,2.976438537077736,2.4178130493172243,2.0181354732949686,1.5342116616360724,1.8639581077279992
RG,0.011911564997668834,91.85855438237571,89.6824093323889,86.39548854058735,91.60979640600601,90.57083194897596,74.59101845528583,75.52327896138642,68.56881217933189,63.39521226502474,77.28157248082216,72.89161369356908,1.1342225724332669,0.9099530894246126,1.0347478062253086,0.8412410116683163,1.0209347289386568,0.8889948302891395,21.35093000305469,15.402756828510537,12.005669979511083,11.156033337404619,12.06012539918616,15.358058124388979,2.053454615026565,3.1513081958621374,2.5044858289237824,2.3380078896162737,1.7392353726254484,1.8539681127566376
RG,0.013983024640687567,92.59859838749571,93.57451101550457,83.65022598374235,92.18703076091367,88.11749879207989,83.31171739852697,71.96309181891613,72.09911035943261,63.51598950982353,72.8151061009743,72.42340621291919,1.068790447899992,1.0171685708306213,1.1498687470668174,1.0153595010766359,1.138555320569985,1.3290282212972366,13.590119378983815,17.222611202044387,16.416654963232634,12.308359698950353,12.894530103485154,15.83822140134141,2.3622574686096227,2.9115120106033663,2.136176137239979,2.010873273490361,2.7649456828168426,1.8555505424813112
RG,0.006799040542607976,97.67113122164331,90.03912490022344,86.4046544479207,89.88308123357059,89.40874289336901,77.7767354576191,74.79188946653946,74.99853704701671,76.70361045526704,84.56152314293936,71.05710545049821,0.9905572833728311,1.0042596008547184,0.9446123914096883,0.9856297738470167,1.519988057251362,0.9774788231810984,21.277384690707358,12.638234647250824,17.73889242041622,13.868420420825348,15.76382017610652,13.537898196256505,2.596416468226265,2.4651818039867823,1.8490903547688458,2.104468837312949,1.4905599437915953,1.865793711202485
RG,0.009828278274753723,96.46562059928472,94.1128983418112,90.94376161195153,74.53479860045675,84.90074402923835,83.70631685858312,78.97437457125616,76.40485013576046,65.53353365691736,61.81847584163147,74.53889233646699,1.0533277693376044,1.2705547707266234,1.14291914390462,0.9753605124173257,0.9736955597622159,1.1798404448175748,22.09609744312376,15.471635566008525,16.64760745802475,14.402143137633225,13.506649932606036,16.881824624895867,1.963724755043764,2.827480178482462,2.3277594845059033,2.6788711178944196,1.8811741199602336,1.8437524883412244
RG,0.016138419014375297,96.04179557888835,91.71746825275224,94.20075309827965,97.44776790395113,80.65232970804523,88.47230296618928,77.25920003970397,70.19668552531665,70.54058911883786,85.31430770106134,59.086124491523094,1.060480118956695,1.1396020529200788,0.8981161142737273,1.097910408302199,0.976267334820425,1.3054028641374136,19.839994135551315,15.935572049189616,17.132938365695765,13.039621642523258,10.945032848102937,15.02388869420938,2.724281152383529,3.1612129512206932,2.4921331964247315,1.8082821006131673,1.725598754181716,1.8529996569077902
RG,0.0016972532328061124,93.74032531810748,94.08909534034814,81.29898319498095,87.33728180154628,87.9738309718798,75.53376520568771,76.33489049523607,72.52645016062871,59.536809285795954,70.88090193674566,64.4750586409568,1.1625094861904364,1.0848730875191281,1.0849656465212123,1.0489799234870154,0.8521808095323052,1.0934570833372674,17.171734646657974,16.902001312179372,13.731298421201444,15.411260799741475,13.413931691472747,16.947236874526684,2.696833419850241,2.4615211100355774,2.2992088476705193,1.7298796073465972,1.9397556349842338,1.8455982648747011
RG,0.01514590467136749,88.16539583138369,95.15509984956682,78.2921526646768,87.838858575679,86.40782546199446,86.2818028526287,67.18792560905091,74.73436313328347,62.83929488760377,71.5867763961262,69.5511233762669,1.167675712600671,1.0852816973970367,1.0991116067889068,1.0315287428345692,1.1856994876096123,0.7058340625363746,19.80346089548832,19.774728564571017,20.742277381349265,15.31589235389179,16.293808066530033,8.529917848045985,2.84090874147169,2.775336568824621,2.454755805392673,1.9927078362318176,2.225849657272129,1.8774020243836478
RG,0.0004083149656736926,92.79258071284468,92.52483136269258,83.00215284641207,81.88279966512073,85.27447151489744,69.40115515809887,69.37279947033072,72.95938585620296,71.92369316455631,67.96392446746576,68.27110461482171,1.0440642966231457,1.2007834021617079,0.9425691693866889,1.0071709571316754,0.8217969695691494,0.9668125688838834,19.641566018649375,17.26261732416169,17.095784211438204,11.609183990852525,14.661252490741251,12.877241210046195,2.7221415176386934,2.744547356103376,2.55163710230986,1.9211383632154044,2.448295506182877,1.8746597518575916
RG,0.00806269419693171,99.44534219195819,93.71836525580363,88.66976363503336,95.80609657774879,84.79979666289498,77.98814559831425,81.11832360342777,75.46969727794651,68.41098169785721,79.0492016149475,65.88215733907666,1.1181920329909716,1.10987113955011,1.0019408037310358,1.026074848135908,0.8491397281947052,1.353968273592312,13.59504727269018,18.68187326293043,14.26172160470769,13.37973657655363,14.196476541182603,16.61613255864105,2.62676830676854,3.342423626089443,2.483618777105574,2.2153820834289264,2.258566101783396,1.838033975883876
RG,0.014197172832882835,96.19112540063489,91.56214528105606,99.09699016580832,96.06874626188281,92.4548031459655,79.63311572897656,78.38883570208169,74.56776176890436,83.4154170393866,71.22749156125693,78.9681808936353,1.0110193310375521,1.0900977404502599,0.9988522437630016,1.0505306261561693,0.8958831733525762,0.9307563386437682,18.164533586821822,16.36386066597672,11.587164050874343,15.114517389232462,16.151517296788505,12.903065391067358,2.651788843214097,2.4781397504940443,2.98561001657212,1.8170011762567995,1.8491100222539545,1.86760348017872
RG,0.0013671145725747355,95.95891961607701,89.77445004129872,87.33127188920317,96.25484673947379,90.68647964099176,76.08013929276665,78.28337822295516,72.02350429660275,72.25567801190218,74.85423273595963,77.31043695966905,1.160781214375237,0.9094464831617532,0.9933086880626246,1.0213698140296295,0.4971404158333117,1.0357680850778905,14.312665332813916,16.868772996225758,18.000334552442265,17.302827123108795,9.639882799667138,9.971696820692829,2.746202022374683,2.9543715576447713,1.6778011700049371,1.7634906117950764,2.1678194412120306,1.8856030045543164
RG,0.008379080888734416,92.68966099065344,98.19919534374722,88.11392842696,95.9056618536418,90.06233364329404,72.14326578697505,75.43391564106626,79.13501800999927,68.49329124174494,76.17585064981282,74.48675475580444,1.354321744423832,1.1422770935491204,1.1302392168902862,0.829386784040024,1.1738651916507503,0.8831323603563499,21.737559810302564,19.807458738431418,14.249177031015408,11.326009176305224,14.830603200648591,10.751110678146702,2.5420323890925465,2.1950300518062864,2.9956717953077057,2.325767858856138,1.8001696208723412,1.867423407315945
RG,0.015244375942143713,94.81558342253663,96.66605799605782,78.32003035791394,86.91537791116822,89.3152074057313,82.79441626398092,74.11792650248294,77.60161608605577,59.150337537717846,69.81545899424627,76.1543669482458,1.321864243605518,0.9446446350493246,1.123138078385389,1.0955243896759916,1.151613834860946,1.0974097105134506,22.577976970999426,18.594705410782357,15.508080174599064,15.515952015310065,12.671456119533612,13.585886856424993,2.4882859394876635,3.538183948227132,2.623762570920747,2.269855689609464,1.634428611907711,1.8569236148118313
RG,0.007626914937708969,99.66764447998459,96.22024711981976,99.74800754404566,95.76670587964198,84.42031435144486,76.68215242144359,80.38675440931392,76.07595539106308,89.15551115964684,73.62394923194793,66.95650060234199,1.056623065556535,0.8636412780184299,0.9942973517790437,1.1000390737384957,0.8227812595281393,1.128758462842018,16.373448187258806,15.946203885082173,15.455776677149812,15.17067868710927,13.590698946537207,16.782132266704377,2.583295429569687,3.069885937147881,2.557536147270844,1.8686724012500247,1.9753959599336741,1.8587729685949448
RG,0.000531533526113197,98.8772911705395,95.37046558142265,85.91477589877093,90.78411537991548,88.51367231515775,74.58366466962055,77.63549647221022,77.21568940293454,62.82924939606821,71.96414253973116,75.73783570155226,1.1421236167507964,1.0329655177372667,0.9943424386015937,1.1038667275079854,1.0667349362944851,1.0438140998574006,14.217467987299877,14.61325165762071,13.83992039543842,10.31310185917803,13.517538678454079,13.990876272039966,2.511970703877046,2.659370571228314,2.618688737610283,3.016165871418276,2.117845828396895,1.8669103328140069
RG,0.00908308955374626,96.91047866482803,96.94237233573295,75.56266412873043,88.4322017153856,84.1962005251238,77.52131861587581,77.63634228956326,76.45974617467543,58.79212117612545,73.1159339730489,66.50636386038632,0.9211127340856315,1.2289360064588462,1.1318282752446838,1.1540981071540533,1.0060186062789205,1.163153190558475,18.246526921543378,17.88893157585919,13.295503507552892,14.556456223457763,14.325750894605513,15.92621800730056,2.924949417007206,2.499119116948484,3.0201030653948147,1.8453862317209713,1.8565518511906276,1.8477261831202219
RG,0.02543475027259807,92.49373529026253,93.85681567404932,89.70742384055661,85.58019845987491,81.31995560979345,90.57365164847242,73.08139999003765,73.43585015205849,73.79555022238107,70.9765332238117,59.721921551074814,1.0059779706916934,1.1349023561557683,1.0073521640170469,1.1609608043550554,1.2641610172348472,0.9818946680583196,14.549517738833892,15.957408896167918,16.5765705607041,13.967339498247712,17.08654345348087,16.124595410414962,2.8246424187311723,3.0899296802545995,2.7514617476022285,2.482016556463,1.7876866342974091,1.849459585458328
RG,2.4830031115110676e-05,92.58701011900912,95.5103897876949,82.55934456557195,93.14705536647499,82.62025359850173,68.79928755917292,78.50586188541321,77.85064409293692,65.88563382975798,82.85341371326473,63.977210646448675,1.1538722800241576,0.977533241902915,1.3004101166425663,0.840360940489723,0.7396481764995015,0.9586700183711937,12.882024989676765,15.97982892832155,17.023727199256168,15.779946512016222,14.45862529002546,12.288787833352321,3.0627674709706976,2.687050826286814,3.0547003445991088,1.8364024719698309,1.9581614953798379,1.8577246464940351
RG,0.005883185606414985,95.29836061545028,96.7882647835416,92.32672824031876,93.81694959278649,91.1522308438026,81.37985858544167,76.16603489896922,75.39946267052275,83.89053625377177,70.26425958081427,76.02326717764085,1.1060866762103962,1.0068395656240106,1.0942401324264484,1.0362783698012756,1.1026895938410084,1.0290999370842167,18.70285974630761,15.923239502593383,17.469925578823453,14.433276249623946,11.964999058655144,14.145293665825596,2.5775087975627837,3.1969734756998847,2.165936454373745,1.9189040618480628,2.0942234436753906,1.8488783633513135
RG,0.001336641839289185,97.4322322004561,94.03788838322082,82.13584389244407,83.26806938200542,87.5197191284333,76.03913944034562,75.78032440300964,74.26362940966267,61.63133330098536,64.74520604372621,73.47468700904561,1.153598081970229,1.0018589942224159,1.116283755633345,1.1111754610967501,1.1270860148565207,1.169537191065166,16.71288869348797,17.76789540378351,17.562763036691976,16.366704092284362,14.699040602666184,10.999191668290576,2.6711707378446112,2.6493096589612413,2.362970227884509,1.9463105882533396,2.2851025769228266,1.8668818960481066
RG,0.0026525537830439133,95.23314303023791,96.4779273202866,88.60705443419054,91.77447086888458,85.32878262856742,75.55795250092338,76.02682316556175,77.52718545570394,68.4826045280618,71.0035808571851,72.56114481082659,1.336426388954859,1.0982782685575792,1.0731454585404132,0.9031054705155818,0.9618206783661556,0.7790374451134102,18.681982878243872,15.122638535740005,13.70462712674321,15.70674573525031,14.566591595879737,10.09457995005242,2.728724388061584,3.069812756155544,2.787579630594764,1.8203821050564626,1.4427614822154529,1.8578855409284307
RG,0.004286961092233525,98.15118168079591,92.09451321532765,82.8844088866515,73.00647248625285,88.17895113657292,73.17349573995503,80.75020466777102,74.2347463024148,63.65426036284515,63.629524542118524,70.40666957619149,1.0612973373767007,1.1180661402846512,1.0795085256653936,1.038999928427559,1.2557520672390052,0.9521313669054283,21.00680415044707,18.09633319890718,18.760795809380824,12.668705839264758,11.304897404937158,13.115738074476528,2.5898331405915784,2.6082793137925124,2.0282546526954315,1.9809426548933264,2.21827817823902,1.8505363856322798
RG,0.002957889920047517,99.93731925912829,90.67498875713744,88.36005848584179,89.02181581978876,83.82876346262779,75.61883385629739,82.56949786983517,71.64655341294097,66.10394474204054,69.41426195070311,75.3076276842434,1.1891108441447813,0.9720168336987935,1.0997172563946285,1.1606248893330928,0.978402593666356,0.966546379335469,17.58070849540281,11.654477545879192,17.368967059643648,17.449631287872656,11.142033071606091,13.02587793619679,1.7375514956937228,2.9150154094245666,2.6966542622671286,2.1040053926561755,2.625914429241351,1.8785173580709906
RG,0.006946569734691703,97.35718559486169,95.2277882298189,77.20463002908876,93.26968508198121,81.4832406550181,80.64111435190583,79.4123632278753,75.04464979673811,55.69553889288913,74.62016179429236,69.49771878930046,1.0408758716049233,1.0700487102480043,1.1327273001335814,1.0263465476613154,0.6983532805353068,1.0011813220033614,16.674997236773915,20.483410428585493,16.151661552364242,12.554063744418395,11.59070338042725,15.252540942744455,2.5556872735595557,2.7905408914050813,2.7483052166807758,2.3962437141010637,2.1002488454175254,1.8519412244986864
RG,0.010343684506543495,96.37448029799657,91.80061093720002,86.1756075723975,94.24014192459374,80.94280392638935,83.16055832336185,75.77438067855257,73.69948655953569,68.05071448569143,81.31724770922929,62.51290451122114,1.1707957095196977,1.081652081780526,0.9701192352558115,0.9962297767582535,1.2710073526576098,0.826304201455164,13.018480859682207,18.192218148537687,15.487818416704254,15.480912768095925,14.983487571989947,14.740433981951861,2.6310627585656245,2.7184678138349367,2.475577415287672,2.242385048133982,1.8164113680229763,1.8586596634227572
RG,0.007769035930170733,97.92533582671976,94.89129082483575,85.06721920652521,77.72828053922656,91.81639536040521,81.01850756502436,76.47023317053782,77.39779627229994,75.8571110263652,61.00989152899538,76.14536641680027,1.1560171625131668,1.0526155484561193,0.9210935740860031,1.0246702751067127,1.0715556525078935,0.8415677241895405,16.07276687015521,17.334532088472404,13.746042281305026,14.273556074442968,16.4592534885422,12.681596944669284,2.415256984341746,2.5427707908773987,2.8506715359359154,2.225569429134863,2.1329840980438015,1.863675609086919
RG,0.014788511773953378,95.86366794020483,88.62572936198409,97.43135751553446,91.86388544976157,80.53203602864488,88.05585563044114,75.84196525978999,72.67856962374012,81.46823269901039,74.47640076575134,65.37881229309178,1.2750207844800225,1.0062493709640192,1.0683260946636566,1.2515014495545393,1.1946814316734413,1.2505081621798189,17.604710789699084,21.581609812794078,16.83643017651157,14.4251010108855,15.564576503043044,14.822692128150248,3.327577891593906,2.5178330805336744,2.9112876532304615,1.8545766746319694,1.8441376924567774,1.857565776726401
RG,0.0021508697876748075,96.59155779618263,92.28962316777245,98.39789058978134,84.45328446392107,91.98228730505224,70.99249146089062,78.12377267876522,73.01034764576248,83.41795636548622,71.61988285440954,73.44863745606101,1.0127111650863556,1.1203358200510967,1.1114254151473284,1.1464405889148868,1.1055170087826642,0.9672113894866418,20.175385615066233,20.48935594225315,13.86961998363425,14.17402748746937,11.92774894916868,9.759347865507904,2.409477654147164,2.656553864554343,2.5071925466112073,2.7194397974848705,2.0237182287128737,1.8741366715651755
RG,0.008757619347598172,97.51929505723885,95.09679486982999,86.6656945646505,94.34357771433932,89.15608898492695,82.2559883174716,76.75096857382029,75.85179767665473,69.41940389600776,75.44302815344622,74.3374167719335,1.1041545390116743,0.9687279470988668,1.0163896834605348,0.9202779574356436,1.0145375071284655,0.9789322960095986,17.20546175507257,13.408214809327424,15.946621350150814,10.406204076831635,13.6073125441741,17.571224586271533,2.70661995112311,3.472985696150477,2.6279202911330604,2.634752529177075,2.1021383602700947,1.8493633590498693
RG,0.008587018869302914,94.77160950230609,96.20982713851367,91.57345183020658,83.46786186826485,85.25394803725841,77.69878338316998,79.10453915673538,73.35302086838664,70.17321756236701,77.98563879297173,73.34788537418692,1.077117060078138,1.0414254443689084,1.0011238000793325,1.1155040657534894,1.1357682629211916,1.3331322835098,23.45162999258261,16.588641163981716,16.775867442230346,14.990253833878489,13.661130391042398,15.106796155048087,2.1604797340271524,2.420413410815335,2.705413858668694,1.9611442134520416,1.8923824517282444,1.8454283086290764
RG,0.0067135786119225304,95.59023754767857,91.61473737809693,82.8628911905571,85.86493723014512,86.89256672541042,75.29369937582453,74.6242210255738,74.63506986175605,62.634012520200756,71.69664894725786,72.28608483713548,0.9690298656365541,1.081537594020085,1.1166550142476732,1.1519470805703942,1.0910013662078495,0.8751105703549981,18.985827623483754,17.325070606068596,15.925686668394556,15.236863517302723,12.349646522868737,13.32171338400092,2.929380365046035,2.8947181563714794,2.458844441796079,2.365929579901448,1.9225040657369448,1.85254967596201
RG,0.018127963946832512,93.14009201930305,97.01717539759034,89.65809176960823,94.42064409596153,90.45216076974832,81.22207608093056,73.4098378302539,75.71669131505958,72.70718812882888,78.08926106924295,77.13500163890964,1.0661680119771777,1.074055745210083,0.9929828030950808,0.7826738127701632,1.4339303462258652,1.1360354731546731,23.039404588157524,17.078259647783554,16.31770287277388,15.239763249309297,16.757930840022514,13.38288645435475,2.8131231862909263,3.1612943435749155,2.371651354799062,1.9926724984122317,1.5397387591164446,1.8529771551136414
RG,0.006735935256777715,96.96462060731962,88.44985353255065,87.36148896222873,96.01281218719225,93.70248711343895,83.89720119257872,78.69733166680071,70.15144801350712,67.56148090447279,80.13214390840923,76.33324866778015,1.0000375758931563,0.9703627093823239,1.082517216342232,1.04003533254683,0.9989364382392097,1.198085319821374,15.562500557676431,12.99571896433115,14.848486652548829,15.406685053522567,13.947695212094562,12.93292109147804,2.948812078213465,3.0972641634483846,2.681102109857924,2.0892933353535454,1.8435658048712256,1.8561173082595548
RG,0.007100878822196212,91.34680379145802,92.42246439779534,91.01430479066298,89.86934919535575,93.53874018967694,79.07713163621467,78.13367518785633,72.55545286908165,81.16932114408203,74.39627213568136,76.63991672408807,1.0930951630024988,0.9538660076572504,1.1603580140026468,1.0708482347463575,0.8603086868099423,1.1352820672964332,17.248014687237603,18.181739628898924,14.736815845011316,12.230397220155854,15.24845152137344,13.779356796739776,3.181004544770987,3.2282094693576564,2.7964876876102998,2.0893284460814496,1.8095970013427043,1.865596501281983
RG,0.008239027443403817,90.30317952482704,96.37465868213899,77.33693482367521,95.48858871800469,95.64929121883716,82.81887396953583,70.66356750939099,74.07065907945528,64.55203254046992,78.74493414165536,82.28668449639967,1.241601872068673,1.147769502676332,1.1739768337701362,1.139511475539748,1.069542188469358,1.2918252348860009,18.47322993932564,17.48469018335537,21.363278031678348,14.066588990037953,15.901128725830029,16.51779075978768,2.5223858054137014,2.469206611310433,2.097688899505385,1.846561053781895,2.5353700839244424,1.8323799222666506
RG,0.015723437704792724,97.39471484694668,93.39955350776494,78.23276456242026,89.42879402902963,91.23176095820067,80.0338947941736,76.58203939187068,76.96006488864903,73.753068322314,67.47866991359324,73.65549073958387,1.2862212730451343,0.9226843386556456,1.1608372702171919,1.2197973656324361,1.3830754100969422,0.8574109368021714,18.788226969403144,19.401077121824212,17.161436224278457,15.21776521188639,18.46125055081174,12.086680831175624,2.022881326755181,2.753249885123528,1.9910137192427528,2.4252896083305373,2.1491477353820216,1.859478605460772
RG,0.0009853363656730028,96.54734294263484,97.05428970279333,97.2898897146665,90.98252068793298,91.14437668535957,68.0496726941869,80.1623341465737,73.72339228930711,75.7568050700114,75.6805564607752,71.11944260538485,1.0423325205502396,1.0863636227057214,1.122185474230973,1.1361007163175254,1.0063053037424985,0.654332270144882,20.763021548660852,16.16226149535333,17.975415329311293,14.292765862996788,16.224937144426725,7.259408881167802,1.7357583914406431,2.6120911845384693,2.2496516585175934,1.7415414031418388,1.6914025676920452,1.8752082845969646
RG,0.0021466719200492106,98.1124805006831,90.00505603518528,87.76794207431186,99.1981019195708,84.27127168488737,75.79781122359594,80.82663510070645,72.29787522648843,74.90282339477811,88.21539246253107,65.70482289880826,1.1560313388510826,1.0559849321984143,1.0289604326110333,0.886625052165881,0.7473333943909292,0.8528852346305744,17.764822817193274,19.082028236569553,16.080517533248408,11.258126452453467,14.333586206551129,13.915136736940067,2.5754627937033985,2.2558713190555895,2.5273844382004222,2.3864678436935005,2.5594692059481545,1.8617165455374822
RG,0.007112994972159863,97.80900975354567,89.36562592731221,88.27197334967816,85.71216725241692,93.5394518587193,77.46892787638713,78.59755232965813,71.32281157374705,66.17547748425456,77.5725015356848,73.24318531535062,0.8996879802346275,0.8211937496114781,1.0383210838192642,1.0939516934079108,1.0330748102784542,1.2613608311953226,16.08072905163024,17.344081828688008,17.525211583271897,14.29997636023391,12.656639261244063,13.959070381759922,2.504170615966868,2.54651409195098,2.787193459565093,2.5898017013388013,2.021880892659477,1.8672403636214805
RG,0.01571632165965366,97.59183491027981,95.02850155079108,88.84615253027555,75.22874716941516,83.74795831155106,80.88590560963237,78.23719203365042,76.2084178111907,70.23454881844042,64.97601681661969,65.96804840833143,0.9763216943264674,1.0251945361455164,1.1155758989399962,1.0232368925171722,1.269798960397418,1.0557696195424697,17.73935777216249,19.13954080225445,19.103892580533433,13.731869663719781,18.139269851898003,13.229830316808997,2.499294745841516,2.655276924636716,2.189924503734063,2.4001730037261724,1.742997097247188,1.8659979997139886
RG,0.0054940536505695674,94.00303136082906,96.1131908988222,92.84354424241928,81.87550605577584,86.85145695129509,79.2763136370471,77.45850687576068,75.84632843466626,76.82190429417388,61.90864496768668,62.990435341493736,1.2517565899478003,0.9783739576807067,1.071463259084004,0.8827166412142057,1.3024498703737342,0.6430883604008264,19.91095536603097,15.570080742395623,15.622705348107278,15.519680242006567,17.950641353170276,8.041754493468055,2.4687791781099966,2.875127787703203,2.8871133939041265,2.301792785433408,1.6481084264090806,1.8690049927645513
RG,0.016494922545260988,98.89382492509525,90.66999318761629,87.20382319086045,98.83490950421725,87.41950846600824,81.42263868666143,76.90367745217397,71.21413994334556,70.36226948737546,76.27521913744287,68.26293311481851,1.1372939593104745,1.130032659822184,1.0450053622196696,1.0592377135046323,0.7433214808556374,1.198095791664571,13.48505498651771,18.63405612899418,16.686128913153464,11.697855968984621,10.952537716152158,14.893682009863435,2.611957119153586,2.7132669204910482,2.4046719690452085,2.4343170100644422,2.3418272323652394,1.8599710134397045
RG,0.00013949827016115552,94.8000420053648,98.1123691081206,96.28394977058292,82.65044521351759,88.74163229737093,74.7492452461546,74.05199850512022,75.21883654874112,78.46494367114701,69.15576711949241,76.07025662020115,1.1935706777337731,1.0655882261440035,0.9347955728032324,1.0611375745467588,1.0475215132606945,0.9955618508341733,15.326311804337458,13.65124421472059,19.267698710925224,14.300211754760475,12.959172241555246,10.751413573631783,3.0328816722812206,3.097956432200592,2.1502461713478063,1.4887153077657582,2.5199362972751995,1.8664277951851884
RG,0.00392853384016815,99.06073445690167,93.27085576755216,87.90180291068032,93.19345955105084,84.79264948372945,74.82649411071135,78.15469818350955,75.35885300397963,76.50488177598503,79.92439724325408,68.78185581325666,1.071312695092519,1.1270635060109522,1.0565303541122033,1.1737811843867036,0.8522773002182927,1.2772286292128312,18.741540937039343,17.265297147985546,21.826288609149028,14.591309067327508,14.050181270947872,15.837194432238288,2.764886771068058,2.6120823231465353,1.8297094790199502,1.9779229726821796,1.578921478946044,1.832769969949884
RG,0.0026226465133846293,97.15903668154832,98.63313255491603,94.15894878462994,83.96723510706629,82.70524953986285,78.49960750020396,78.60651151346858,79.02613974183289,70.87022722735526,73.01310050398017,63.80660489561805,1.0277274119450894,0.8846893069838255,1.0476488453503672,0.9859410713461385,0.856126623298815,0.876757956139607,12.109829915678953,18.126941341439686,17.92252003496181,14.061343473579694,9.611092684703296,14.319720253716907,2.8879667127858264,3.264977788604926,2.21877372372442,2.4814022387265813,1.9772301716543907,1.8583475829320262
RG,0.0027937757405552773,98.14622883380218,98.60524398727311,94.29229499767524,82.98667118429738,88.39686668578001,77.78551587630716,80.63433285902315,78.35276911931194,76.4781225132019,66.696857479322,75.92007107743173,1.0050306462303051,1.1736124978281266,1.0388377991659954,0.9140877570558625,1.4758908024003725,1.4045665234864235,23.75208897385484,17.51669938987967,12.874102487307825,11.941610913311942,14.305379830773948,12.481008831540885,2.382555414607701,2.5839707760462742,1.9329988399750004,2.2924617240536485,1.940639479851872,1.8556691921595558
RG,0.012160843423520919,94.97737459434674,88.58001931759755,87.76767550599277,97.01794607547323,81.86528585641186,77.49991279773283,73.73827437589583,70.13464265423409,68.35694482478365,70.8046679024402,66.22223609045055,0.9676385130514873,1.226158258387336,1.0617693122400371,1.1018324419315246,1.0214423695239785,0.6991717515204718,15.675927048656721,21.185709151799422,17.610246576277557,16.308665578975702,14.785323676368519,11.628458685058883,2.7304164487742613,2.438136425023925,2.270343056014274,1.9863677220267497,1.729429831038355,1.8629955212991458
RG,0.013175622526583029,98.5604506345163,96.85298785922768,82.7657267597375,85.66497816412388,92.76139219163039,81.60651167604499,77.56922784849554,75.70845229178425,72.19061320652534,69.65267837780199,73.39602005280423,1.1871585636290423,1.3182846901012066,0.9362597426223775,1.2159253722306433,1.0346867398529556,0.7089820786285376,15.280601404212792,19.495108272899806,13.423034712276815,13.65810522728559,11.65521928562124,17.069770296487054,2.624466108048795,2.7029702184391007,2.9742917960881385,1.6735698426080907,1.8710147947785456,1.8701631667190655
RG,0.0025787012672646935,94.8396278122135,95.77303835941632,85.71329100095168,91.59877703154106,85.86087031448088,75.46518612467477,74.8873158003826,74.91675627096816,70.09837973578654,81.11434100570307,68.88060310853481,1.138123760081938,1.0900226012683067,1.2837330232870567,1.010156629359759,1.0156242260316801,0.7516199408350327,17.86599118174612,17.134403944136487,14.306379648867345,17.131282732781578,16.96909700108761,15.48561595603017,2.1787637898323258,2.7537457227577735,2.3485126819478026,1.9168599892442826,1.9240818783612514,1.8694336288149067
RG,0.005876345964577791,96.76424457356516,91.3235205926297,80.84369382294678,88.37086930841292,81.92263120193685,74.98033014265079,79.15245795730355,73.49808972297468,61.66939555451499,62.44027010696523,65.70622610143965,1.0171248257020429,1.0025247532743595,1.0792471497631089,1.1518270231859407,1.0221390170384066,1.0492453850446062,15.657330136216217,17.2031472108077,17.308988480377405,16.269802240758697,14.78729282971197,14.588552515147661,3.1491736293455874,2.75201744226113,1.7603714237036057,1.9192862497651952,2.208084162872209,1.865096779954009
RG,0.00012624974753381509,99.19586044665165,97.70470532948043,86.87647843010922,91.2933412566791,88.60258502592353,69.18432526643848,81.34020476985643,77.1884602684558,62.622840129979046,78.73256252870915,62.527001087233295,1.1642615247186312,1.1357716982372605,1.047505614426059,0.8770410131425745,0.9235160293322728,0.7949646280702263,17.019788119326876,18.85330606295811,20.808895116392826,14.109481268085183,15.333328194857499,13.899929074286726,2.3336074713756827,2.3254237125688713,2.1782795920840377,1.7699401571208295,2.1238070123218677,1.8572740418546603
RG,0.014179965034457254,93.78532442485383,93.32426653491393,89.77908070075537,99.72536341566298,95.28330924516382,76.55002314836301,74.45281546902953,76.0146945998716,74.22769029937548,90.21358252216677,72.47467807104725,0.9642809432248264,0.9814315401192165,1.0118921372113598,0.9526224977147808,1.0391828846502529,0.8090496594589478,19.22758933496462,18.00366372227354,17.990528855077265,15.586939738601423,13.27301172540421,9.276414032700554,2.2006968390407553,2.4148475636854045,2.2016174961115103,1.8978090151110365,1.910818138317016,1.8705423158988292
RG,0.0066487136364812086,92.26965823693817,93.54743165667146,81.63255487925164,85.54535922796853,95.25175329974626,77.52046015987399,75.53796164524901,73.61121322715074,67.6745071650939,67.93392192685653,75.97450983622417,1.089811388106182,1.2595409174169223,0.9343003884542839,0.9160765011479429,0.9919039743930539,0.7410405401776881,13.359425926574499,22.162796672512723,13.456260612533773,14.372066161801486,16.52202344285272,13.211449978543419,2.9977304921611223,2.5890047364831066,2.865256558771854,2.1321761249671334,1.6467503913384058,1.8547391210789195
RG,0.003753907224231955,97.93876380880695,97.3518140213645,91.94588560973538,88.87346381109411,85.51758509914916,74.86524815180042,78.05223654483952,77.16287650832906,70.60435247132247,76.00478109184274,72.87812329374178,0.9600145753689497,1.0976453805000135,1.123924578104847,1.211699769447979,0.7665162521858475,1.1543040428748226,17.9021399018424,17.64447745754373,13.659352554418167,13.292849218555473,11.24204067419392,17.781890446199338,3.0018592151620203,3.1881198441565104,2.8253355972983405,1.5630567996193938,2.1620610875855455,1.8594865183257168
RG,0.0009566888897819138,99.72942828252022,92.55548815855745,75.5127192203426,96.14796965146903,90.30513425689061,72.03183591234507,82.620433737759,71.8210111936724,61.30789533540377,80.47739617711694,71.70498285241241,0.9821094939843142,0.9347460116185928,1.0645793743133396,0.9362872630410913,0.8983711848221404,1.1009605392765816,19.1072609908669,14.624335198965698,13.233403243105013,15.723882867231797,15.739687153151982,12.31661870143912,2.588894769940978,2.6703412554548587,2.0548009555699283,1.8322162441015704,1.6173767268933377,1.857661869048681
RG,0.00562163121721751,98.72211054838921,97.27341217959608,92.61787970416633,98.56126298105015,94.02685844609164,77.06570539511124,83.34013068762111,76.2148957602993,81.6549912708939,80.91518467420981,75.86118264795573,1.2922462336864462,0.9074117954517456,1.0321713443913076,1.0271248815131653,1.1225755822905703,1.0788960516128001,14.965952986083543,15.177014611726483,16.396840731124424,12.702818621475796,16.605966844644538,16.123242911867358,2.296082735825575,2.9872727166050335,2.503560575903109,2.570439895880287,2.299353737784355,1.8493330391648894
RG,0.0019177602866796014,96.81833928903538,94.22039487464033,96.29466794619935,87.03952812522041,87.17764815830546,76.20271427485842,78.8587077890369,75.3569878204094,81.5838147419823,64.50354642518245,72.7417933265509,1.0548723809280494,1.141510940866885,0.8920137088657832,0.8629697071825216,0.8674546536562091,1.1196968753029188,22.35284230132044,16.837976172279802,16.96475287350026,13.123507879472491,10.1216382910956,11.2213500571029,2.8627292676193976,2.8453469959702398,2.323811917029575,2.438992632731733,2.2397808552168486,1.8671087433640787
RG,0.0057088390645390254,96.11344856619993,92.42710816394657,85.06574439424908,96.23372290269877,81.77033086389636,77.27888616996351,79.19239547525157,71.18432005109766,69.19568725748857,79.91516479115512,74.98361283307716,1.173396540276858,1.1169070872058748,1.0851170520266393,1.008157997186005,1.4434266887433564,1.3038675103520598,19.67867461891709,19.8389180308141,19.61870570898527,11.983537386492666,13.253261862587255,15.758702511764353,3.063271518380115,2.6066929461664516,1.8347384357170742,2.8347787854149633,1.896930671706257,1.8580650924061648
RG,0.005161591245822759,99.67624221960965,91.18174746069434,93.6475117074546,91.56247090924151,95.32302374222321,74.95928332083257,80.18169475163042,73.76822906459681,80.59776233413453,75.09543462236961,78.36244776695357,1.1293418978622634,1.1502472652405902,1.1199907554906474,1.167609994561832,1.0346004129409057,1.231832271960204,15.252853467934784,15.622022879581593,14.182183627180406,14.20355743397391,13.610531028292222,15.004967836748879,2.841912732888077,3.5957016960846193,2.4791998954927736,2.5698257478844297,2.0484703170308824,1.8595433149338152
RG,0.00788045819772054,99.10648669480479,93.95774693291708,95.09202597614957,89.96418808163827,97.54968740358132,77.97747461309687,80.98184933076203,71.51184605268129,86.34644011980241,73.97447745148956,84.38807355253381,1.077895302844206,1.009668658590357,0.8707254428542609,1.023172504963272,0.857702589191566,0.8622859856491865,24.016998110404764,18.616088286339977,19.144159948382587,17.51609302054723,14.611184944465329,9.335248310720079,2.74895563605624,3.1004604772841318,2.553506371605289,1.9928220666617222,2.0175368666539892,1.8568517965613076
RG,0.014005590500501302,97.12414256242701,93.10119593538931,91.68001639301718,83.12462122564284,84.97745904319342,82.37021983236284,80.81238053731961,73.56078130731373,62.8246675842754,66.88199238201601,62.7211451539649,1.1052640956185793,0.9801188329606476,1.1657142566614966,0.8502350131794987,1.0050515862777802,0.8551606788665084,15.637423838915725,16.605199051244657,17.19601876818397,14.1473138481738,13.513633911847622,16.62884948838214,3.380884731705671,2.3251940373778814,2.2949436950896542,2.9307266186215672,2.038635741900496,1.8800481471093367
RG,2.713817196608035e-05,91.10421673817551,97.94199672131639,95.59897364143346,97.0221614050666,89.03733487837424,65.73256823950676,75.48169656776336,76.30535233857675,80.11989541869454,82.22247271925306,72.50638946635195,0.9389762497973236,1.1387106702364589,1.0435347736450364,1.0050705772734378,1.3146893536980468,1.164350076084504,19.933727941694304,14.509234252966406,15.490492265106907,11.256845628989225,14.059542381548644,15.726295699996284,2.6724475193535295,2.6334689366611586,2.703254859063916,2.7465161773723166,1.8517746894789886,1.8516912583019296
RG,0.002981387403656893,96.04284095851081,95.25252802189229,89.46948443769094,79.7367317616583,90.31225214569051,78.6305576315847,75.72190766789184,75.60854286338504,66.56018891424364,58.03193843517734,68.36541831948452,1.1546888369158685,1.0930208862147386,1.078329836510362,0.8597113195890675,0.8449698406357739,1.0308573901679525,17.999091563316185,17.44078200466547,14.349881654677263,15.912310274066627,11.789440660328289,13.081001528382743,2.395311254664411,2.3381229787463926,3.1286947593324754,1.9863616192689133,2.009261225535015,1.8619739007196972
RG,0.0013499595062009986,91.9320547043646,91.22212935445773,96.23540118365264,88.58959547530641,91.2366851059903,74.5760777553094,76.86650451529363,73.6538226451918,86.49503002229727,65.04267790375152,72.96150534464928,1.2469726960936793,0.9086088038402327,0.9686244587151533,1.148229164396977,1.206704617362383,1.2177820452473895,16.978367091131236,17.80321298742648,16.11969080966334,12.625577761559208,13.633798203762936,11.742253635066309,1.5717269489220627,2.6692570190292666,2.993106261281273,2.387444597331888,2.255164955245481,1.8610977123468466
RG,0.017525221116724325,94.31130676587186,97.03744824644778,87.2537115051528,85.39496434874216,79.25512447315576,86.18117735088563,74.52551909098733,75.17242405013924,69.35047796612905,68.62033664552807,68.13397144817718,1.0242559165144525,1.173036366223135,1.1091237445625735,1.0004165128668268,0.7786413160990991,0.9784178074332632,17.824209058407998,18.007928359286108,17.99628853440712,17.55001061367694,13.593683886593508,13.928395523608824,2.6410247652824164,2.338738047948495,2.115802817062642,1.7820964255999827,2.393910277461454,1.8647103556856142
RG,0.0008885280545684003,99.12964025400424,94.7086042934507,81.13935160275811,74.8301499805369,91.91811646832392,72.51380667167184,80.69026174536519,74.88469991470716,66.94102018348487,60.77215489346657,73.18678406639607,1.0794683505206586,1.0614751780037215,1.192829235020549,1.324425807466247,1.1662590937238915,1.1649081202082658,23.734507465900418,16.939210310806153,14.268003448094431,17.60799410680543,12.989281364254449,11.675356049714855,2.1106009910850014,2.665855961408491,2.0768285515285747,2.351334152944897,1.916694118957048,1.8657491349776087
RG,0.0037957035105537526,97.67481103126259,96.80486434393963,86.97217452151,89.77170877622977,78.61163819519473,77.8986407503154,81.58612149242303,75.33732856507284,67.96372195949446,73.18092856943959,59.40859251495572,1.1672119022735483,1.1297508805107102,1.077749678742839,1.0413389726374176,1.159547751408397,1.2687698192820924,22.0851123136756,16.966805965425966,13.340570196062504,13.366105451269,11.381169891899397,12.913911578113636,2.6065052547694445,2.4216736607762193,2.4304463896886808,1.9922836427632586,2.175922646465283,1.8600173491319307
RG,0.001421501694817482,89.3163020177493,96.9726258041559,73.8235922320173,83.45908553165991,82.99453858004092,70.80305358956115,74.563858321618,76.1849954112644,64.62095553006401,70.33258197670048,68.00958124294252,0.9823559584110256,1.1051174433150377,1.0395811766656906,1.023042597148652,1.3005932082718679,0.7342689006492651,25.10601840126285,15.900152801183614,15.441997919445965,14.86367040212898,16.636104553058967,9.896810532384885,2.8885861952500074,2.5026240768607804,1.9370071257208599,2.486440030604293,1.7488552836394524,1.8644735275443187
RG,0.012046689108694324,98.79418714936617,87.34298344637048,87.30976971805109,85.52520388065065,80.38374276449782,82.94680041409968,80.26736469334364,69.75228318210759,71.72424721636189,72.41696395692958,62.56817858428326,0.9799714756755654,0.9790901198219806,1.0771484818016892,1.116487071263846,0.7203378063221856,0.8134232020783917,16.934730408595335,20.230287053916808,19.45816276652774,12.25625892078446,14.882330296834823,13.049418319893027,2.4384366988552797,2.3241340261939696,2.5868242171099403,2.3328581466384155,2.0138916236567437,1.8527237884088348
RG,0.0050456004514065,97.55244630367889,99.48141701120475,82.58453994180987,79.36124311988175,90.79121197696107,75.09721319302325,77.91980289283362,80.02016501396,63.5038166576408,71.09312746581584,76.49406000450081,0.9771331247536496,1.1173586664047088,1.0865263218260994,0.9716376628898095,1.0749724048390645,0.9770788343701062,17.603322839984596,13.728527556121248,15.81445673856675,12.1798795151251,12.26473767606987,12.726042603390097,3.0253162917149568,2.8273892787639237,2.440218363729028,2.4827706924616377,1.7473721771702089,1.8538357422348108
RG,0.011814199273764493,96.78562928750374,93.72887032550567,90.44908028805949,85.39399584131735,89.82408282499294,76.24357402595582,76.26328609073272,74.75846434075645,70.10183548728106,61.684016494907326,71.98716058959907,1.0201793497170288,1.1669255095499178,1.079680123293126,1.2216755575000586,1.017297574046664,0.8524652773293406,11.025350618099697,17.087067447935308,19.923682832802246,14.320454137716586,12.284133812784523,10.028942585241795,3.222480060279835,2.4394423189316026,2.1122788315817447,2.1894666597019152,1.4909275160062252,1.867303349103267
RG,0.005927406380432019,95.90605665950447,96.01097537658592,88.55757873487987,92.12750847078495,91.05800222916949,76.47051856949898,76.36968932326411,72.96080080137008,81.26460279423931,79.41255063660164,74.70590520911249,0.9416862918058581,1.1484339683346316,1.0180837070853257,1.1070374213278034,1.1801135767142612,0.919001242715459,16.561613281406565,22.28517375586375,17.885787504818285,15.861083061960205,13.839311837165287,13.637963528157826,2.485124272987325,3.04500568948657,2.6817887377168397,2.5653168997499,2.042704017659045,1.852449279644467
RG,0.015334471041430446,92.8193243116713,93.31081954577694,97.70380932244416,91.30156130641043,84.3794886708923,83.07209986163653,72.65287683001118,74.20095290459545,85.13570628321867,64.12312604573285,69.96053012500684,1.0843801511651425,1.2655237910989432,1.1768919584905766,0.8763106951984433,0.8506340726274255,0.944163047212638,13.798378660508988,17.45167042288884,16.451908676786047,14.513167925405542,14.947303415619093,12.565474511643858,2.568227515597091,2.8025979301526203,2.545644563893916,1.8438375021461098,2.476473708630162,1.8626486798875088
RG,0.002846577403458629,93.1825532575317,89.62748875020158,86.71525836727392,82.78485588480852,93.74373163124751,72.6384691504404,76.05092120187625,71.7703276397575,70.09844546038137,74.90512655683372,78.22601577365732,1.0539374318152046,1.150246884068055,1.1111301964321965,0.8437532054940569,1.1436076091844194,0.8837172802108391,15.78749203764709,17.904177720964768,17.101593426778177,16.246769626246607,15.6914918935576,18.779599441233835,2.622445149799755,2.7956885833550693,2.243863190804369,1.804838781735334,1.875994982082166,1.8500073606061933
RG,0.011191726280698693,94.9418789302695,98.19568952502829,89.89089983244921,86.51325977611087,80.78553321445727,80.40624764774692,78.25136968596779,74.78334808369901,71.2786897453576,72.56560447343493,65.13643629929501,1.0826469916270687,1.0075751948911915,1.1735564464360904,0.9229105737227346,1.1201974292170744,1.0435893754709535,18.290357022746516,17.326994990808995,18.607597660459298,15.866131070281027,17.850160668844282,9.135849947066575,2.8735803392151884,2.699542454863826,2.171354663037634,2.3707896057778335,2.1427933162592767,1.86835321879363
RG,0.0008602425925629145,98.56230805159676,97.2987922373344,85.77078092643484,84.48594154370286,86.16002382696976,74.14218267114816,80.39606486097904,77.94285443665326,62.602567044793936,66.98723390853154,65.56706484518533,1.135932508162525,0.9735369017534055,1.1554834760948534,1.1866415769199257,1.4397276771559475,1.2916688379950643,20.99452698728546,18.243049918811447,19.341754331866333,13.541281848828708,15.663541891219271,15.43388734367677,2.8507027712264597,3.370079909128914,2.3590824124141907,2.1727999120674024,1.5826295245849453,1.8543209895325414
RG,0.007017619702323309,99.29303097137878,92.79879279567433,92.13120531112774,92.97960402057392,85.99473327011948,80.09694766446462,77.67575204888705,74.94595977572412,76.80950019502593,80.91859478485209,64.15061927898984,1.2710098570068382,1.1439109670594656,1.0848421129688115,1.034910190426245,1.0398212829519822,0.9221991387979622,16.797931883451874,11.601621977936746,17.9847875271338,14.833173389502006,14.687963955188417,10.907482861508154,2.3749540195181766,3.0098327908794102,2.570183779093757,1.8733422831926072,1.5513664636561566,1.8712051618861825
RG,0.0025967858002089368,99.74717610921381,95.05265411893274,79.52982324202978,89.62483124660966,90.55126393385164,73.8258986304142,85.28133729710481,74.75471309141157,67.22485892213795,70.14092484103251,71.14413370791164,1.162726293562518,1.0625512969093556,1.0920460117978836,0.9076508065019406,1.1221497520313704,0.9997613134105188,15.816182732044787,15.051323312651824,20.811666785320313,16.714696253856893,18.750486134168828,14.928071811268564,2.1146463880118618,2.9294362735217074,2.2238841185572413,1.7961264640586436,1.7270052855468145,1.8596743299678495
RG,0.010971917439109644,96.24969760388575,90.53443511265193,78.91733609507112,86.80446929229979,89.25089203488386,84.49382655548916,75.67803221534655,69.07120395853956,59.401880619081474,65.80165162675743,72.33361243071049,1.1712449470814872,0.9781274312378643,0.9682356756343294,1.033202354254645,0.9343105962710998,0.7399789326916622,19.29435375782717,18.656337346654126,12.818121134728724,13.38874953240014,11.972723825530798,16.97239901446053,2.6779157232632294,2.5379366837981236,2.558668268706769,2.274087983591458,2.1374868765692017,1.8591405882429974
RG,0.010726402668144374,98.25116796792969,97.45474942815429,82.03184031175937,89.83814268973315,86.80865856909078,79.4615111281362,77.7213167510813,79.09084364008356,71.46053894614987,75.54772387100766,67.56910722620371,1.150607240440733,1.0791836625293498,0.9444570788812283,1.1872281063882437,1.2257350356371426,1.1389053804981542,16.16901046690475,17.110554543429245,14.562531100550252,15.372238410931137,16.50778282400311,15.370289239303153,3.0139101521213516,2.860800123126101,2.6114481976204003,2.2164159158516292,1.481346698173461,1.8719498017934197
RG,0.00339889834292133,94.12488252117528,98.33000318724493,93.94449580499929,95.08706295298664,89.61669052600308,72.68450517332184,74.79595593480296,78.73140900827092,82.43628537518346,76.64619408675325,80.89756606249914,1.1879066263277043,1.0613219206725455,1.2441467657646694,0.8632988641062429,0.7773252652435599,1.0736651309139962,17.193526579636206,16.882950046347922,18.538403798670327,16.53823155809003,14.601425899299002,11.954248871390112,2.4365002773190167,2.907738684469113,2.2287635361567486,1.9732733602339267,1.5453827374375,1.8574181145520674
RG,0.004127477753274926,91.2842626785671,95.56067968826872,89.48789074502785,87.47384050351403,89.85018044946942,77.70736892391844,75.49498053063417,74.9252848286138,67.80442775522141,70.21497411271362,78.31745371615398,1.2128263751283122,1.0819347731539353,1.0578722703196446,1.1083171799558578,1.2999859809437537,0.7287183796378904,17.358652439008562,18.167411382835013,19.979640772896467,13.847513048194878,14.213644596488779,12.085999455572177,2.8635431544610093,2.841059437249419,2.5784401817301257,2.6825357937642678,2.162335439899447,1.8620298949754397
RG,0.0002214091100885662,97.01844091403028,93.68415286970351,82.5155021758309,78.66300632414928,92.26212730151722,66.58887781681483,77.28283825987135,74.19158815886885,63.3776251233294,62.53590051557502,76.35581095336381,1.145648911084421,1.1986840568546877,1.098542891472118,0.9151123959056553,1.557023494519332,0.8030917228351762,23.73074116596905,16.442666825303185,16.103008914447496,14.021734116931157,15.522840923405498,14.204027191872632,2.1692018949408416,2.792751841021585,2.689296877380438,2.756375081872023,2.19352073962164,1.8576323354413546
RG,0.0034997707893575907,97.96775059906336,98.82461053496995,87.6120157271933,76.52583341893384,87.33117699766,77.91649379434949,79.56379461958494,79.01367491493424,78.51438121349726,55.79108346637516,73.8400938967973,1.1413543493173042,1.0042424301008759,1.1427345556686155,0.8960075906077303,1.0805995320938238,1.2767077119811494,20.357252935724574,22.497157871679114,17.47614578668565,12.798190865573629,15.440230832403017,10.31219804017044,2.532171145934345,2.132697244099006,2.586860577401058,2.9670974310395835,2.0120074214508494,1.8520541778234492
RG,0.00852302959296149,93.80831952789997,97.56432758110405,87.10791435261805,89.0428935610576,91.8443645433983,81.55533940182747,77.11150465573577,76.51130360299594,74.71573080354965,74.7243423811014,75.66248042930721,1.1888380762046364,0.9697632629797808,1.1344849609868395,0.8556594022276992,1.2769104638106923,1.1083939348756184,20.38553915581343,11.650126595361602,16.380550122127687,11.540956268443876,15.971126712109921,13.65166294803211,2.458805723035915,3.279592570157639,2.125148716601453,2.3348550948206532,2.3908729052844553,1.8692545701370706
RG,0.009752939745383587,91.91259910139752,91.0702636808632,75.16468285943905,86.87924605681268,87.10006345820501,78.29747497215222,73.8569114417722,70.98818000659294,58.49993590821505,60.97975139900969,73.41399228871691,1.1188350359907748,1.2120261089612299,1.0694645657066781,0.7871665680227178,0.9852140737829497,1.0077025899752523,21.672219529412885,18.174060086229183,16.24377634426055,13.586772977411925,12.6591865179366,10.98272434974928,2.8114515996342853,2.7248832929350635,2.224655929879204,2.3916703611666943,1.7320796327111363,1.8626904842394256
RG,0.004420161961486944,91.86267357619366,91.60581940503903,91.25562382107725,89.06790417852099,86.20362447792512,75.84434308528301,74.12027530477033,71.77294123690194,70.64332125197167,73.83616655744856,67.05741347784195,1.2242725620435122,1.034040498867768,1.0820793530917692,0.9900720695661942,1.098002857928621,1.2114155348361622,19.358990910267494,18.715511272098297,16.248108144345476,13.754908956549663,16.83988478129081,15.725527786027632,2.5329281343189254,3.0042797615082755,2.5731544823741426,2.7489277832166237,1.6847461986165064,1.835480585294814
RG,0.01180007726548248,93.34334393194031,97.83422006854926,78.16689848761249,80.96235346177158,93.71183125187808,80.34126022332327,77.1923323830101,76.58896719526837,61.17491939955294,64.50977697269903,74.51809708605663,1.1159803521000013,1.0773960937653027,1.1545812576279655,1.033986033187386,0.5287647551358695,0.8443262851169757,18.64052500924516,19.592121042030282,15.908846815906482,14.073861124560699,13.432437636543941,11.784933543110968,2.477827150448564,3.1872343830832635,2.7906024818644526,2.706047054475933,2.3717795429977557,1.8687577898987668
RG,0.003877204239608272,98.4330052517681,99.56876175209972,98.90583597820574,83.56083937464177,97.2368784600925,76.07950413878812,80.75595488565664,81.33242332232298,83.88379719540318,73.08554925144541,83.34173599684883,1.0739658108222339,0.9435944846054303,1.1434744432237336,1.0183152337107997,1.2912159598830175,0.9712671703267931,16.066211514547938,15.170497105327652,14.256357096557476,13.8749937439607,11.052975685116568,12.069555008945787,2.857158474538309,3.3277373947714946,2.6033021476355995,2.6736134404794027,2.3071358884657913,1.8594325484478909
RG,0.00763065886223876,98.80449321529639,97.60482198299592,84.80564914660782,88.87358849466013,87.39008336458639,75.48888479544796,80.65688696418749,76.40698413145714,67.19619698407973,70.14979439428282,66.72722280382654,1.1511714407876192,1.1530024435853339,1.0624457144093107,0.9154463216977888,1.0024411062623655,1.1012780145802556,20.395290169560905,13.136432092959664,19.130397330791148,15.247024766031641,12.181548980126049,14.299888414718975,2.329910939860533,2.9830762377878015,2.1062505346050844,1.325020428059133,1.9852027018563563,1.8570215445528533
RG,0.010004827406593838,98.03682563364983,93.97210402328801,87.51347541701723,99.46962541787099,92.72031153271014,77.15832882898823,78.11325960889145,73.24915284659245,77.96038711866811,81.4255127929428,73.43387854109164,1.2088761246766653,1.1172079391069796,1.017779511052514,0.7721115488084485,1.154770163874046,1.051440783799389,16.158694075267654,19.859036847283495,15.605604544341253,17.012347763323245,16.329668390925978,13.024649229798847,2.975003549449487,2.8059354314686673,2.7231269536916516,2.0644882597691785,2.275442919720994,1.86295953335513
RG,0.004693527731414724,93.14263205155342,96.93990853592021,98.66071458923739,95.93584732221959,87.70497755537546,81.33084947382028,74.83967915267615,75.91172481418344,78.49621970407053,81.50578812227283,67.82839251670329,1.2008217270347956,1.151232607608223,1.0718399680015973,1.147491630552997,0.8766860509462453,0.8513120128048279,10.521455976243649,13.63774695357772,15.65773399990621,10.85168357028855,16.415910695875237,13.989530824550043,2.905960685123853,3.3068334975604365,2.627103207034512,2.5196559110688086,2.0129439876507655,1.8512297787112713
RG,0.009789892285144389,93.80925590426952,90.29086705003988,81.54597254753429,84.21697970945637,90.02100509735617,78.81152910583577,75.87005501193588,73.8514691881822,70.10715320883241,77.45336294067023,73.77255506092457,1.0505850743667482,1.2076280170997187,0.9721302019141904,1.2085284753926617,0.9271753622362179,1.075579903104381,21.321827777021696,16.43934742652844,14.771768004530106,15.900904819576954,13.375504441210557,15.371932603340142,1.9865562072936986,3.1973892511300686,2.4657179179857907,2.3174502774536294,1.9271678208232954,1.8787785061871165
RG,0.004626483414939055,96.69001201656356,98.48545524087302,84.34524802384324,89.56844261003226,94.29937201170338,78.07188568277056,74.67250058500831,78.96882335419996,68.01307230958992,73.6031594099917,77.09832922825751,1.119135405889922,1.0368053692310826,0.9696724447567827,0.8963674820783395,1.1895934943304958,0.9837824811687935,21.31043494106418,15.884811608029999,16.06929423611904,10.859783037805752,14.384975586563499,13.477958631997378,2.353826991277703,2.646264266171932,2.3252476189064075,2.2739761114032517,1.7653229719099643,1.851531870678517
RG,0.014347195126263586,93.1009218986427,92.6430311874901,88.19580935214017,76.27622442943321,76.19552253420795,80.28164302370952,76.67082964641125,76.36528471176676,78.69481921119115,60.073594906776734,58.84381137139836,1.161317325110848,1.059354230183075,1.0363063856568662,1.085245402484716,0.8185666636864852,0.9158973033615616,18.950115340003595,15.172937332045043,16.212670362539907,11.754814562229848,14.17859171620153,13.07040205692067,2.42631371045586,2.6367947308423645,2.2622808589727605,2.168498537961042,2.101176997869195,1.859076837081599
RG,0.006375951914871695,98.56276401368689,98.40052936411608,88.9148092227786,76.25053710322592,88.91036964643267,84.05009789083769,82.42093633767719,77.65975949509165,79.15187527047443,59.73599604420369,74.42022874197507,1.1810101380524032,0.9897982259266419,1.12626585856896,1.2791471828564935,0.7833588392540498,1.3142094866630096,22.257799781665355,15.320359271651677,18.038459861964498,16.225425202037798,16.875723846175102,13.687023063217879,2.765803484095736,2.556844894557637,2.6558754882838733,1.7831744663032527,2.113982794359439,1.8510083334377674
RG,0.003393271833059507,99.87783690434564,93.82283592723054,93.77779295251057,91.10078393464563,88.11761816286167,70.60403790976981,85.26397150105922,71.54884938903835,84.07454332116762,72.48084282869326,65.52849854150769,1.1273604625419527,1.1139643735694926,1.0501009555083993,0.9828702227856736,0.9377851938245207,0.784983564718418,17.736741615335042,14.17773088046323,16.637590218138524,17.633439789352753,11.674242945600355,15.85097288647616,2.509673001763008,3.0558747552588894,2.4020759359359696,1.8982160096268994,2.362665534505863,1.8529297926178803
RG,0.014000691242332141,97.49339627580663,93.05091849322973,80.93505519131736,93.26424752669584,92.06354149217599,82.73767899452073,77.60397850778838,73.06638249937282,63.6529183314897,74.01020295080826,71.80264147225564,1.0484403056333989,1.1299757121468337,0.963841195333637,1.0790441535608157,1.0458932473684501,1.1810263935040695,21.5439140642071,19.32484028883449,11.888266793352209,14.364775237165649,15.844458301249364,11.377514362101259,2.439175649943256,2.5739266777085894,2.7364284841031274,1.9409530563419468,1.9659889578406429,1.8604773189730308
RG,0.0053740064600406225,97.64137843325943,93.23189157038087,86.74808435846376,87.56068201873917,87.1314727631264,73.20430472279469,80.29034066351282,74.27067704042064,68.19464217890675,77.28170955236722,69.18421212755096,1.0930267231965378,0.9542885712095004,1.1267245037108968,0.8545014628587915,1.1044903621658604,0.9733327633457418,16.992225929061924,22.18966330493887,21.542835045746052,14.63671877273061,16.270099105161545,16.630877950793163,2.6397305681221095,2.2610629187031406,2.4205544350571646,1.9008215749765287,2.1107865810520647,1.8448823063239204
RG,0.004245099786716169,97.42192422816832,96.69317556265088,90.5420344056173,83.93435184148372,85.84508549969804,80.07660553700072,79.92909515702621,76.97537308279236,70.83847853110503,72.35376394789459,65.4952653619774,1.117919686655094,1.1737611291339132,1.1564215979602999,0.7834212982647928,1.14098300681115,0.8949330458000742,23.013510629149906,16.559671708917204,16.523669814455655,9.529342140310305,13.085088131621283,9.700143731796757,2.3938863355087325,2.9379366408060816,2.2039281052438984,2.09422302973722,1.9424853314183899,1.8690469477868492
RG,0.01383306423228086,98.00514656304648,99.99758201542846,72.4347831804771,85.40001787420123,82.27022307324762,88.4356558818929,77.20557447902891,81.87296051853052,52.53259505229248,75.58270647553293,62.25964314026761,1.1632464036041563,1.0690302050105203,1.024142725974838,1.1632561936059267,1.046959755149222,0.9956386263664226,20.37313042879785,13.190445023346367,17.235236817340137,14.666149248752154,14.374565567477426,17.791462935340128,2.5010329888441967,3.2479065155403637,2.5443322761762,2.2818390076484683,2.194004808183254,1.8692684720898096
RG,0.00822825808758637,97.10641297222558,96.85580557820069,93.38718801210035,97.23796616872342,86.94471256227804,74.14902724144793,74.34951948743036,77.69404671605596,77.11801931833939,76.02234639067424,74.99387440647646,1.041493238960934,1.263424331110591,0.9972197207040645,0.9714055582293522,1.0921749433051473,0.9192784100984717,15.178095150921541,16.128418783408623,16.745929860326747,15.80699529544147,15.633284270554295,11.170914781592343,2.533918184482776,2.9938352280109206,2.46703423583812,2.2587321831832834,1.9063764076606213,1.873323412560539
RG,0.011545818418491232,94.86560691229079,97.06028872508493,95.49132326237304,89.98382434725808,93.88158859502174,80.62907164366823,77.05989695986075,78.94547765633752,73.78720917504052,70.55283274477198,82.57879007428733,1.107059633998225,1.0250511580529758,1.1162255188957313,1.1223731970270874,1.0366240520162027,1.0845172520351694,18.269860554043092,16.864403248624225,17.509320461450532,15.759628448095702,11.252762131301354,8.97374116511039,2.328255381692744,2.5980247229535434,2.5133591257075105,2.0231688573944324,1.9506963744698858,1.8475460097357912
RG,0.0073934567013759405,98.3451341894703,94.53871069894352,81.36701803518017,86.86514667441321,84.38395763796748,81.85906422916987,78.63631194320749,72.82935021402648,66.21556433462929,68.50061052901725,68.66583191895353,1.1403601032056867,1.0352131952766535,1.092364640293359,1.2017667041570788,1.1071307743536178,0.7296333481165853,16.531072480529215,17.52744451339837,15.778434000238393,15.070906407750027,13.69745267566579,14.52445976712349,2.2238930942933566,2.8715238498838715,2.4300548933312873,2.238934730817929,1.8654328042889126,1.8655556561292854
RG,0.005853094315245242,97.67906974023055,96.79570202337338,86.50023039166942,92.66138640755263,85.27674281025838,81.51023475036936,77.63325100122285,79.38552553588852,74.42007653531569,72.85946320914424,66.77338094873599,1.2287864243997733,1.036996439958072,1.1410723260307343,1.0139422108908385,1.081643953706944,0.8165353211187858,21.529313328360516,17.493184717857766,15.825226963653746,13.916098767189418,15.496890364793416,15.93494924500197,2.5202147419342222,2.936718263403537,1.7760010654708154,2.2933098236509113,1.9210393908658616,1.8612603073854286
RG,0.002971106390173283,99.60793643421736,91.12738193161145,81.00490844662347,92.07653574804768,94.39127563018361,72.5347005745416,83.07374698626182,73.50363053872456,75.45439041755284,78.20315129699911,73.48156197980711,1.1048517034302738,0.916901533040015,0.9114969947547954,1.0524437779331612,1.0935624635593635,0.814862338256112,20.129276014764894,13.928751185071146,15.520671226956225,15.266938594982578,15.970434132136546,11.569095047190546,2.6741777902068544,2.655080381515529,2.65203989464068,2.172091515803322,1.6364731491309805,1.8467061338231132
RG,0.008240414277341455,93.6043210543659,97.26283131286685,79.62426156944116,81.28412837454725,92.75952660474856,79.72315585665392,75.0821180002085,74.5873383245197,61.58516373325172,73.13912592349425,73.73351538640459,1.2768539402994319,1.107063811923887,1.1269440808266278,0.9794003436727936,1.148174227563867,0.7099498263288134,21.28900491211453,16.69794337240594,20.748911475202746,14.161603037226586,14.30906966045775,13.60143765650877,2.55602097250807,3.20110547892053,2.3514484837116956,2.1443035717824346,2.205695802198457,1.8702205760812922
RG,0.0003034759674409886,93.61704036772011,95.96755073665078,95.97491234790492,84.04127146574942,89.13749056867466,69.64725285886176,75.24469158644098,74.59864241589797,83.94063253137237,67.31753020543174,66.91073949599303,1.196780106439822,1.070968344639312,1.028939147499805,0.9991829272758499,0.6635073508169835,1.2808833972794382,15.149788935045166,16.951821325617786,14.534196472264886,15.95307746454614,8.027784875466285,12.156454294456873,3.1471209445447403,2.608149881776578,2.3327032459930455,2.0441273454665962,2.5100518820116813,1.8613075595945379
RG,0.005329279609182881,94.93081387220779,89.86046939614228,97.10695324203101,76.29292570257722,88.60259150026062,74.80798047809178,79.57512459923304,71.66609778840443,83.40744942053877,65.44787867189565,72.95278747471733,1.1158677672697903,1.1071629400961494,1.0191109911974967,1.203903265709152,0.7981017593094991,1.284581973662042,18.316670185945263,18.71737967798141,11.802916636305458,13.228983550580416,10.853831480296915,17.668025371936498,3.1204685131780305,2.689067787864773,2.815764174452414,2.216813325941888,1.5488026253929839,1.8618540150830665
RG,0.00027268982320734653,96.10895919827414,93.53047389213565,98.6765370116146,86.67079931056836,90.824697461657,79.79076442444325,80.4897277761807,78.55074287689959,73.79293783511811,73.69652970417502,77.56703009831891,1.1673724167605959,1.1110287987586485,1.228384196300805,0.9950881278128257,1.038771531705448,0.9106882871382846,19.673286240629945,18.042337951711875,18.78203580104635,14.604867928869698,15.342643323994027,13.130562132855141,2.625885696478965,2.9952505355351278,2.345228892288315,2.0992661953234886,1.637126068780999,1.8531014673350483
RG,0.0064050392068724805,88.03778359019446,93.41958539910664,85.8298734131546,77.61963825994916,94.10086101813947,74.97092276854241,70.33096875314155,73.15385999582897,74.27882696014281,58.47590148619328,81.2899544669436,1.1452797126854355,0.9295608561366178,1.1409095112456935,1.0273308574288935,1.115208264670928,0.8675872077070766,18.331539431091635,13.141111437117669,19.02925208991823,10.77842770452802,15.730977985245273,8.603024903999955,1.9762282223323275,2.5099357942079505,2.04856213391589,2.1909725634772403,1.7098191505061022,1.8534478714589435
RG,0.007907836476103871,95.65504008651347,95.76432746683889,89.74032112474356,86.5040164870951,91.65803173547792,77.17745417251496,77.90706429371839,75.93118398159261,78.07844885330414,74.60112015132657,75.82574840568861,1.1206293735313266,1.0535581758960715,1.1258049207854255,1.0457447781576292,1.1872566921060488,0.8809562778485265,19.668743699056407,17.943765716938724,16.842492447485025,14.396653085368373,12.653525402434926,13.431928751248494,1.9559414223917047,2.8535629278471495,2.701916466748458,1.7108587843690237,2.2004496773911706,1.8774490526117338
RG,0.0018483374614716476,96.55464295497725,92.80879928904778,88.45131984882968,86.91664355165499,91.14901387742377,72.50537832169194,74.56957303024015,75.55478191087214,84.32636451069119,64.44278197033259,65.51843212357184,1.159321489914182,1.190077338054152,1.1432505200789855,0.8958539318307993,1.0117147274552878,0.9950453422279794,12.860220434073659,17.40702144845922,18.11318720329954,14.416094291806766,7.710261911369297,14.909614130177948,2.436697852961643,2.608860736045671,1.8087713132425411,2.0362781211218204,2.2018640034517456,1.845600109978294
RG,0.016698415528535647,97.97893464100152,90.22591880085442,89.7696804190255,90.60678112087207,93.47571460497127,83.11112897416507,77.39268474244172,72.6785846147169,77.3959882067234,80.73723151614104,67.22319737732097,1.0505392314254745,1.0157112487321236,0.98250383657958,1.1245814779283752,1.2296217674291043,1.134024626145985,17.544824059152177,17.793637361396936,14.904016483522033,14.224038052590908,13.262542075267573,14.298295405845844,2.260494163640383,2.446020111590747,2.4829268154441526,2.215344983047848,1.7352526402094677,1.8628681140158723
RG,0.006650432320572783,96.99290068736161,95.96399714954764,87.37841602683447,95.72297894318928,96.40460164358025,76.70962988197724,76.4170807524861,76.10744582269054,72.04200898523264,73.50060002917698,81.06034575468777,1.032652580613574,0.9243508664281141,1.1587482083983456,0.8925283127127432,1.0898668487435013,0.8608339495074216,14.878760412649186,14.748335693286652,17.249085761270884,12.798582239248002,10.125878238525067,11.35282482164848,2.2435446803380303,2.649353281085682,2.0342457528844387,2.117571101665301,1.988973808816118,1.8595467318375762
RG,0.012256833990768396,94.24515728052415,90.87139154042865,97.89883372554178,95.33640134390457,85.2121794616811,76.00431466816161,71.91778598460941,71.70140623685276,80.74425857636842,79.32249944874701,69.75709934912618,1.221535880308921,1.1293815376083025,1.142324492534946,1.230604257162043,0.822892514305485,1.1795514804043028,22.26368064827236,19.67949037068032,12.12442606577597,14.586476233958457,12.437898829497327,16.48208638400746,2.250562147257275,2.7861834604143367,2.4181903939312894,2.3043379721694714,2.278809912530025,1.8644730824264275
RG,0.013602534400971162,97.04590055423708,95.56812089408001,87.29830871324852,99.62007390315561,97.46926988285585,78.54528420419092,77.6080765663914,73.51557373713823,74.46125929281952,79.6592783712396,78.35991848888918,1.1312445081584497,0.9937468553463892,1.0523380435978253,1.0306496532142875,0.8629231810792148,0.9463970207646597,18.41289530246204,18.467891451140027,17.714347848459475,13.47257887865191,10.822223447318553,11.703534165275684,2.560548323121515,2.414758216213501,2.511143188936353,2.7256056242842783,1.913477284579842,1.865273673856475
RG,0.0012176219158820851,99.02871624244504,92.74784562408556,76.77515293181541,85.45165635826174,87.45477168143948,74.76471709856027,84.50383669631782,75.82045943015414,56.80446999650496,73.07189452765432,71.59108481761166,1.0729910747587337,1.1092012455552531,1.2831918805802094,1.1793284425434276,0.9377286734528144,1.424109026587354,16.030808003242974,15.811389164602673,14.744538765774832,14.719436341001686,10.197956621296669,13.01206595321554,3.355654096007123,2.7651360458432346,2.2573835940636036,2.6002672006919685,2.559158202950479,1.8709259076431723
RG,0.010231598708367515,96.7171383116041,95.39037521113757,85.57701098862374,95.84847796947737,76.19872838463519,77.38867379456688,76.68852616614409,75.44313636262282,66.00472976701359,79.17019314865613,65.60775468721575,1.1499756367926584,1.0639634824232496,1.0362187157911331,0.9916811445433577,1.1958719690120987,1.3010661616132775,20.93854744271736,17.433804940081462,16.26019738078525,12.370930430925137,15.38456908902801,14.180944373949636,2.3641087445929507,3.12614030093735,2.584905945545682,2.053710624890485,2.081811070031578,1.8525011038812083
RG,0.0009131841413744864,95.01911677808378,97.17293614003916,83.9295582626954,90.42063001607083,83.67535445346523,74.06745151804108,72.1838303874508,79.82729398684802,64.89143331402062,69.49363377306715,68.68084781315657,1.0898515967949483,0.9366502172337765,1.116555860783306,0.9959957028350652,0.8901702706138578,1.0057936633705544,14.493457078785,15.833578241383242,16.774840809014773,14.522919342841107,15.286152610759126,12.076155833954235,3.571595043232899,2.545392874631845,2.1833846670290624,2.052149523439221,1.4898869145664775,1.8729973774444828
RG,0.020395395279716285,98.76421399814832,93.8938498238883,87.07379202746189,97.22161310051047,87.63426302465746,83.86882558517836,79.16595685971113,73.15484623577993,79.61129701903546,79.5864356269348,69.86026012323065,1.0461227484502504,1.06850214392386,1.0869360554141143,1.0862535403651994,0.8762232374646893,1.1044644910302646,14.04943197198378,18.976950769573943,20.72903408512056,16.3200155635765,13.488718476643013,10.182459402577123,3.0109364519643127,2.9702120947705626,2.6054027583037507,1.6574456692012431,2.1972622299866846,1.8734013090006294
RG,0.0024141609322146243,90.84861073062805,94.2098085075125,92.0567582436881,92.9817919707017,86.20239410893178,75.82106613296226,72.74004413403871,75.59176638470645,73.61441370315224,71.14567943960311,65.52132871771884,1.1323753457745966,1.2494627682275228,1.049332538220169,0.99875493031458,0.8859468811539629,0.9480750942739984,19.249684785797054,16.318112560355303,15.044241618088444,13.065192419919466,13.670784266922345,13.45344737249948,2.4411899213749484,2.408329219349972,2.835127660691759,2.300039340130763,1.7574092135358519,1.853495095933342
RG,0.011819173048502584,88.04619057809043,89.3258742847514,80.78288405400072,92.44621614961699,86.7238510326389,80.11266993000478,71.86811669295994,72.62959065908564,61.33306112495533,82.990867528657,75.62354241485733,1.2083127214149882,1.001605287544092,1.1235379717065914,0.8159151781302039,0.7855066657637177,1.1260733615597787,21.598698640254145,17.69076375757707,12.69829424215759,10.791529802132352,13.523125115141891,9.43922099883741,2.627851461845498,3.2457784189607706,2.802396104672483,2.421197606717282,2.325686700004268,1.8845360800634898
RG,0.007415731898285445,98.69346151015061,90.43532484501435,92.59156040477976,93.15263807307412,87.27541945786426,81.57710517521986,78.47798235840739,68.6979496393588,87.33504499809513,72.91366230351045,74.80330615710294,0.880035492110545,1.106474350442515,1.2139869033598467,0.9528937427444131,0.9376152453280397,0.7745599122075564,15.118159043684392,17.29011762174696,17.048064938851038,15.238932431299926,14.184488706726711,7.624259692691507,3.163999035862041,2.8149333746170737,1.9574915393109233,2.0048303097998725,1.8198745168006365,1.873279568364344
RG,0.02331080396708827,98.87788554507556,97.34440602102073,89.5890154676117,95.47762385727322,90.51699914555766,88.90028678636678,78.76143726732643,76.56018644040626,69.24246389492633,75.87746332784262,70.3075420856969,1.1084285748523077,1.1136010399952199,1.1206028027210029,0.9119233671494462,0.7246749060953528,0.9867883369215564,20.489614307703288,15.926312144921155,18.67922400064764,12.033063545615107,14.144300848319007,12.91135604511879,2.7773267005086906,3.0514918951275853,2.119691363622511,1.8454192966962182,1.9628077070105903,1.8578746073964536
RG,0.00039950091875138065,94.31113795100897,89.63117545841098,88.01861883362504,91.7143100808147,94.41273457142003,76.16684183662075,72.46176598574169,71.38217199745239,73.50707143860896,72.05126700842119,75.15820285845822,0.9712076620266725,1.1720169790785735,0.8564470378617728,0.9753026910919235,0.7339312713960252,0.8883287068486395,18.19142172842935,16.261118930168255,13.592291486863516,15.526870134894462,15.383939969447239,10.943958767623714,2.960822059031353,3.0626681216721905,2.5219769358124275,1.9913085758953952,2.0385250791522522,1.8550943500592618
RG,0.009149567735333913,98.90152669383278,94.8450914140728,91.03363137475183,80.18484533729057,96.9919473029459,82.40153308383525,80.17701507619176,73.52500856313436,77.42829157115308,71.91454194428648,77.71048719795601,0.9904429154082447,1.237372105904533,1.1161082003988747,1.0270784615203974,0.7965775949390497,0.8917934101104638,18.935938092748184,20.4027051559822,14.41216837266445,14.262040225480153,11.688101112657876,10.836004474504453,2.7434929743335745,2.9205607901882074,2.8386315638599653,2.701318598596831,1.8722456800688516,1.8639351231702512
RG,0.007843012554924594,95.72765107265803,95.7127947650486,82.06114932907609,81.87747454658646,89.49986812088623,73.82515752841894,74.0636767863978,74.8114185323108,64.18631458733829,67.8066026636146,73.6629491292327,0.972874836640554,1.1536470070410978,1.059254075821665,1.060767893125122,0.995362497188912,1.1155107511417202,23.404694560919953,19.95824955914409,12.211340380727458,14.369493872059623,12.979306038981793,11.968196509335055,1.8365249012808706,2.571023349067774,2.4334800590116155,2.659260059402966,2.226546453753307,1.855674306308253
RG,0.0058349897181961185,88.93219034219035,91.17574800751065,90.81088386426903,84.85275183393846,94.13629807769546,82.78616665218209,74.20467736397224,73.13430407431152,74.48882440801547,69.56151904653719,76.97317581729767,1.0762340151406182,1.237431640236264,1.0773931163153527,1.043131750317247,1.0066331640286421,1.0829855906605643,17.54572388302839,15.937037296219016,16.07477225986132,16.06081572236147,15.308313898824823,12.693820789844006,2.2998830696191708,2.595941470510428,3.003438001609955,2.1655144304818466,2.347242538728497,1.8645464710530537
RG,0.0068798351297350725,99.93449666376341,95.5978048685031,95.48524073032172,89.05522941514032,90.9050554373732,79.77654996674113,85.9114973421001,77.40940905441347,86.89232647012702,73.71461923754839,68.21952236962862,1.0162653421179217,1.168964089746162,1.1735924886882816,0.9193232539836108,0.9899383514502109,1.1989533497359164,20.43461725061411,19.784080946176783,15.0417997240831,14.338303449736243,14.556846240854652,12.471236274734597,2.5400545344854057,3.096653370559456,2.778288127551124,2.285777837447984,2.265961671662019,1.8422738176212028
RG,0.0033214045265220968,97.74594476895632,96.34079741949087,88.30244217857992,79.96248272610286,92.61519369071455,75.42207481439938,79.07001719721164,74.65046718848838,76.02549334348105,56.38545934399995,73.42720688116947,1.2674668686052062,1.1864160846418241,1.066857134308118,1.1733634083953781,1.2695078072658759,1.1782862038611328,20.413236188877523,15.637118508694924,18.53716444630703,15.148648066462545,15.470859346610421,14.294166619237549,2.5095070234974397,2.5960144639962768,2.008458566670084,1.5384277618871718,1.9478743241000527,1.869959925768543
RG,0.019642581642817795,97.36356371808353,95.82012919763515,89.8337263369523,87.99022436481587,82.51821089500135,86.11154242088033,77.57944436260928,77.88958941230386,73.96044578028285,77.34212613707767,68.12082488728163,1.2018387902785825,1.0850247239257873,1.0506892487405775,0.8624917319736073,0.8540407836398967,1.2068784121094622,19.174136901084633,17.660401434485518,13.640622842730732,9.958838987560563,15.14840952412571,12.69309437200331,2.848483480905201,2.767876096046742,2.446695382834825,2.5398426348569325,1.530843492929036,1.8554902676694092
RG,0.0045126848920984475,98.36910477301305,97.16498671550364,91.60629949714092,82.28970530697856,91.04417695488667,73.98140188818326,78.30627237458197,78.21532042418653,81.50669862634042,63.44372706087239,74.32258686216512,1.2462722141161104,1.0839566198236588,0.9595737795303179,0.8971343271918046,1.0132341956091766,0.8879933766063896,21.053988921977993,13.409245789100433,13.548728350912057,16.023253756817606,15.222311475440474,12.271860478016382,2.4989892951259836,2.6695621040159714,2.5089476626580494,2.1362325789413767,1.9486371234605575,1.8742061783728856
RG,0.0016283401363429357,95.47849393341102,99.71960823675298,92.48963751704608,89.59799038574126,88.61961049899845,78.2028283211036,80.17033614947856,80.34653549922157,81.12465736362205,69.21298898008709,73.33839072002854,1.1807392847407034,1.0660846429156805,1.1341903502294606,1.1044448040688255,1.216228024333939,1.049018176079321,17.91643445574647,14.604071708682648,18.087220339644215,12.131505295910033,14.794691636432692,12.841788834562788,2.6195087486968847,2.596276294505146,2.311916892470738,2.7971773215120623,1.8185323015201682,1.8718606256610293
RG,0.0016310136279995757,96.78780748913533,97.97046932950269,84.40480174485592,98.31313321054688,93.33137464189184,75.92886786534497,77.85074142074927,76.24919445828371,68.37922809393248,77.53108266296414,75.32804303458566,1.263044459723731,0.9818229637061295,1.0326464039690961,1.0542784293113028,1.0235920405105134,0.8631542340304752,20.380556388647534,22.77790044121702,17.000615222466212,12.943838782589038,8.349341956769175,14.928273229748694,3.168052315830045,2.377228114288303,2.256593812734455,1.6728351663991665,2.2987010555724905,1.8594188939449972
RG,0.007453639126977574,92.38898250205536,95.09246791709019,90.55007627373688,93.59827854299533,81.28082137506546,81.53472283085925,75.75071437841193,74.54432915488614,67.58719965840523,77.960158664316,67.14663076198627,1.1792015539883773,1.2030892482190132,0.9801332366947044,1.0752152205932617,1.533787019562269,0.8552525988663178,17.965183768215738,19.890957325403026,17.183930811262734,12.248961944519504,11.493076012441115,14.848887492345916,2.2648564356290293,2.356935049552469,2.5577119152490586,2.712189101367077,2.5355790503057225,1.855415934710149
RG,0.0027690435357110234,96.51006210662506,88.69897128134706,91.84805713948643,94.13939477980512,95.7855886432211,77.17811025307674,74.50256147805484,69.30094061012966,71.0527218944388,75.52252058313931,83.43495308152544,1.1614660787245383,1.0911635157562176,0.9560435326571327,0.9846700994292986,1.0228114749007697,1.2453289686945945,21.158240498877444,19.059265113504818,16.625129228402916,14.794584653063543,16.738334021770925,14.990925327857026,3.4665229299562093,2.4157807608300494,2.1493329995874073,2.47425495608972,1.982904566451634,1.8535005145601051
RG,0.003385144210706636,88.86309640908391,95.52322787965775,80.18268233531917,80.46676696933629,84.82059071474254,71.65017278362038,72.60132456914316,76.73679080810066,65.60787378502489,64.21442780769007,65.41583500675483,1.2105874711998033,1.0696540687771434,0.9618631980497627,0.9613847267759912,1.091785716746192,0.735389954740636,12.428033630883167,15.099365190741821,12.4206120582896,14.044161208370205,15.322355209797124,11.433189213049229,2.1581003046273444,2.7704057436272587,2.6034119034563252,2.7567338543079987,2.348019315200161,1.86774231463079
RG,0.006632918339974588,95.24143835563696,94.32787495608765,85.75992443810811,91.43491290103887,87.36389288467866,77.39082626752695,76.52690957563284,73.55975181359271,69.42415918354162,71.53477554902268,67.73332738243579,1.055210875324127,0.9873544857028215,1.0860382713098664,1.072705263803275,0.9820925082197487,0.8741652507771184,19.680418764653528,15.838122474768944,20.755810800177663,14.75859651797802,12.25072354832504,11.169922997016323,2.8644387098207904,3.2980146571033604,2.31952644849961,1.9816678955976954,1.6002755589369797,1.875583981593475
RG,0.010581386654143519,96.97715968668732,95.61437794796143,89.89667863200442,80.59927356511541,97.61703216041118,78.38391980318966,76.02203370124751,76.29028229970113,76.52582877570414,62.669694345851276,76.00288967070973,1.0843417326620202,1.1372626819514615,1.1650998606912684,1.2166550048584261,1.4090168618196117,1.0646394543131392,12.966004692519693,16.06240383158719,15.769488302353277,14.159107072549778,14.322134699004968,16.346778405957416,2.6761320540750297,2.5880896537950884,2.299349111123679,1.9580951192365192,1.5674193597690618,1.8666967776437953
RG,0.0024993647210160095,98.64476751597347,89.34846135229334,91.36066647584157,85.40588869728165,85.2930777714864,77.58022600859516,77.02754157273252,72.3292042744093,79.48220552417797,64.59678356896777,66.73548229008708,1.1152898019481332,1.1639311119710583,1.1462684855048189,1.1229620143579562,0.8809271656157919,1.1871713582659709,21.26625910443175,14.870046021741322,17.921111971195376,16.19039562380693,15.67292586895636,14.398901482533955,2.71877402060147,3.0886217869651573,2.423939474689162,2.250308405545836,1.8849413980575873,1.8620427450581345
RG,0.025126493412700804,93.51394070051906,95.9140988992286,94.98677895560022,88.45059438479822,83.2891866403765,86.73017096152287,73.9257808164595,75.88159736610132,82.59330540275579,77.00807670201542,64.7642973293323,1.165626153392921,1.1367479542746648,1.1399911945740684,1.1647376150067836,1.2067181830162272,1.1027519943160105,24.135103125605024,18.66015959733491,16.17114024281063,16.80667280496503,15.822047920639,13.39240861225255,2.3720305591429436,2.5475375442236246,2.4394096371787493,1.878890055997021,1.7302091772266506,1.875790621555713
RG,0.01555362591043635,92.66277860346395,98.35419411547267,93.52490861270542,92.07515207047179,84.67362443199085,81.95305749197381,74.59594392787749,82.19013979870951,67.27297149797609,75.81735085759111,68.72108973616552,1.1774987964590111,1.0986164024186003,1.1061055394083739,0.883486410992807,0.9726829328318101,0.9939945079350949,14.95181335793163,12.18653711029766,15.544519495210078,16.05500654527543,14.182448373283876,16.994696625928956,2.413894962603819,3.260943616718283,2.4998308784747394,2.0523476997733763,1.9237197147034841,1.8560575086625006
RG,0.012289306714665856,87.42781565473858,92.35256682536306,94.4850726083671,80.48135003444683,83.22767164991023,78.35701799436045,69.24005894844436,72.9729301562239,76.12938691089384,66.41771030343084,68.38071079230909,1.096328929374953,1.1137152997670297,0.9204184542585653,1.1012795580422328,0.9802620671969369,0.9363800842370085,18.428444268184577,21.019610724105377,14.5081556855848,11.80887204469839,11.56887846991403,11.444838406846431,2.5057076567498666,2.372901405563935,2.9017933440161685,1.6416647389906562,2.1085020284300438,1.8604263426289736
RG,0.00910688745439845,97.27431574307514,92.82955289436985,95.0294212222334,85.50019220512881,84.76711326707765,80.89534535518546,80.49032127729987,73.65596336564771,86.07705283056379,63.30621208824861,64.03272882745814,1.1624383977131014,1.0019036752684483,0.978080693519657,0.9783147411134093,1.4598773115407964,1.2281717933271579,20.22732153496972,13.46074947926321,13.438605501837278,11.231182348348153,15.885750882227471,15.3035949243109,2.999681076976342,3.2636423034706015,2.153111030216707,1.5829249308108635,1.5075094500026314,1.86858358122179
RG,0.004639772794246341,97.43093669913732,94.34399170853875,81.03746308638662,82.70714149640337,85.81086933052407,71.57594145192712,78.11134184750753,74.97286774139002,69.00494019141446,66.32834192425614,72.75943161917586,1.1295930095419364,1.0771679420184284,1.0510556160055256,1.107636215328802,0.8797194051479145,1.116612496601622,23.546509459526536,19.236878865559035,16.69963835640479,15.527904398349097,13.511609425672368,13.8381916251364,2.1216700744044505,2.9780018625828144,2.5921537503085976,1.530023054319515,2.108132785835554,1.8597594138525704
RG,0.005578140759528178,91.90990848650141,98.52971605513034,88.87559401030312,90.10993304702464,84.83671328443646,74.57408729126757,71.52818645801938,76.25228305373379,67.70037157322759,75.56542537707332,71.70755381444876,0.9711510544435974,1.1777786224735702,1.025499324376654,0.9247586606315852,1.2480161576883932,1.26830939951695,16.52983989526379,15.242087531664318,16.883778975436204,13.030203003411406,14.133630440283634,12.471709465814378,2.8785200463917806,3.101058324055939,2.450634277767036,2.3720082063345886,2.0226577481522674,1.8679410829165028
RG,0.01199683093432172,95.9618153119512,95.53272019370135,86.66568639012722,96.30880606465853,80.09193906610197,84.17854080065037,76.38000649991335,73.21936973472066,75.32842111370074,73.56534709879772,70.67824768174727,1.2720296961780224,1.1498924077663204,1.1600316931549817,0.9543376347515036,1.0696640166656937,0.864341721842049,19.666166708525907,15.90622554049515,17.922374681102397,11.394756444970024,14.451027194256682,13.495870532180907,2.443025053482139,2.33493650837902,2.647354905709551,2.728142537036015,2.050347492867565,1.8565210256260225
RG,0.01915442477682454,92.16031542287656,93.30122841091632,89.74326599813973,87.01900710416706,94.69582813421555,85.34865957617868,77.61840384598227,74.8058032008058,74.1045754320174,71.67841617219041,81.51297298965676,0.9938997724585965,0.9457821994123171,1.2440518005501435,1.18197494018346,0.6667937512223834,0.8758281299849646,19.901546438763717,15.697393078586625,15.715686267543617,13.729711907578954,11.691113958413947,11.425701142105297,2.5087800286223145,2.796470547967023,2.489715885382326,2.1266430321861693,2.0800230095376673,1.852041895625606
RG,0.014679757951471122,95.99982304639269,98.47084517514267,82.85365152269655,89.03476038141439,89.692973579127,80.25638870808906,74.84116632313832,77.15864617044737,68.53087842178715,66.61967666079212,76.47506366803557,1.0169494263947627,1.1327614749392343,1.0933364133044632,1.0522604983003725,0.9649439550577449,1.0486128054192618,20.00335129665722,18.325396313232485,19.05100472378789,16.823663113359558,13.395996979600826,12.101759077273272,3.0095627969111756,2.7287708206836756,2.4004409027476195,2.433105156888707,1.8725183982243827,1.8731779430011342
RG,0.0035543627796682195,99.33706894707264,94.33349659481453,86.9576267215267,84.76275087455657,90.25858797328159,78.06281546767256,82.7233216822183,78.76538114333167,72.70263756126782,71.35827961193597,67.33898524380801,1.0353323942938912,1.2048996955220188,1.1741119373591282,1.1306846241248893,1.082321847251328,0.9385276103830251,22.48686220236892,16.009349173006097,12.886284577508658,12.404636364761283,12.763498012973308,11.66316559719596,2.558454346476029,3.4078751349398195,2.6702595715995945,2.101390112573111,1.7751025441325061,1.851019405319377
RG,0.011908286717231266,97.42828144641027,90.81718014618306,92.13649273868879,88.2765587050548,90.3037256939343,83.03325721521166,78.9797416387327,72.8654238237387,85.2898589001882,72.08646328004181,68.69568058881626,1.0367216044422913,0.9001259483727101,1.0450970945712295,1.3038674936420855,0.905833621255338,1.07120083908145,19.36308101771467,15.101467524085841,16.498793291384438,13.361396862696099,13.457210827971952,14.458731640976744,2.708349946231585,2.883884617750047,2.3242274450329874,2.178702684480099,2.01162525284675,1.859086754800414
RG,0.0013629189489256432,94.48775966640751,98.67680834373613,73.25288425065307,91.57887890197415,82.48019416551318,74.20304928484836,78.67272051374364,77.94072031146885,63.131587978710655,69.91789869690808,71.4006725177995,1.2587001341015507,1.0512007424448442,1.1060813892316506,0.8165860904303044,0.8083028475013667,1.3169303602525948,17.295450275479226,19.366387976386346,14.741108345545413,15.21664635743729,10.589161683914076,12.892850282161087,2.918735273709073,2.993493552023002,2.459189737261639,1.7640707504250814,2.267083998295452,1.8575011333877636
RG,0.002524481861518555,89.56841560599655,99.51725598416631,96.60316491861538,81.82392401721273,92.56738872403402,76.12360426591921,74.51826514643317,80.26198727284412,77.49936735321066,61.02292091633644,72.31717123571588,0.9696786054258231,0.9792456727352873,1.1720187263061952,1.0747420902364866,1.0894795167315943,1.0165938044534617,14.287676464374549,19.55803738072182,19.172186930458707,13.35029267115881,15.56891786529533,11.209536504080791,2.779335208605973,2.382281389374172,1.8175164903404863,2.341223617445502,2.2658109946476697,1.8624061739982123
RG,0.008425839592173651,89.1909443374734,94.71420674150316,97.69969118278036,93.94260858897181,87.4956603250958,86.50087042457169,73.04511013674035,74.44131454034095,80.19485337112104,81.21885162609041,77.30869797463694,1.141368638572924,0.9975207752705219,1.0028529731836182,1.2043564372822582,1.021373738830368,0.9603503526780363,16.83754690276428,16.97016507348483,15.819069279699269,15.386946926105225,15.998111806044594,13.563735631963503,2.3099642264569393,2.7570648652608796,2.492332030589321,2.3727601539954883,1.8279292540020236,1.8554190119904315
RG,0.0019668991534891457,98.6600496084497,93.17385265709305,91.37236850997306,80.06282898942624,95.5172986711243,79.19933399238133,77.65089926913834,73.88351996957275,71.77581053709545,66.03815744655346,79.09441896223267,0.9979474388188236,1.0284218484970584,0.9663526144729437,1.2394404958939949,0.7145596680548612,1.1469052733485159,16.738910122872053,18.63698913484838,15.765496229433161,17.1984442641198,9.269327688714029,11.597896606395532,3.1782713597288423,2.735648483052158,2.026544032218895,2.1601905796204024,1.4062925497171315,1.8530078999428805
RG,0.010820574150329665,95.62609278426919,91.7650825102266,85.49583714952145,86.32400922943353,83.77061639454182,83.76424449254023,76.27087975303554,75.86080818300641,64.9801213196826,64.76770698405124,70.28514290127173,1.1874253550019915,1.0976344556287856,1.044993277532732,0.8968134641780335,0.45615391929989746,0.8954757089452136,18.741157149047243,15.03319777301313,16.437826603166673,16.24099925280075,9.675044759446536,13.163735984619791,2.432846200470232,2.923144269466849,2.6358566788772237,2.404080516060949,2.3683743326473303,1.8598516941047587
RG,0.01619575186655153,94.05946267055687,93.08954946330924,91.8424700315897,98.65650303293742,96.1864975688951,86.98520479469956,75.93783862478735,74.03037704799505,73.74498079347417,83.87141814527726,80.28175894465129,1.1128178899044348,0.9844318645442484,1.0828905331086383,1.1906028833100353,1.0507020114269596,1.106489159629953,14.474113443933131,17.435654686595377,13.847720478916218,10.349808949218883,17.058446107273472,10.142382532920767,2.813003260203164,2.453225549261547,2.6348980569622458,2.7303439185312897,1.239957534790332,1.8518948345905542
RG,0.005999374179814173,98.0412673491539,93.2449462532862,89.334976767869,86.5777313338319,86.48819953317782,77.73309740991697,79.9861909536309,76.4870721582464,71.20356259310817,70.48733991813394,66.91813675144465,1.0513126437185836,0.9919373208849256,0.8467274671849057,1.091833905665032,1.1735972213274284,1.393746710534006,21.861737110204732,14.548645879229982,18.72647386677789,14.653077472136877,13.804963575695709,7.454871222790515,2.2465112855449094,2.223082272142704,2.2024596356178265,1.9957056154391888,2.2420187104208122,1.8824996336772433
RG,0.011931549508575362,99.14283703499825,89.04815664515459,96.13662703599181,89.20105995897767,93.35674831588184,83.57000889259447,80.2873290315115,73.70615368507559,81.96018218099552,75.30107941618533,79.1970579238342,1.0216223459743574,0.9267808850221619,0.9463979353566244,1.0958720346463895,1.1008713199636007,1.107339326891377,19.259607170216686,19.99643914124845,18.270289703288856,10.73752667272792,13.003532986321371,9.916887751318367,2.4397090005084863,3.2205474636741305,2.5953703356763116,2.262999033558965,2.0485394127506145,1.8729878220056517
RG,0.0010387847796337426,96.733708959904,92.26082943911267,94.5295940519287,94.48791950482915,90.31999435821893,71.13762868471596,76.99474065397827,74.84891168047328,75.41976108863597,82.04328900503744,73.995691949684,1.2512674220340323,1.1154226315453903,1.1146468987078975,0.8832117428225656,1.316393782048673,1.198688107288332,14.733224804861393,13.795437369529534,17.80795002726084,15.99880208552873,15.664203772713886,17.525235796116778,2.03979587358578,3.0873258244010766,1.8585442099378495,2.4085226672044704,2.266223462683014,1.848532461047014
RG,0.01211074173480606,95.19400527545946,99.01489069061704,81.98928071601784,89.76901889805798,83.58352857307278,80.9387849136373,75.47514381261331,76.37933405424032,58.830809770006596,73.24621206366295,66.80140216118143,0.948074258940563,1.094369164830561,1.0878543368318387,1.1316053926110152,1.1498432349577634,1.2417507621861925,16.77684718743691,17.877753520999985,19.24965186440348,15.301385804728483,15.49273457234399,19.572467708785098,2.5340094007235403,2.4154680609972297,1.9969195534351976,2.358845627050385,1.5456392264883791,1.8468071516234947
RG,0.012396468097623878,98.00131789337323,93.82656370735286,94.09706336655202,96.5357058809852,85.80285566099245,83.25562178191777,78.26716760642138,74.36532502119408,71.14599800115852,76.17657744926318,74.61840644336756,1.2550144727625228,1.0905655083082855,1.2902694609307919,0.9853368319576222,1.2604742835980827,1.1534921432875096,22.09645302284175,18.798359451928185,19.687220605537444,16.059936495633234,18.142228715377804,12.024121114308793,2.3783311733219388,3.06648533254198,2.1927673390039266,2.4018200901634974,1.3947696570778219,1.8491825187461985
RG,0.0042524276978271654,98.87789437497713,95.57845792176845,86.39242890335605,85.41898278899201,94.08300011589253,72.00212470493081,78.3418384276867,77.15099917611607,66.66459129040994,68.39769824784808,71.57365292982823,1.153452369757738,1.0667583914612335,1.0964453251904807,0.9150788411240389,1.3118686330507379,1.1234721356083266,16.80467440578114,18.1537509847194,17.395766395946215,16.8404765768657,12.596070387573851,13.402631252459123,2.703381852223827,2.8979717064823167,2.6125741196222805,2.1184333624009115,2.060705301570772,1.8526802114337693
RG,0.006295178681374657,95.76682767837764,90.1682680760804,94.01366672960559,79.01338475413289,88.60548146474578,82.6082891576486,76.30512445982755,72.00444256723723,70.45846860869943,62.958963810063274,72.82819800867789,1.130823163913358,1.0186488522038777,1.021492728764989,1.1935957470524154,1.1959221094279724,1.1420354228131355,16.637636532343333,14.583073258762715,17.346216816559373,17.28484395034408,12.51276862126048,13.50208535519753,2.8948974112169337,3.3936214457984923,2.4337029378404416,2.160323707795762,1.5200744175698935,1.8520466740942936
RG,0.0018731207429828582,98.85700183351163,95.82097455284087,90.28170522156032,90.11176079344615,93.49013071559666,71.95079613352269,79.32342873848805,75.0934726107189,73.2153957460907,73.88631984334819,69.95263510050596,1.1370041438712688,1.2532822108401325,1.0322240892077836,0.8647040179813126,1.304593914002701,0.7997799538782114,16.041716647781435,18.45360417070024,16.831998264395157,14.225064190270988,9.362189178716111,9.159758434518292,2.451525378714334,3.0178924426542832,2.450169149217745,2.1151169576725253,1.9802141674067864,1.8674524158307957
RG,0.00618016426018585,89.42278477262397,96.12565990886183,87.7988836557187,85.21232268881417,78.46668927880017,80.57627915208754,74.13362412946375,78.6779457706,67.9062805973912,70.06823128546434,64.76155615548404,1.2251686693448702,1.202779446870463,1.0331030961527896,1.015709761318597,1.0280089776595127,1.069002960727081,18.790220262137325,15.298346578097847,16.260521576712158,12.98464638277349,14.397608001888687,13.654799637303084,2.805402803061834,2.9343929250703655,2.53552020166385,2.209073705169497,2.031604461277324,1.864965849584904
RG,0.008228289544908422,98.44015670092385,99.7575195912637,80.33075822749966,87.6790809367337,86.67464302136766,76.56158888942763,81.52753805544008,80.7718298918952,53.530850932716,68.42239357365723,69.83988756275085,1.0144321241471346,1.013279435865287,1.014524047994412,1.1051310414423123,1.0095708483882053,0.966148288026516,18.25805025828043,17.669288608864317,15.502688580999335,13.60771484713547,11.619558928573358,14.32509846466675,2.0933693434218927,2.852929612892181,2.657638835291873,2.019215829260021,1.5892266606642123,1.8546176447577498
RG,0.005665012107296415,95.57154915441474,99.73808615865515,84.35276000296265,98.73046279808668,79.12594947532712,73.314834563185,78.24967565286097,80.94539664525766,68.5537813950829,84.79320131121271,64.75033017567014,1.1293949785944664,1.1694881973144866,0.9474690748114598,1.1766853410201854,0.9005672862316684,0.973779418798574,20.076764257649778,18.730278626452566,19.549542181702396,12.711503150724418,12.694865045220228,11.59516312116889,2.702358518233862,2.0755607488181647,2.5103092190832257,2.1102294869636697,2.2497641781850417,1.859984922166771
RG,0.010263636266946994,94.97624846302993,91.18341808187846,91.97862874953105,89.98777605001574,93.38371444085611,81.43895291122222,73.49978193400254,70.04327149296374,76.71921504566293,74.12636662195924,74.1035107232936,1.1552048327756792,1.0252732744582223,1.195579337942284,0.9983123390723061,1.1444894301131672,0.789289450911636,18.33688102686237,16.860402090055498,12.38144576425066,9.540034846977075,11.419262408448173,10.084856847703081,2.1890448706538974,2.6280887250217324,2.8695175335300136,2.2424919753182695,1.8871248801052698,1.8614689735301095
RG,0.011241155928989,93.07105598442959,93.09193450948986,83.37926507289208,96.22233731825995,90.51654696001046,75.98488290645356,71.85410026182241,73.06996185306714,78.12056532591987,77.55213790144388,73.84469007737714,1.13580248536629,1.0814139565072893,1.1679253944325005,1.0102944223045276,1.1456064929957814,0.9815757823917881,15.09442857821889,15.832873346905139,11.297756369470672,17.954662466008674,13.775586591934841,11.288855558758295,2.6650769591895997,2.8694881285083493,2.6740067963386775,1.9977363058198268,2.2634537706848206,1.8620116206366821
RG,0.0016588753854631989,94.96953915130277,95.56043051077138,90.80986695853856,89.76195077493243,82.57945645640272,70.85173297979331,74.6396575180506,75.91948567189498,71.1459145866019,73.74386849038528,64.5621049489066,1.257673139833925,1.216842423114935,1.0203549408220314,1.1758963541871914,0.942111330024545,0.9691254443512831,17.4689033941581,20.625580982785614,18.36927446369591,15.834399996180725,15.415501450184884,11.957250769715207,2.582490840705277,2.318132228473319,1.9853498564893142,2.2251496676519245,2.17968779489875,1.85477786435424
RG,0.018959456815273855,97.39401596623487,94.91100623335747,90.96555329296865,92.8305453860445,87.85945366107804,81.94135317000851,83.42569758859342,75.79048459094624,66.02552809876588,82.2538767556595,73.91632191318854,1.0013331774450227,1.1312329288244398,1.1384340989337887,1.0742244094205238,0.5007499319012518,0.7941044378062212,17.786952180818847,17.80907614238135,16.84898488863388,10.514929574523366,13.324609567333752,15.160162783111643,3.0190897074710157,2.4993362485472126,2.0308258269674258,2.1714022359574447,1.5696858137432157,1.845765177043448
RG,0.001338606639947941,99.10928413620844,93.79863552892905,92.25672220375596,76.97616767572434,94.41321654171904,71.52480715412462,78.08455707980973,78.03980074129097,79.94284602122409,58.56725958547615,71.86151872353993,0.960840800954851,0.9978306839950697,0.9731028434253003,1.0650675358412407,1.4351104779057942,1.3617034654538112,19.93994452030883,13.612563105785359,13.373367083480698,13.449472923463757,13.30813309593286,17.028937602351682,2.697932224315419,3.086633651512997,2.2072507213099333,2.0897550783925656,2.103059152274138,1.8464162945772973
RG,0.012234610267690727,92.2698045277252,95.41507233989606,95.5026317540885,94.47755554303683,93.35901257169486,75.83869465501114,74.75154208531963,74.02393186643663,86.52655254081944,76.40669218541417,77.58286292995801,1.1215291996671821,1.1990141315142213,1.0259694966134205,0.9520351084946189,0.7636346683212255,0.971566455743285,26.27391356009713,22.837949436519416,16.187560023782005,17.445106229681247,13.673482156505749,12.796767773155498,2.0869440604793246,2.627566942845657,1.7809924193256355,1.955686529921377,1.6861275178443695,1.8457339769360697
RG,0.0029152169114779565,99.85627695417261,87.12034928171404,92.58236984253323,99.80238985563543,85.83919656236532,77.15116276189809,84.47884007643547,69.61802186307636,79.97190433621435,90.81231289886053,70.58428989044218,1.2308827310912054,1.0727843640532055,1.0370692536310226,1.1057480618129503,1.1605855891089674,0.9247640992358035,21.0712391323634,16.61891104446123,18.00650269340168,10.917614278168605,18.114625881410813,13.92728849227951,2.961779007276461,2.905792696880141,1.8541644810868156,2.82307618158186,1.6910868375009405,1.857231586892391
RG,0.003364183197788256,98.01102597357901,95.95244224190893,98.25503660120856,92.55722122094049,90.02103384091431,76.05259224872226,79.95828573415945,73.83260823520902,79.78008373543537,74.02691427655989,73.4732336639569,1.0789479131994015,1.071479387772315,0.856636886658015,1.0592343680101994,0.6060668661280997,1.0256957702449843,20.29175958397803,17.399724965090915,16.793422282912307,11.466015536317698,14.072691352618339,9.033075196350612,2.386945904395948,2.3168428050902707,2.5539127931105035,2.3476914534418616,1.9404422822715008,1.8599259941059534
RG,0.0028818401977719877,99.22429090322377,97.73367378334369,87.64937743426856,92.32396069035576,92.48427269644753,79.96915743499306,81.85182960367906,74.78064561710082,76.00197117518887,74.31263302451781,78.44873929589967,1.0840819444797463,1.0713282448273866,0.9663487715579743,1.0408727680329215,1.0440172824676714,1.1992190328520183,20.34614596260769,16.69459185987704,16.664666912290887,15.615908802070848,12.562438513726192,13.141358572428135,2.2699589337195407,2.8407302061445128,2.164506422307519,2.2302279833105874,1.6132684307995242,1.8438460176575828
RG,0.006365441000236688,96.58758486247986,95.79067678801377,93.2969042347833,84.25241759423483,90.87120079705569,78.28873542924158,75.3626543704788,75.23674057534411,79.64033782649027,75.83446979254302,75.06221837648867,0.9658550103089544,1.003937757773276,1.1279386021527618,1.009274690304377,1.200379941989177,1.0078545784926531,20.09620667177232,19.51364929365078,14.330294711393025,13.5155783597287,13.217885428731284,15.114695108741278,2.4274009227571214,3.0325658708008087,2.443900751645013,2.1610638550834564,1.6664233321452397,1.8624609889495354
RG,0.007952056900598413,98.35034503662371,95.93859281317575,94.90004554822995,96.23620125392058,87.17908111091256,77.68478079192131,80.3402243402131,77.85671993874742,80.97651638777931,79.41554286421582,73.01989798123604,1.1363901942932915,0.9541117674821167,1.1366529723866325,1.1461767008284425,1.1481890755363253,1.218471126444498,25.43641496726171,17.4128617948154,16.644006119246672,17.789628683661796,14.677543681869524,17.663741648264388,2.277756553244756,3.0203284803257495,2.4507271458998523,1.523433159386141,1.8947179568300692,1.835637972910368
RG,0.005570328128697223,91.19349164682363,93.04756677543016,81.88544875280195,86.07829387069495,86.55802390913948,74.48536341060712,72.77773175549406,72.96413535409104,67.71695876820813,76.06071632890979,69.0131096259289,1.2064752131805887,1.1335278538840705,1.0966124079250232,1.0116826195590298,0.8555596468768951,0.7852803406241637,18.48318549431832,15.049941929242046,14.828860450964553,14.999830652855378,14.32727314245736,15.49429027017439,2.6945036498825754,2.981652241382859,2.240772686957419,1.9781120009829078,2.3195358123107583,1.8613900089597224
RG,0.01511377641710859,92.43244884352859,91.2675341073091,98.6394829760394,78.49242835510549,87.512708734478,81.66314797412494,69.74991023971778,72.3030787480212,87.0752448902626,69.57659161984583,68.52789505515119,1.1608556751841064,0.9441682839186383,0.9763153960610615,0.971717451136005,0.9124481612983447,1.0917834898170402,17.971151551437583,13.722841896976801,10.685506317820016,13.943496733163618,17.269353236897288,17.63357547673422,2.3191743713215636,3.622112963029839,2.3539118158603665,2.7432003118705266,2.1339693851967034,1.8651716545307688
RG,0.004947245204020997,93.59856045910364,89.26182961760719,87.6191234013662,93.53829027656239,82.81033722736319,77.22745315864884,78.80726335200522,71.68507254372929,66.80873154514036,85.70479676469476,62.24700675382016,1.0042550048266752,1.2517193824100803,1.0720767848278463,1.0143354664690336,1.1085783979954225,1.0894473776049378,16.525900863447863,18.092090137453184,16.3942321641657,14.864232915391458,16.856519955345803,13.763412685959256,2.877254918430833,2.8690873106528154,2.4965805959988976,2.33687596949382,1.8691779222344336,1.8658281497995928
RG,0.004785641995298731,92.46060120340427,97.86188568922391,85.58506147552887,84.43313638183005,93.40403968074692,81.625029410999,69.05617144578896,74.87088359577216,68.6075935303509,67.6655576104214,74.07873576501962,0.9565198753043854,0.9814104166750964,1.2102031014189716,1.142007545768816,1.030285506810811,0.8059796367717347,18.047846460903195,15.944544347755318,15.553166417763137,17.14062612261761,15.720550553212492,15.132013708404525,2.631224940062915,3.019006296097458,2.521017164211385,2.305083616577118,1.556537277847196,1.849811395854661
RG,0.015687303075398708,99.42610636860304,90.7572078687234,84.06743154642065,85.42341898524165,82.79690110938552,82.48363891965046,83.65962810656711,70.68946368452794,64.3434048648722,66.5626640683859,73.01401413760935,1.0032222038140761,0.8886279247233172,1.1023017513991382,1.0633040193199466,0.8774537332194551,0.8206506247118963,16.933067004244638,18.543275531587064,15.528235729472414,12.952991030189738,12.005385138260039,14.133143390725643,2.5368336368412616,3.0634930413353483,2.779817709095498,1.800010801106605,1.8644818802997916,1.854357999252415
RG,0.0015035317142770288,98.93386030370955,92.26225006024002,87.61773362200964,90.38219766360149,83.30815907631136,71.12773167056277,78.24378475731599,73.79732512675629,71.9860670798277,69.20185393941821,69.30338244503136,1.0296043390573555,1.074649479049559,1.1283138460814057,1.203123641944985,1.0490511391772543,1.0360556372979155,15.106933552959765,20.75890007259581,14.030862784989953,18.182750525175482,15.208634447206327,16.38552719843185,3.2139512458964328,2.69073176363108,2.4064065408099244,2.027128143721538,1.8255930174847033,1.8510306993009107
RG,0.008111235036411969,99.0787729618569,97.63852448113539,79.0468183479559,87.50352393298643,89.49602450719743,79.10116285513978,81.40050045080116,78.41316444357312,65.42986772707634,73.654670962281,79.23392757025171,1.0878187058969857,0.9321622575385582,0.9951993567763496,1.029766859329383,0.7036890289177727,1.2749913375607262,20.793803644600928,12.394808528482038,20.725736014635547,13.083728372109718,14.277713490672744,13.466151210524183,1.6817063626780122,3.363594645475922,2.598080083595393,2.7066903882984183,1.6535118704711542,1.86526838833603
RG,0.0026982802912658664,94.94503957199416,96.99175456955528,93.79841032627316,91.74449726778678,84.41968286708718,73.6975110130147,73.38855721457446,75.77870334446239,74.82145650512919,65.52938485625636,67.13440188309885,1.1255300404407622,0.9242175266502806,1.0259021476864232,0.9287151008112271,1.1245184622494424,0.9608473798475355,10.903492224768728,16.824935279640503,15.462960024037557,17.750404263401162,15.82558301310508,18.73186010063853,2.540863930539093,3.103918940570385,2.674940001597459,2.2221656552083893,1.8959372604507427,1.854980935433975
RG,0.009259765466831323,97.01268109939616,97.36696374973309,83.7576334975205,75.16955392429306,84.22034140462051,86.49883443260282,77.4650126802501,74.8568371877128,64.77070641588493,68.03648770430262,72.63166122460535,1.3113690648903953,1.1908459997098322,1.0358839661889008,1.1431228995231846,1.0087721168154178,0.910803135990656,19.942883120882534,14.313443680518485,15.924667907038252,13.221364493373633,10.466778688133921,17.2905064930893,3.103140917070685,2.7491410932709606,2.3396543605442295,2.140379894451033,2.3933785746813254,1.868381682886218
RG,0.02332601664559885,97.24918722113894,93.63976783868367,92.56580397717904,94.58918105698447,81.73305085143357,84.1245231967505,79.25514244269252,75.10494496584873,79.91449819774495,75.31108937495826,63.0989689618714,1.0676453641302037,1.0178820882484136,0.9041268126457501,1.2200718361217013,1.1008356789579175,0.9451053083795318,13.27765210754216,16.511153045693057,14.118172875652483,15.812885252326273,13.476863097424165,12.094767365137617,3.226723923151234,2.6153155791995,2.6713251702190357,2.162455408203153,2.263573623802351,1.8726352018452697
RG,0.006808282439026027,92.84071069263022,88.79253818307613,97.41029826877093,87.62683804914212,93.86414913523535,75.7959477798515,76.7509217734691,74.13189096587,87.90455638026705,75.7658819954239,80.76987405418383,1.2002828214833414,1.0830062460521344,1.105802104391184,1.0375983804361888,1.08505542768483,0.9908784546544581,17.31885105958913,16.137168116675326,19.1831684455487,15.214350452869732,14.338919546124632,12.610728611365817,2.4965789738420394,3.191884208838321,2.329858171470246,2.6990582516851447,2.3818263817037955,1.8735417279946198
RG,0.027869305071081447,93.91224270853792,98.63021066098398,87.7002461838775,93.21592500716383,96.08991784247264,91.96748304753874,77.05204900647907,77.23451768689351,80.60293767960343,76.89366479558174,84.15382343295812,0.9277982303506941,1.1012939466454439,1.1025622069122551,1.0366095305337266,1.0552512120978013,0.9696261976370407,20.34124863684199,22.986087124505644,13.159062914584954,14.044686922520869,16.26271570897637,13.650176827016011,2.2090444012344554,2.883738102720501,2.8285920729897978,2.3181248793388156,2.1970220751057976,1.8651832026208532
RG,0.011010874262291987,96.3910724793139,99.68292673152797,86.26478872961712,83.36321596939958,91.5949057880151,83.03454345321414,74.26965623557564,80.00291850380404,68.92348248200817,68.51969155599214,73.18826649000121,1.1304819602895098,1.1138794946776511,1.052501157539131,1.2478577176598031,1.0346653550547567,0.7763624228709646,22.62258621424088,16.58546657474867,17.38187338535251,15.621482244106424,10.969742342271875,11.59724871397546,2.2383216353924045,2.998260095102423,2.283913201155887,2.686224244742143,2.088802123901684,1.8741182081154437
RG,0.010915845844666757,98.0599033470414,90.52116878132274,87.79491369131377,88.84337139832301,83.34643977542493,83.8708563760526,78.73162645994854,73.51441893476051,69.21853101619318,76.70941116021599,71.1673917779653,1.1925526407476161,1.056584093034059,1.041030746603091,0.8031307115432487,1.2747119072635524,1.460063864341922,16.986087756635033,14.087191605871327,20.962341615464613,16.604935579695937,10.895788119851158,12.093111451894428,3.257053800059076,3.1587011769960625,1.8194238060717156,1.6418568855304714,1.7474518185636343,1.8617828918903974
RG,0.022632048938207704,95.5893853787883,93.50481033223049,76.17603228828396,91.25497989573853,81.73707744018088,86.94028015624808,77.52121866831888,73.0341988393965,63.41755440564587,82.07720968460373,63.00573664288194,1.048487999238394,1.141410376302222,1.0652163649067952,0.9527422895442214,1.2619321383357738,0.9726567805037288,16.747237474527456,18.99364872455511,16.435119877568106,13.301039633237494,12.941019739736115,15.411745124741026,2.5197060914497187,2.5532528445389007,2.630934327152444,1.8489923166512496,1.787789642862438,1.8552436752582087
RG,0.0009239797247515875,96.9537690884416,94.92488934819688,95.62291009693075,84.01435568375102,83.52034037921938,70.94492173403114,80.07651540344732,75.31035405780409,88.59074402718109,71.86922426428568,64.90047224939403,1.1266914447939458,1.2265648845588213,1.1651037666043604,1.1520885710864395,1.0637858981958965,0.8541869054048579,11.4674702434625,18.696999621262126,17.13366851991352,12.33565720374062,13.026802159485033,11.511795703920681,2.1498045157084764,3.1326067836700897,2.816260733564913,2.846100074515798,1.957182395659042,1.874651750351269
RG,0.005863531810333459,93.00052497540496,94.91134583058944,96.58315686600493,86.54098365824677,88.76540800633427,80.01586199925885,75.15677781819625,73.65379287109772,88.29975133156088,68.72937629043444,65.98842628773016,1.1355501775427064,0.9499174877234998,1.101614917446294,0.7666295765146527,0.9235210458312394,1.269998729248605,22.066189634758697,16.099659036962645,15.235869986181598,14.301801483132335,11.99258028582492,13.953305676767801,2.401280534960428,2.631036326089222,2.5656052336200403,2.190887520821062,1.9102286483767918,1.8644466318494752
RG,0.00261166189812483,89.20458293680662,94.5296331838663,84.47137220531265,97.57747399013466,82.00548150591193,75.04742825170209,72.8040982268391,74.62309154501663,63.60164090132889,83.14438733786126,71.7837387173728,1.335829779292974,1.1720653141292248,1.2007014440459287,1.0160073059426051,0.7238740277295972,0.7484643045397676,24.899735311369838,13.127629545948768,17.548912322845805,13.900063731461643,13.325858643149937,16.591578391831213,2.2352883147913944,3.0507104875827173,2.454148128343018,2.719709514518546,2.1768046010400335,1.8552908027180923
RG,0.00917369367696109,98.08875310328305,96.07778747882853,84.96824129847546,91.26733944855582,88.39086797009256,77.56472852938379,81.78783898946519,76.06980589063404,66.4256071467291,67.79190906196573,71.40629547306737,1.1766783743697233,1.0906546185512758,1.0765259778948908,0.9848906058387092,1.068996771668174,1.0205426687477892,22.112339398841186,20.33966981009023,15.45114405075141,10.914997230948387,16.68108572701311,15.903778922122001,2.331687018814033,2.611019824585758,2.476574686665207,2.5267816072097893,2.3375092222920837,1.8518181819395838
RG,0.013141448451693969,92.72866119687839,96.92054666595195,87.10164996466062,81.84623816263834,91.02706710660308,85.03956450252667,73.60711931914008,76.74726170660871,70.36734996306427,59.89676672352923,76.46752690615467,1.2263612509922324,1.054621395676083,1.0822578812058004,1.0791524214462613,1.0403738212791684,0.9278580091287402,17.48676125425633,18.478411455874905,19.65628475550187,16.844538382267434,10.988822628224192,14.68120703667783,2.1181080067172324,2.266818797363991,1.8080614289553618,1.7768756861487405,2.106521841103094,1.8418847058552363
RG,0.004085969216295378,99.18567682932685,99.24123736479147,93.14659703624453,85.11826891795276,90.80375652752242,77.73279468517873,78.45350060845301,77.27501558155372,71.48089372336413,69.34228475237178,76.6160798678587,1.0969654289548851,1.2051935389103643,1.2858602136487454,1.1543750703264122,0.5860535967853118,0.6740388194566682,17.8510220827793,17.028419042821202,17.15002408397825,15.093583949564234,13.09335563987441,14.399511889878115,2.8180933298945146,2.7420298787993866,2.872779917643545,1.7906294413106711,1.916089705842285,1.853460106095865
RG,0.007050326418833198,92.97658992267883,93.65140527965195,86.4641985350224,86.98350372839315,93.17968263724705,81.94683852174194,72.01480329763517,71.25380611271747,69.1186702175583,69.5265578619369,79.8643747810519,1.1680894450721364,0.9901024818050692,1.0535446423262917,0.9028242305833598,1.0472440468414113,1.1253756739539988,15.512539612187219,17.443734335060547,15.677673507261733,11.840481753477663,14.167457639851431,11.405375202712314,2.290962215044388,2.444171300716945,2.526908235835409,2.768074110969834,2.0476271654907996,1.8828141232684956
RG,0.007193937993898926,98.42582212702912,95.92943319876896,76.07437156861815,94.20537480030929,83.22573216473477,75.66351557267377,80.06535944789644,76.26903243277162,55.96652646648009,70.66405910089048,74.38433205488518,0.9992926813482192,1.0725481497008462,0.9433942568675622,1.0413989342799603,1.0373568786969811,0.9183759528592931,13.696119834688115,16.49608528121511,17.91235645984164,13.902549608879939,14.897520503171751,14.946937041480055,3.218668242557036,2.5049304356581663,2.4778630652702605,2.1336427835169007,1.9358335825747093,1.8657416678151346
RG,0.002725718534899502,95.78070226445287,97.00415632572296,86.20341709122023,98.00739909976156,85.03218645592933,70.73543661720541,75.77954119310034,75.91923053875287,69.69667927609643,76.92877008887801,65.03248974890089,1.0336357985016589,1.150865150855437,1.090911888700667,0.932268607351792,1.1460299320119978,1.2976506102077832,17.905526759104678,20.737992821226463,17.576366964489143,14.279847227905424,11.263718600476096,12.459360827063227,2.786136091467809,2.0904906288318466,1.9221227738152549,1.7997601667303527,2.0871236347798257,1.8491383950236062
RG,0.002048784411186997,93.48881897109784,94.15005638363357,91.34975693054807,82.38604355365828,81.2342556199456,73.07080020604386,75.81290871523932,73.57397436406741,76.2132817885407,61.647030026242845,62.98383033833245,1.236133687774813,1.0441063909320663,1.0388622623322432,1.1482403450727643,1.0802800504229106,1.1170604702970903,16.77575767913651,18.781352420358186,12.383849192416058,14.577008370401447,12.948669321559251,11.000352207201448,2.3979343441407353,2.2248274596799207,2.154106039829027,2.0285779185612407,2.058548124287726,1.8517069079161343
RG,0.006286044148819079,97.88494899822065,95.19473448784302,84.16044630366284,87.96158004292923,80.98176064973433,74.29861062394404,80.06987351412482,76.4890374976986,70.12938964177806,66.47900032301501,68.09828750854206,1.1327536162154834,1.1913888626689726,1.2148662651704947,1.0127743220097016,1.2049178666158598,1.0584635483925706,23.89203226440481,16.92077714862719,15.646751275250057,13.496608770944537,17.25248322150329,17.157700451707033,2.121013264260776,2.5720362080528956,2.872209526385608,2.2377604863995764,1.5400557811071567,1.8504656722545583
RG,0.0020683891920049513,98.6705940024206,93.93439184343985,91.17269893607929,90.392440120213,90.61048086418958,76.56872899667314,77.48650771877509,73.06489789562089,82.24867769094246,63.154435431539525,68.5484203081076,1.1305829235617342,1.0306926550914768,1.2108100868852425,1.1305932997874557,1.1200072601488276,1.187909539419118,15.529766675813272,14.63328444254611,17.327904355005167,10.84027058423924,16.806530181569148,14.86491642286995,3.368998136900628,3.339146527898175,2.307031719712468,2.01219939693629,1.881296399881877,1.8509965891525602
RG,0.012378075243554774,97.75548168347034,94.90436891070684,80.56904187975829,90.19527857403989,87.14759119140524,79.40113436429986,77.97776591110795,76.76608068511612,63.32518749536691,68.48824905399209,73.42304045376864,1.1150472283908783,1.056971739441916,1.2415832328782503,1.0135591278070202,0.9463021490156264,0.555249406524152,20.908657622035452,16.268169328401097,17.70377513235064,15.372496524014823,12.251437105225879,14.864252632777392,2.8516431434090275,2.50430443173765,2.541268439554236,2.402773415223124,1.6322666726079418,1.8511568121965594
RG,0.004788312348429781,96.57356973771554,91.87369099710838,97.23716649404281,85.43254435589334,96.4496006949968,73.75775553071287,72.46499107956514,71.70988985716257,87.20762620447016,70.64891936810564,81.00263738974158,0.939845891450358,0.8841243225754396,1.1486996242036527,0.996502111585103,1.3235290501202857,1.2398581784059615,20.451992942162082,17.31886772367596,11.180673704563816,12.052414932734344,16.370205487726817,12.145491076490408,3.029171001859967,2.8114342374334065,2.8996187810070273,2.351934160131248,1.3824428373181705,1.867462257261191
RG,0.016965017398366217,99.2704407336064,90.30858375029035,96.08181041953486,84.63227356098946,87.2392918930412,79.40428864773975,82.19627968838383,71.76171948978842,80.9935391667299,72.68559612782998,73.11284253597682,1.1558730466316538,1.2681449925688517,0.956931292235974,1.0458880659132097,0.5033178283268239,1.1743485271438974,19.62949518401139,17.914374353433253,18.999843934753105,15.146496579261292,11.967988785982465,12.844838536355658,2.7123304409950855,2.554383254243923,2.559108710968687,2.490538644772494,2.12235691831789,1.888076182052365
RG,0.007514653705420072,96.1569574005441,95.57088485241437,80.94549885511486,80.38097241020188,83.3410323369856,78.2457062375559,78.10778725024876,74.70193825234598,63.814728002179876,71.82222024592782,70.13662418961826,1.0770965476400498,1.1743279365199975,1.0402950228841032,1.0835294488844602,1.490413982287124,0.9478400081559804,18.238940516794855,16.238697990539357,15.885178083526345,14.311295190274006,12.784932993004565,13.305974442760194,2.4818989271222756,2.443659645778642,2.6439978482381252,1.6748675654836962,1.5522465648208623,1.8560468554515446
RG,0.009638050437377544,96.33435742892773,89.1378876716832,87.23273548329458,85.01529593880709,92.07018624221502,80.51384719871791,79.22945848681965,66.98684641409518,63.7661808028203,72.55477295343957,76.54175937327908,1.2984707511953575,1.1950711412593231,1.1884593945817057,1.0366634531470196,1.4455516812707998,0.8564058242108012,16.06603565383921,15.936565743473746,18.84230953569096,14.676670532629284,17.498377034867566,18.021096535119785,2.5508271047569844,3.3340463388778416,2.383845080500111,2.517536530214967,1.5414625637977444,1.8558060428174192
RG,0.005383915795892562,94.12246734352992,96.06512515439915,93.35172485678244,94.88141079171558,83.00028784539009,77.05687292172327,71.74258110827871,75.26581190865285,81.58260878809432,79.6539740745037,63.17654380348814,1.1863049922240325,1.020297664534741,1.0443484143755533,1.1060912437656885,1.3223195033576463,1.078633182419254,18.723567207671262,17.48217920671009,15.145971841047004,11.797427170845378,14.380269969917022,13.44925158211976,2.7374402740426476,3.1391599880202143,1.9788668989180378,2.8202708193390835,1.832559722532011,1.8624176885815447
RG,0.0015021896432622862,92.60198248110191,92.94247098727084,87.75208916845258,85.81326145492977,93.60650891428422,78.73795362382614,76.67686485156287,74.19352755340898,74.3700778053099,66.44742629004972,78.39122185964938,1.2817556637744727,0.922665570140733,1.0955663396656128,1.007578288377742,0.7999315898227771,1.4181465651030916,21.99803389012483,17.674149666581798,16.43036541819893,14.77750852528137,14.763103539929235,16.580154682366416,2.5688201256966727,2.6569926385080276,2.7417817688788233,2.1279053010001614,1.6921945462014947,1.85152465407015
RG,0.0021935050984681465,98.88386970884441,95.75152579368026,91.14791409382829,80.07451061209329,89.55406166733461,78.80481942170618,79.90407739833216,76.07730022087787,65.4897158288571,66.47986083230282,82.34062230643205,1.0534546372053448,1.0760892682012417,1.1338198559255368,1.0427097373282204,1.0781790124924577,0.6519904395629383,14.357001280614668,18.30217052417428,14.771682359369063,11.259798526910615,10.970613265842855,14.25658267759726,3.04471790547603,2.631196255583141,2.7009924976240782,2.3137933340336083,1.9723239912694968,1.8493413275828623
RG,0.022607464721230593,92.38875493778924,99.10591189513603,80.65311952970002,90.28617215364336,94.36670003003636,80.51271794603876,78.36209055032451,77.99134621706959,60.92139924112051,85.00788349225769,75.54918099401499,1.151458341450842,1.2038222975403774,1.1926405433435971,0.9950298998305777,1.1224686413956764,0.9276048975459705,14.397703332075537,14.834556002343184,18.615156419490773,13.48134951060845,18.23181535232267,15.356980665262899,2.9505523266279776,2.6149642977459004,2.54667553349802,2.3942426905862946,1.8588368804069286,1.8558805696180254
RG,0.006692706032494708,98.55048011004705,99.13864700356038,97.79986770823385,98.54614576503394,95.5672719509923,82.10471984511308,76.52363699030411,78.00246451530631,86.08757513544799,82.01822307714379,72.58989859143128,1.2246246005406085,1.2014354138066499,0.9387000020718469,1.2018588253049762,0.6787013936703317,1.0518186475751663,19.57900393125088,16.516594066986176,15.450493029198938,12.003330700260044,11.662767798230169,12.130625326849351,2.737227726217358,2.5868295814852886,2.2020287542638726,2.516394743641929,2.062760529684661,1.8633577902689593
RG,0.007336870312203408,93.18171068159911,93.14195679787663,86.7485956816097,97.31648296897016,82.87683749290402,81.11465680814656,72.29242352122003,75.4968829499127,71.80733209102704,77.62414692943247,63.7294448204216,1.2464886449285302,1.073257314907549,0.8669259102136773,0.7981618154988378,0.9578218842550009,0.7616087211560327,17.935900970222885,12.48624460967292,14.314617236445915,12.335731011121398,14.030904996129301,13.373709933103711,2.9903626553615874,2.665137810962856,2.226846619566351,2.196437391105896,2.1589784074912206,1.8712269343142223
RG,0.010067129076397605,97.57471025078007,95.79337644134543,84.43111708370937,94.40892887899717,87.98785253740063,77.61263619041337,79.21629969564894,77.95689305440425,70.49714503002882,75.91984938775255,72.77500609105812,1.0747673010764913,1.0384619506886477,1.1220478958830513,1.119643233705672,0.6927761626136253,0.9468392091612731,19.71929184970872,18.728921909877702,11.980889462235936,13.23071626977282,10.40244053273454,11.321495569282407,2.8695462037703825,2.4626273254345943,2.622762272053731,1.9981172091493908,2.2073828514952805,1.853946152247068
RG,0.0034439304792866754,93.00345314496647,94.48030954128194,88.1368014298604,93.4727205300295,88.72155710169045,77.60066999521429,79.52355346102718,74.16857654849908,76.0317540256089,79.11380964238792,73.2216202559603,1.0047570238018155,1.0697598059019842,1.027036569357348,0.9433820769908686,0.9567917438850393,0.9379350160676236,17.966255098051636,18.143463674514187,14.382546212727593,13.62214350128441,10.540932700668169,10.231114468899474,2.4317667708928554,2.201161165045178,2.2385923213738015,2.4133755380908717,2.0664110142018908,1.864075493055657
RG,0.008845732922827112,93.58469181162512,93.26051335985248,84.82228265249599,80.70248575977818,89.39488730316927,81.16942570488311,74.28860446245764,75.47716408161932,63.92146030560199,69.76726826882957,72.25274914920786,1.0870987919918111,1.1252612919119274,0.9668784183107096,1.1251568273552233,0.9466579407893628,1.4956455748952417,17.52281375068275,18.953764235080335,17.247935327464702,12.128455263240864,16.563585006665754,13.49273032235856,3.1046254227805523,2.6174475431717195,2.6146805209403943,2.6211212069056007,1.710071590190787,1.8574828737358682
RG,0.016942272691711578,97.68830461738278,89.56107089502471,93.46158233809001,98.73722903221116,94.16111823400259,84.66357098046198,80.38870305379412,72.45780913309167,76.1680318075859,80.12829600490376,78.96897193232462,1.0817115957386105,1.0515147917725716,0.9680015004535867,0.9486069982593168,0.9603011754105633,1.2250862368121458,13.792063914403185,19.921233789464022,14.856529784025048,14.711375782346707,13.917733674651181,14.696601400051138,2.8586403402001084,2.4943591877596534,2.473615993506299,2.057533434788205,2.050187111290105,1.8514456727713253
RG,0.019137340356417214,89.07746725251349,90.49548175896437,86.26734981083332,97.39540605932967,79.28933473078793,81.3055736658885,72.98648028580143,73.7443976094736,66.05929486273695,80.61459828976274,61.84082140446305,1.251816389169477,1.1046481283017138,1.010912397094647,1.2006033294846685,0.7683901118637915,1.157493662014206,19.798354682985607,13.325523950694485,13.98804727349636,12.579344387611298,12.686032699898599,11.294799566180332,2.6671810976300514,2.368433765797824,2.6508929650357347,2.3633687125063636,2.7531827778614097,1.879498313097763
RG,0.000525119341690858,97.14556464260559,99.82738527058291,96.66276953815155,80.31905561252466,84.05700045097471,74.97191509221693,74.3864200675771,81.20499328407135,83.11794030090549,60.85287038907899,69.97395696938517,1.093107678615559,0.9358744078672845,1.141699500937401,0.9276240500466443,0.776751150822935,1.19389788152427,13.832809152165328,14.716689430131305,13.841550731626214,15.309652836050628,11.017825217444553,16.53752322392003,3.515923712413473,2.883293375200022,2.748240601369777,2.340005207050403,1.8880002941597507,1.8531767964372001
RG,0.0069574693217893495,99.25557071429543,89.35784279682625,92.30804029592444,84.75488056098624,82.42060195580468,78.08791255207684,79.24148267493896,68.02239587639676,84.66810307351226,69.42894561935277,64.35840824198506,1.1919701639305262,1.0543890904073003,0.9905125500237626,0.9815172428646817,1.1340872219549096,1.0635599775453948,17.54024272414837,16.802645916675452,18.152311191437377,13.517810095467073,12.16419785550704,11.903557466482022,2.845693869385315,3.175242604313306,2.801871243454328,2.0685067900460816,1.8693722238850168,1.8728715721216682
RG,0.006339250041219894,99.87378176671696,95.79674481424229,73.04081049378269,84.99165605616857,89.8693033151976,80.31220336404992,86.069090648913,75.79902377761722,60.60986567884987,69.36276700103534,73.43835728495006,1.1708903699569193,1.2031546265284756,1.0208480489608651,1.004639381217233,1.1553023280141062,0.751673293783284,16.214925916059283,18.761898325944877,16.366709998491782,14.106174946076505,10.080606540228423,13.87764708163424,2.6579991145941513,2.6959279561714506,2.5004118597335907,1.543409501108104,1.846777972942219,1.8490354471340424
RG,0.0027950001914513697,95.70545546566366,92.5667488937737,72.64685774607938,94.20142578911957,86.21634863907488,78.88224218819803,75.4049376950414,73.2935809103179,57.34129913190902,78.14464464001128,67.83624883166172,1.0407240187144031,1.1853271271195849,0.9998827628656564,0.9651414539058987,1.215854788693031,1.190580950211154,19.02719145886381,14.557135312704244,15.220025347081217,13.819662270735025,14.491990112333752,12.7770353634908,2.715251431286744,2.5157549787480553,2.2705253986669174,3.04692857955202,2.2129029712894526,1.8608313862980888
RG,0.004237419411724029,92.96250607234417,97.35376993011718,90.25764300012904,93.85448079656094,90.0123174537186,76.87538365726395,75.67037570164695,75.7125444994312,72.58183093289645,80.91928308092442,80.93021342195533,1.3002303526134145,1.0618748206259367,1.1328196756427087,0.9866136821244034,1.0644286511020296,1.171236834227238,15.230342178720477,15.352465987919581,14.25472162377802,12.788029128123581,12.310131907411325,16.783822172702095,2.6530135714428704,3.381574460672663,2.726378198325796,2.8916087238668258,1.881930833401023,1.8574060191630468
RG,0.006688284012661983,96.03252982276335,98.48782344526415,77.40474320383653,88.22830231627232,95.15020935813618,80.01560401488862,75.94284485563233,77.39722068289223,65.89483264623921,66.9173392994369,75.49077311002306,1.0883215466952425,0.8986663590411957,0.9929481436996603,1.0244006321183774,0.7502286999472565,1.2017102901608987,25.670156645672396,13.19828070594741,17.77581341949247,16.11809878598489,7.49701414301792,13.370736910909693,2.3162146075779733,2.590711600445898,2.3774150522414064,2.192532389787328,2.451827465844145,1.8601629997944105
RG,0.00037675454290583604,94.94795397406878,95.48023402795388,80.83744793156609,86.18705482886647,85.21657326308896,65.83184969704328,75.45670838266541,74.76609200149075,63.43353934999449,73.3151323769094,68.26993027721724,1.0295282827720063,0.8077062779550548,1.1737706028623829,1.074148710918695,1.461888618621293,1.073823049127651,18.590371663387014,12.14373378411775,14.308817914418997,11.160277592948812,14.820159402990942,9.655344150106083,3.273408569000063,2.9190554367476564,2.1751001166424677,2.721536909346321,2.096067294747653,1.8580841257438903
RG,0.01290167888080486,97.27984400690086,93.73846393437137,88.83537332816742,86.59669762657612,86.64144957298927,82.3088922807116,77.8234707786533,75.4472735447201,72.20150383780526,64.09399550664848,72.19520330558761,1.0287046881340889,0.955433186259314,0.9799168551274188,0.740229979236996,0.5615310774069011,1.1132132330790225,21.532057006529783,18.419815519158885,13.491756965353511,13.971691374792861,9.97071450633382,13.030623270571821,3.015456947606478,2.9888163800083274,2.6122010839242127,1.8712723872172377,2.3002800361291516,1.860496901627007
RG,0.005436341447107237,95.89557075478166,94.64352871779887,91.998539386238,94.01200705289631,89.52907664944098,72.00914455520892,78.42204581507323,76.72003602307973,74.29359655921326,84.16927176776923,75.26942833739952,1.0794405416418307,1.015846749075183,1.1959050266751938,1.1522579428005333,1.3349698991246983,1.1816156434826675,17.818930063219216,17.62589921804713,18.80063979852159,15.88859138321697,12.26577748491545,15.400630534406655,2.963705913009301,3.0736976496775346,2.6871255117743313,2.176886672051413,1.9045329154321644,1.8517483374953878
RG,0.013713520680373322,89.75673281628245,93.42146502930049,88.05473623577696,81.38657677666936,87.32188656792246,82.43352318836368,72.72277198049808,75.32217927904254,75.3453899120159,65.10168301184619,69.7407516780226,1.0888832007272098,1.06728639682585,1.0282876826687966,1.1640880750755431,1.1106936377612113,1.1099991958728634,12.94367707094785,13.511946629232414,17.445228332062932,14.008326878279505,12.104669784994169,13.908930118184598,3.2849735135519857,3.012038663346848,2.497939297148032,2.3406984741912544,2.230063050044801,1.8662691584381728
RG,0.0028261368184913744,99.78064703076821,89.57782956136838,93.5354833214742,71.96521491823515,89.8461648741913,72.62909769115454,84.67995844052894,69.41510027819447,75.37419796685359,58.18565218267017,71.85592585997112,1.3200432398912338,0.9921117081478009,1.0193330115874968,1.0014180671261905,1.247801902108783,0.9890023994551245,25.637905604399847,16.301482960361643,15.263199740875606,10.83539249910608,15.880619451754209,10.275427160056772,1.9488233727146769,2.8611171848643777,2.358727987345743,2.9367048828378426,1.897897991146201,1.859719163961247
RG,0.010530814124073067,89.23481673793832,94.40300149198804,78.93049113624915,91.07376901019016,91.79250607943798,77.68209080931464,74.02613186165232,76.78704411740394,68.6597549548203,77.19538273587487,80.34406529853487,1.1161140777197067,1.0680303088837435,1.1050734831329418,0.9761379870211894,0.6317947033433546,1.0065799668349393,16.519169293573526,15.729103004784903,18.337105382446573,16.142636054706077,15.347903723074019,15.33054695162172,2.403088542596316,3.027321041403828,2.410313685583527,1.9928312368178849,2.5414136098616984,1.847871661561114
RG,0.006525361890497758,98.96246774076549,93.30564134934829,73.04854237159395,96.17564299196904,80.99862796345253,80.72717403501466,79.75658795517283,72.6665072954493,53.30911966188122,83.97772586950343,64.16620180556356,1.1299972394741973,1.1128146478145402,1.2078273500408583,0.9679078004042944,0.9940565267716143,1.3468866792857033,15.571206831549585,17.939801731247226,18.26940012315327,14.690697962862423,13.741593883306006,11.751720447913726,2.039760144955943,3.066340983980729,2.231444573356546,2.027390078748215,2.312323294392637,1.8612298829690073
RG,0.011255504138385768,94.35225356768537,91.4572563122528,91.97495822448545,97.54639836262633,87.69242887821727,80.72099019322548,78.48586573868958,73.3431272349667,79.84482104422727,82.71338295459299,67.48149412984384,1.0998467683232014,1.120973688483018,1.1814983471221407,0.9605821446893619,0.9313174167102396,0.9960888493874046,19.67286755625794,17.125212752156017,15.789406673651754,13.506051750033947,12.971545982901834,14.951685697231753,2.547468138964994,2.917602067222412,2.477456961958629,2.286121639236835,2.038056486443172,1.8623102200283652
RG,0.0017420143526016235,91.01619558119259,91.95429833726942,88.78135606356511,85.53149610704787,92.73230444741402,72.72237908000757,70.51487664987845,73.87146192686698,65.59504071980794,82.00806318838724,77.19003638381842,1.1569416613869332,1.0025074958291489,0.9506424642184518,1.2090000844004485,1.1225069700380095,0.7749183235333941,18.310895467239433,18.06027668736098,15.153571803619268,15.022169842033737,11.421205619406985,12.700294235211281,2.9423017182079017,2.9072546636891308,2.6494339499792168,1.961893217095768,1.9213180545275164,1.8455788112319786
RG,0.005207897607879192,99.06674153673573,95.7597101229937,90.31350275436276,90.85033116774072,86.3559875132418,74.259509741424,79.12374228394604,75.69229074687357,73.11813793232216,87.28174212556394,72.91315493512973,1.1555874590651447,1.0933229034420067,1.0192779790674253,0.9052567925523307,0.703111389742509,0.844042360314081,20.042205627099623,16.55879676854895,18.153893482182006,14.257206826190053,13.080304564194726,13.332856418988742,2.0562461516600044,2.738152014570904,2.5647072192612743,2.7178105687340453,2.1915306362482845,1.879170918026951
RG,0.010306636557814797,94.69176436618997,94.2296370325705,84.80441628293042,88.32405732651871,89.07186671782533,79.24466704761096,78.23326977353504,78.78355156801611,68.10414327164993,74.17456046675584,72.07311229169535,1.084471825188659,1.08058108483889,0.9787896739812809,0.744175857212876,0.9960490061210502,0.9821188921681653,19.47775626268277,18.19396224373676,18.056829358520005,14.096045887269325,13.768871503358692,8.963354015270466,2.1024087672930776,2.3949151108514277,2.3230042632705894,2.540508124803632,1.9096966125088857,1.8802771648009438
RG,0.017632887093473337,96.69900187337961,94.22634788218544,93.37004861141384,91.42973510181372,99.62263778769994,85.30636103184165,76.92123888164399,73.13443328818315,78.41100361044508,73.78853138632846,81.43537602806286,1.1787665006391521,1.04864725997937,1.0654510791229752,0.9564504079335271,0.9160123770034752,1.215995512497108,18.930262519019188,14.836802026208808,14.670618988138354,15.874617417607215,15.386398505570563,15.467191231223039,2.478932766190183,3.290606753637631,2.444008095939911,1.9312094343911703,1.9822748585316228,1.8541746835226156
RG,0.003149285986322951,90.63980761496158,92.20754472343035,94.98573980584489,94.7891719564691,83.71560195299524,73.54115241583224,75.30746909409955,69.62303483703754,69.5632036402597,80.69094535715504,69.396375609459,1.1819180567988465,1.2092115951594835,0.9641645136170716,1.1531044768028615,1.288361751009863,1.2361378273017132,17.38964244585808,16.1585877115713,14.328768555582313,11.267166487340306,11.58532576472267,15.710366316721162,2.7313523768438115,3.043109048040833,2.3477970153242658,2.558525563875788,1.8569001428281422,1.851745124449267
RG,0.01717075334976698,95.08840958423444,91.69848607399578,95.72940381572354,94.42124692803431,82.6123050321476,82.75546020231221,78.75754035920718,71.02731835633598,72.06305526019175,74.03377126939324,63.538651745931084,0.9145934859738892,1.111261327677256,1.1046084950610826,1.0579632631551845,1.222361126543711,1.201660212679729,15.121759864719262,15.153560218487815,14.235866962331475,12.589178464501874,15.904100547321699,16.450064416696318,2.9092062870671276,3.636037740238332,2.0722189658324566,1.8972366447754725,1.7887691960465837,1.8714203323694953
RG,0.015343688286153866,98.29910788166669,95.39467022591563,92.1224880369376,83.85329388650433,83.32875359670943,86.74229410885646,77.08191434637835,77.45910068885446,67.6144863532298,73.10312732990892,68.99650955366623,1.0708254668530346,1.0677283892383624,1.1683833648459754,1.2125888931173874,1.3548073327485501,0.7923518100659297,14.201933852965839,12.98561507485934,15.784113604055335,12.157060426014567,12.109740751505493,14.077924813973514,2.744261900397198,2.316604534263744,2.711713480808585,2.7406232200440086,2.3935210052136178,1.8642156861750967
RG,0.012925643870397243,96.94432108946275,90.42543053267349,83.6839937589422,95.79227836333983,92.32410948946087,80.66948514665006,83.59332997231387,72.79901376824375,66.02583906640353,78.33415076182287,78.6157792793231,1.1200667516994534,0.9482401304010007,0.9765485530720963,0.9159129721788232,0.6436576542469621,1.2814565540214482,16.69954146947144,16.206822639154105,13.992190991349874,15.488407837776405,10.745028720000725,15.27798494326278,2.8642460419920024,2.824978350021252,2.6790419709248052,2.2458304042292596,1.822640368358788,1.8703246433591372
RG,0.008435673843606049,94.4792200070705,93.43335778583635,86.74111431343445,85.45033039800448,99.17873064529549,82.35067697921615,76.50933472235715,70.93184022052748,69.52051357524743,71.25967992841915,83.89032193644515,1.1131824619214172,0.9910066210792849,0.921488685466915,1.0192494369128087,0.9090460054025388,0.9060044106273452,17.60896417140034,16.50391305589265,13.503278338417896,13.961728706858484,18.495247832555478,16.537796489641853,2.284082229962725,2.677735242657438,2.8161108778072954,1.6801652708727774,1.4020764860045725,1.8560735525890697
RG,0.013613637309236305,98.30709239786222,96.0187936212343,77.53895559238104,90.53522556245989,82.72594033167725,80.40124207567852,80.20857572917473,75.56926760223188,67.56165385867222,75.24739855248771,69.61382384823207,1.1877012079537397,1.2471790239536904,1.0682111628196742,1.3022033401974653,0.7147632924577914,1.0797543508324208,17.681244733835328,18.232997186707042,16.413908161478016,15.18648390981438,13.175716053344281,16.42473562270113,2.4713565754772153,3.1358046384858276,2.559862234887176,1.8095981511571513,2.041670897914988,1.8450437422446757
RG,0.007089110306484091,97.84478683437567,87.7945652711949,78.29269381554026,86.1114616983355,95.37840416066695,81.76565611495624,78.8233998626977,73.40653234551267,64.13139677165728,65.85505491449929,82.07003598923886,1.1103359346946369,1.073163466630468,0.9633424822373536,1.0271536461098678,1.5197430804017469,0.9092966280552173,16.41342647457062,18.102871024710474,17.665524879113725,13.404034550421628,17.64982876569119,16.160671077617938,2.351728896995962,2.6161530484069035,2.5103252254574313,2.166750479140029,1.5176886149963376,1.8474413494934212
RG,0.0038222904175877637,97.85151133984574,91.1793027808002,96.66002825010875,93.6594283046283,87.81746227387853,73.03831573781649,74.95038018384945,70.6493499374427,79.07054241254194,73.18310676800537,71.02350886039558,1.0442112467430251,1.0700622364432433,1.1636850787965654,1.11571106846639,0.8267728551967297,0.8693029424840302,21.558518790560946,18.32035300866473,18.28660896882849,14.54248173932185,11.61289262244335,11.414107428126826,2.3518952253638807,3.3288037833584987,2.184558416548744,1.901099287038702,1.941704102932137,1.8707852164761063
RG,0.0037693655149884553,90.75385001404689,91.18742529206831,94.09972384858794,86.14205460137957,86.23880784773951,73.39100347757153,71.79852760420204,71.11446669783294,86.55281300521627,70.95778990419925,67.41610482852032,1.008192485375998,0.9743547828746493,1.2701111731062569,1.215784476554286,0.9981286104647461,0.9967407949685212,20.649945449272863,14.130732213037437,19.489259322203186,10.01534025044711,14.175693901546659,11.985012757664126,2.947082798794688,3.1471472264410383,2.7291980492871684,2.2512512991862224,1.6855602297373782,1.8478696121422868
RG,0.0015750774902141289,93.95409899531634,98.810607881454,88.41075862589594,89.33663371813161,88.0265600363793,78.81813432339592,76.97067209463668,76.41934865555362,65.51941676197886,76.06223693616232,71.71534491880585,1.0283729357206595,1.1896969056209878,1.3071629694635152,1.0360788280668063,1.0716570980887776,1.1258448235155931,20.791687665392185,15.120987439047578,17.90513486480788,11.438697679530552,14.647292323819112,15.32066808178592,3.0879192477702877,3.0069751956451567,2.3507096263045675,2.8628786076707105,1.9934863909389076,1.883682781697032
RG,0.02805991489727406,98.39061616412863,94.3299177077914,89.5803677556732,95.19757877384994,84.19998812043059,90.39978843600097,82.13966161592889,72.63772284900283,73.91891768526509,79.2098806731027,68.50374709852136,1.1480375383715138,1.0932257765346962,1.1509285382892673,0.93907433238045,0.9849173493820528,1.137369633340693,18.12261063893029,17.201624059740716,17.072687588974475,13.41627301989257,14.04031282722369,13.254124412113653,2.518058353824258,2.4326997110660376,1.8076848226800672,2.4239841451876156,1.9951306288671242,1.8655017535221934
RG,0.016572494443189704,95.13552095969362,93.32078644923382,97.14752851022817,87.22896017218254,91.61933557379072,87.42523032786202,76.11162575074732,72.44468036956107,72.44395048420006,70.57578522512436,77.14746580730642,0.9303605966177848,0.9914591924167097,0.9903662436212896,1.0936908785558521,0.9395531748230441,1.1476817056697675,17.02600559037208,18.493238161806183,17.55569420272282,17.642878941797168,14.641744820503966,13.271574243922403,2.201604455178386,2.7073327694062574,1.8131271542238572,2.24292745404314,1.975903807311212,1.859582824039215
RG,0.012854771915401027,93.29625735245222,94.60534566971184,94.19301126452164,89.18166881890195,85.53283539623396,82.8480322222623,72.72215324930646,77.0559155761987,76.77990473378891,66.95446813564381,69.38763261711473,1.0757941579085266,1.113221660144249,1.1006173858880586,0.9562298002262782,1.55576426933764,0.6865307175782167,15.586463496336929,18.933045263802146,16.926096939078473,14.213984206708885,18.054862204948027,11.763379708741985,3.255334671101277,3.0009354811160054,2.778756495765672,2.5019785881074985,1.66610930516134,1.8475550902331124
RG,0.009604934723027637,94.45528305584158,88.79102230579008,80.44234858570064,90.27391220193307,91.25667990390873,79.80368657225266,75.0269794298926,69.06347397607747,68.55622628237853,74.47681551665724,74.53365984135426,0.9976544740787088,1.0401205453508218,1.058970608377197,0.990710757435225,0.9896520797059053,1.2818180235372596,20.899721233171036,13.827274541943442,15.087156784442232,18.57153564881407,15.752725207609966,9.708080544387936,2.9803291450228535,2.353607260811343,2.6320807532216133,1.9791312927767941,2.341625805745258,1.852947713212606
RG,4.5875493149038055e-05,93.49927973827442,94.9984930019136,91.11677137861618,87.82222312892132,88.99221680646136,69.3201359358453,76.31069481163985,76.27404551115615,76.80774401789166,72.0012726382337,62.91374585192842,1.069582062481854,1.080143524001865,1.1275179047115715,1.0936618621598373,1.060310085500121,0.6019620580659762,10.855803741194608,22.72439070050427,17.26387676052408,12.654743723445232,11.136318706565596,11.293642960338685,3.2680135193216495,2.290835178585934,2.8418412645589504,1.9580065016016859,2.2303054219757312,1.8460360081124958
RG,0.005579486751563128,98.10851908328335,93.00810978161954,82.83662484585747,89.94983241767899,75.6175552462724,78.54271460661664,79.67630847306411,73.19066239435803,66.69037736137753,74.42492790747775,58.2335006193629,1.1539470709569526,1.078819622127022,1.0865963945884434,0.984455187287512,0.9432245828039605,1.2331073434902229,18.7416299491302,17.713632888038248,15.258854014854576,11.620979480607451,14.672354875962167,19.252124154235297,2.5115580321655973,2.5502074418508123,2.612593052510183,2.4542268732569967,1.791114615081159,1.8369886856681619
RG,0.005962949330516796,96.0079893213672,96.735965882869,91.67033189594488,93.93319634887388,84.73993014803473,74.15940754215812,80.55933390755787,76.97809663687988,75.95049691680582,72.12408959771378,68.99412448083731,1.2030882138022587,1.0462056011779772,1.093497909297195,0.8333785325336137,0.8739517561163898,0.6737452373493449,22.09846939317846,16.950157586519182,13.176960010053852,15.096547386086451,18.51432884272091,12.248547887354274,2.3166667970796597,3.232717102498607,2.234023444776228,2.529097456323917,1.9897358578426134,1.8633370974132597
RG,0.016674127304654583,94.04166053819583,90.2896194720814,90.4384889366358,96.31089208929164,93.72925114535317,82.18252394777645,70.76589182713579,75.12769192261256,72.50387184872952,76.27107636849857,68.08794476670458,1.1323397916221538,1.0968677010345904,1.1415796815772699,0.8937132991876302,1.0472854820352622,0.953992477567526,13.890242476015274,21.981144126181903,13.07765358026116,14.133343153597822,18.890761989696372,14.456159490863845,3.1476774649748216,2.548277757062829,2.587229168475663,2.077790860289082,1.6103952776227586,1.8496103620323023
RG,0.0052652452279282405,98.30625387722002,98.96966872098844,91.97856558069043,96.27153270599092,88.16390877252209,77.92779333595513,81.13269671633726,80.12082559827043,82.37637400448494,74.7993654461592,75.69676491616202,1.0656622077120397,1.0778923183202,1.0521905858446043,1.2891958924443443,1.1003868236453638,0.7068995312824,21.907112526685502,20.473099488346556,17.24774256632026,16.65948134836644,14.336889166765552,11.66922060995735,2.9102659541618077,2.8820620794703755,2.60138138473257,2.241500519739363,2.063004440923485,1.8737183027397328
RG,0.0006338969514587013,93.22213395719594,96.71869803146701,97.38431581063307,88.48353857952152,82.00501043508945,70.79769760474447,76.39216939309787,74.55606368417668,83.73916286177953,70.31380276375587,63.69845741197632,1.0110120658934656,0.924390182109594,0.9851925791112243,0.8718005730228041,1.1180597118352686,0.7387887403143424,19.740061448224644,12.392159561350347,17.573483749999863,14.171217924538135,14.145520548208433,14.544268452057043,2.9607319883752465,3.014185408345075,2.3489703517249536,2.841533420211745,1.6121193229086004,1.8605961629561663
RG,0.013975482504528793,98.6897815481267,93.2037789830833,71.7513505417639,97.89676997994195,92.76163888980024,82.84560151456249,79.00393033354753,76.91601506757655,61.93355477190126,81.59740295073695,77.46484112382113,1.0360575228172406,1.166508239290798,1.060921632167788,1.1783652585044075,1.040562592574575,0.8630657838267781,15.356576979321822,14.63897836500672,19.582824764941616,12.922798112194807,17.180086685680777,12.18744407941806,2.2606820004575616,2.498149650551361,2.572190721308238,2.408288394482178,1.7298760099143535,1.858009608809336
RG,0.008441041674454681,95.63234505845752,93.86281478793951,81.00635654711567,94.14945625079153,88.40589006168034,81.9762950645467,77.39581308802147,74.828313661214,67.15034319183077,73.70845884392065,68.9058077268909,1.1416347548135293,1.176766419270681,1.119404837504166,0.7836906863866835,1.1480002214102507,0.8329975408304967,12.07447313677713,12.77944952647622,18.123203104314207,12.410322046321264,13.085672284949817,12.83538469852969,3.4988135726808336,2.786773428629566,2.3810978965706284,2.079361274387262,1.6557334793660912,1.8652226331460182
RG,0.00894019539209458,97.2303116041884,95.81272159061712,80.23077059482546,80.48125784088354,89.50407435397801,79.77108803339085,76.12274524158182,76.61161005586146,64.44677267352115,57.93882266499153,69.90917435999663,1.238572098891893,1.0832239082719055,1.1212163074649655,1.0746015614464715,0.9933581154245422,0.8512220430327978,20.095934544975503,14.834188825943794,17.866311994942755,13.289152687004936,16.2353331201467,15.489104110527594,2.2986867911955113,2.805964147188627,2.465301223708245,2.218245893931298,1.5679011767534885,1.853562268500126
RG,0.003752242231880484,96.67019968785436,95.18358338726534,85.88444689404885,98.09757085215509,82.77264447213489,78.29497296964423,76.88779802604544,80.73003254664535,80.54688347749172,86.15028180131876,71.85166238518356,1.1052365953292662,0.8485556519451115,1.160018221666726,1.1539043981930586,0.9368239797993492,0.859112090586677,24.79611372882554,16.846860738458005,14.735909840011491,12.826899886879577,13.805665987901836,15.465150823407223,2.317956121502327,2.0523043870409032,2.4713248155147363,1.7489916632254092,2.2985688754495923,1.8578633633368868
RG,0.00949501030998094,95.7178338735429,95.30649875734767,79.5629849324069,99.0232500153693,90.72232952274305,80.19770586523812,75.32021255151122,74.45411670588267,66.79088019750778,78.49433438618395,74.43397657306828,0.9393349548234533,1.1996546662149166,0.9478325489995598,0.9905125494870319,1.1819522411876064,0.9081167347387271,15.954647584076312,17.51540551995841,13.18676800446216,13.276642446002814,13.146136777673153,14.102174228832308,2.7691517601521674,3.3784455109102387,2.683710676867146,1.5658145078465722,2.308181251491983,1.8473564491422694
RG,0.00410742623187315,98.168857942964,89.89994199604713,94.60684455528029,96.77598891604275,95.7732000379476,79.23177489111693,82.11459165861933,72.64597758813453,75.7973908469866,86.65713163922176,83.31413806103538,1.145430153531219,1.0232342857499768,1.191876316491848,1.021103395635916,1.002332814289637,0.8415619310830887,20.537623517072745,17.395297034591504,14.592622420425272,15.435801431399963,10.402127898370455,9.914951273467917,2.9528464663212626,2.7358712588597003,2.20351162340226,2.3246605507882325,1.8691108999564516,1.8702539226776185
RG,0.008290617343487225,95.5864815464352,97.7267297349783,82.5533501568232,96.08937172966228,81.00498235648146,80.66465460386252,75.08386939343042,77.71037485512738,63.079335213637336,71.11439074487484,68.42766862361215,0.9506155910652251,1.288832549653148,1.0507153697300897,1.1148651907866487,0.7470875502734722,0.9788756608802437,14.789400630849011,17.641276339349517,14.000873159681232,13.654576891405846,12.821708797343401,16.340724240569326,2.6711921567732015,2.5326202322394553,3.0851074303244386,1.7830640742407384,1.7508019923277751,1.8711469998441146
RG,0.0003813248445992356,93.95652415326121,92.61189758436389,86.41218676058187,79.25547400973818,87.56217938688728,69.14950243172498,75.43871895500816,72.37026918616046,66.60490305420824,64.30651342115851,74.08339025275392,1.156268920340756,1.0458412733172937,1.1567324607908174,1.0037919412178515,1.250638627888704,1.1628759833052276,17.342903734830042,15.82843782392925,13.512043166156325,16.00077526652785,15.260130771402238,14.023973948533103,2.5585137372028854,2.7692988324551915,2.6425445136566035,1.5783898986868867,1.5871391219927213,1.8699439323066704
RG,0.003870797549106444,99.8716064155942,88.63248811254326,92.19246028860415,87.99523979359155,84.88606345026221,79.5523176143929,80.6785614993455,71.63103162069723,64.97848514172456,77.68055373656863,64.17421467094292,1.1381436168678232,1.1021079543725627,1.1226495116495707,1.0500348002605513,1.0871341079740535,0.8671347001432682,14.580442621480653,16.052694798998633,15.155749157221656,17.569866518435205,14.11197282481364,11.139917004611338,3.1446039963929726,3.0246763833029866,1.7840399147012884,1.8214659386121543,2.1591830639157203,1.8794959803578914
RG,0.009467714789077727,96.4024132943571,90.69318793885158,84.23415985282557,88.18546125169324,85.65668826443634,77.13969302977739,79.65893541684768,72.334295071823,61.152609053203705,75.66111111288983,74.3853208643403,1.08379729339165,0.9453633818479673,1.0515272698784763,0.8769180129958802,0.9406502139582007,1.1451365525597093,21.434739320932998,21.359941462754527,17.275303823752097,12.4852617136109,11.224042362484806,13.014822013178845,2.130975067898888,2.651293277499719,2.5446436221547524,2.3423340084770663,1.8840212794552358,1.8489333503279843
RG,0.009386446467908163,96.02648002109348,92.40761292456203,81.94837425943012,99.25985715204392,82.74684825279236,78.3153492923517,79.76984688750663,71.49729278794767,62.45721105674033,80.47082834114335,63.210260403343156,1.1214047937015907,0.9200456638075156,1.0773670717713228,0.9800670358327689,1.057976897341552,0.9851627924195315,19.026199535588827,18.869946857265564,18.024403672327573,9.335372832156466,13.047242066526325,14.13581320171475,2.761927105960574,2.7366921604545924,2.51354468055359,2.651526478801057,1.8568405012464444,1.8547573045625105
RG,0.009426238763462482,96.19381670809511,96.57028334660397,88.10350055775886,88.34970133337715,88.10044564995806,84.07283317418491,81.58958902028442,75.81252999527298,61.98077664507383,72.14145393453524,69.91234974498502,1.0141674365302307,1.2341543531825456,1.1182647362137181,0.7736809942486313,0.9958979563659006,1.0056383066449277,15.220893900342118,16.880032132575533,15.958656952148926,10.973373402737177,15.897051475342268,12.728335319739768,2.762888737217194,2.2699539762074172,2.008269444588076,1.8815955739654273,1.620267722773898,1.861926514614319
RG,0.005399715358070595,97.60397691583198,88.76434270252683,98.82963569487683,85.33472872880485,82.67376742909399,79.65455901038953,77.6138974312481,69.11869063966205,85.87871482262558,65.68753949013396,62.04272610510647,1.2239813505424846,0.9282595391563345,1.1512538916502517,1.1230678117001536,0.8170407632398053,0.8405194823747658,12.628193851125523,16.17558679495996,20.541282388757516,15.474889079649051,10.904679703293485,13.32027258952029,2.2989798120430565,3.4649479918070205,1.7538071378787226,2.0233205408178447,2.455197896689995,1.8712413021515755
RG,0.020548032496331175,98.56785891755558,89.13467749674759,86.53801291244075,86.92177374320245,80.38448048369995,87.04708245565901,83.38824411263342,73.51754695710223,71.4418686168446,79.21160231586086,63.209283508998666,1.19166378289207,1.214631102287845,1.0452255091897371,1.1290862266203932,1.1451731287716163,0.9052788366203425,17.888987522576944,17.968561103459198,14.665630536723045,14.76173541394116,13.783058011319174,13.631738132127953,3.020831310810531,3.0823922902305934,2.540859941683839,2.1390778031008897,1.6632306764495617,1.855704180444873
RG,0.0008418313395116953,95.02786995699992,99.22209109354921,90.37168795561657,83.67483256927672,81.73062096158934,70.59848565676691,77.18917748431407,80.78987009702274,77.01936685026428,66.04172985292905,66.78695768811562,0.9927408018194891,0.9572546862908705,0.926989958534103,1.053442557038828,0.8757526728816558,0.8504400112313908,17.439045415890366,15.353552394259411,16.28746379264906,11.447181958233472,13.570848769864055,15.963742113784123,2.8781427431655517,2.769193341245219,1.941817735608009,2.6836681177863326,2.3063437650539247,1.8817246282964373
RG,0.007032229417156381,99.38975198388461,96.31174471491495,95.37328093966931,88.07141825804241,86.70640621198855,78.48669224736145,82.63348362310586,74.46374755543012,71.37182887683144,72.6174195843539,68.98255271668604,1.2181769075829445,1.1638123976194694,1.2699072421116042,0.9972168001225721,0.8222762574480544,1.100537107746592,18.537082086601902,15.269939628417637,15.589438435616334,13.16980775472218,11.926371547404063,12.904927137588471,2.2988440738584908,3.2276360229519687,2.1811581402475833,2.246021669191471,1.4619652571051138,1.8575681790671286
RG,0.007237651512763291,96.77487391199571,97.66403265281932,93.08384822390238,78.96842606507087,80.15982594243232,82.47092565161155,76.37792437791984,78.72227000007541,84.95482753074094,69.15187405798763,64.76108598768305,1.313761196861811,0.9838994065295771,1.0026904167363426,1.0615241961313826,1.0942616513779275,0.8372070777674567,25.289629023909654,19.045544038118475,14.518789434739437,14.62181704851659,13.021284848641491,12.92745926920473,2.6917992181292307,2.5414809548604445,2.4690746981648783,1.9236226629616497,2.3210770834057537,1.8562136331372672
RG,0.012879007415438508,93.4070745034223,91.76587979814084,78.4915166545022,86.84131515731592,75.62879332303233,78.23527554088191,76.31753344257531,71.81105374319195,64.30519646886242,71.0429730244859,61.58632124388233,1.1370436431729598,0.9419831197452913,1.0664080984239268,1.0328903526891784,0.8483246505534219,1.063338960589829,21.128150962947718,16.9163219925353,13.539696904242021,13.618264517242661,16.100549214475308,10.68652486781987,2.638516122096662,3.1137607220818873,2.021095327143416,2.802865715964721,1.7072278662705256,1.870485858715522
RG,0.00941116110893063,98.17749180638451,99.75191251862628,91.70044491486028,86.2014379046254,89.10491162646294,79.4344529596551,81.46393200363603,81.30685543489608,71.31318208767773,68.68900392124154,69.93132270198208,1.1943742966925845,1.1024358555157487,1.1849694345059765,0.8335632173764221,0.7950749893217692,1.138857877401382,17.675781491750527,20.569897035579974,10.371886108240908,12.470377223470978,15.622068604278057,11.398480340723845,2.8160320632328917,2.4498255960142234,3.127443848964029,2.185812690542732,2.246631818164522,1.8641225792939153
RG,0.0032839515167493146,99.29683199099914,92.96463830690823,97.8993403333917,88.72577394260655,93.05984505797542,73.47952766903849,75.66790790570246,75.99147550352365,81.36503384639093,70.89217603195353,79.2955179688652,1.174860147194888,1.0600536190859413,1.0880257714825199,1.0163670939750358,1.2676816380287768,0.895083613592263,24.946738310424326,16.223396101769747,15.0997973039452,15.134016196755262,15.749751450299568,13.046340119350448,2.27790501293786,3.0147652853956037,2.389519362705923,2.413821195946594,2.153022279028412,1.8743043774006107
RG,0.005397418326137667,97.36125299620201,89.7018800738122,75.51437405415615,88.15940833074434,87.77296991785681,79.1414768278605,79.69119462789202,73.40874975901636,63.63255358374815,72.60791776791993,73.58620993411782,0.9117191628469019,1.0315260128781185,1.2798606065388367,1.266929033688559,0.9566669822528219,1.3545586149410116,17.48764533797725,17.86562648172731,13.067157945277277,15.178626560883435,13.752517193337903,14.790375643324259,3.1428670598456994,2.7098840460892015,2.6412523159522214,2.088869825754252,2.304827182079601,1.8603610617809736
RG,0.006106761738260636,98.47069944989829,96.30994687383418,87.84008584703761,96.13887027405865,86.73592865579161,73.98169988786582,80.63139090837379,76.88886330670776,69.28806265136917,68.57823219582866,68.96625244676953,1.1315687670617325,0.9651360408564633,1.0690781830209255,1.2558012590385474,0.7125866423140399,1.2159376451566148,16.905610416303446,18.009512735415527,15.154970847110429,12.265137059195828,13.822746176615421,16.332591747119576,2.5756639751060186,2.830026397712659,2.3567068758244956,2.878979287565224,1.8853881569010196,1.8508910095084052
RG,0.00802424112024273,94.0846277546174,93.08196514734331,87.21003355319608,93.73599903987652,86.26169797198283,81.10987239603381,73.9778731863947,72.87617747699005,59.00416220696254,79.39048092485606,68.79699611791334,1.0460700947766484,1.146858386020508,0.9810076077175354,0.9106048935564972,0.6892783368964874,0.9723936337094591,20.43798761308658,19.539653076745914,16.383934190547663,10.682735272166074,15.696754866499589,13.959064987821433,2.4188157011700806,2.7262418120309597,2.3320395596370447,2.157863650155621,1.8997939615336445,1.8639864360770981
RG,0.0010984407443173463,98.50646359167128,93.91040316812752,78.54249845826138,94.02931883757832,80.37392457306413,73.86237763554516,77.11269967275472,75.10636254432323,67.41282630834448,79.16835292338425,63.046212506201044,1.2081614188207068,1.0256632928038978,1.1800258340436758,0.9899679711994025,0.8429208911014949,0.8369444371866374,18.469991220956413,15.781934122748504,19.293907987012588,12.460313094658346,14.133052182147415,9.198695274318442,2.9297305728522876,3.128051385431872,2.3589917921444874,2.0139068188194456,2.0599726748256613,1.873341394927722
RG,0.0034277333482975072,97.47532775468342,95.77254134736978,82.12223206974963,83.20158084262482,84.45678589017899,77.87015744434802,75.35263600146509,75.27530580994426,71.6603704192132,65.91084542109101,68.13543183576839,1.2301618989192722,0.9724575719602135,1.1614318856862298,1.1654456245202436,1.1393460534829003,1.162916284906404,20.97648729153577,16.52576290612429,14.044937965851133,15.677629027916025,16.020897084502455,16.36255157168904,2.043256639249952,2.879455602438313,2.2764846274269113,2.3695551103498516,1.8516800513489624,1.8654588054557908
RG,0.006611158871691343,97.93726115922131,98.24924578555296,91.75743757961718,93.67608680824983,88.69659960019055,84.31374446707537,77.91271440453713,72.28783156547728,70.02497457452887,79.6068700248901,70.87398882381864,1.2119696693628133,1.0575947742857714,0.9875018630757286,1.321092427037145,1.3867362602977205,0.7800922159745993,15.810971458572126,18.765953574974034,20.210534263228535,15.753275299607857,13.7794509101163,13.741434210225764,2.5689351000213736,3.0371731961613637,1.8386422074295456,1.9069543161135707,2.1693005772266942,1.8623970791938498
RG,0.00911999726801987,95.89835194834473,99.40070340171269,93.0218974864994,99.45917882640113,84.05845848926535,78.4695221663498,77.52958524074056,81.01232106623014,76.7600519961926,78.42349331519023,61.84991757563726,1.0210265026003367,1.1648405708002636,1.0952416647386458,1.0199683575812708,1.1559266434804214,0.8948091227172948,13.288737180065732,13.6321317886741,18.590416432731224,17.27005240886476,19.362075991812553,13.204358488408653,2.9955259214037726,2.704751835845866,2.754274653833945,1.5950198720269915,1.5728787860027442,1.8645619626641177
RG,0.0007450696417747865,93.6969916584328,92.42063675425862,90.83576748702028,83.83521484694595,92.10473328608815,67.96087504890916,76.59581914699365,73.70361914371072,77.33487323331661,63.82571261545173,72.94414143808704,0.9722474182373146,1.0735957217903531,1.0684238098925938,1.1315641397535232,1.0732001355962544,1.096537104592582,13.324393463599415,14.806655000691828,13.617495568963431,14.847806170114204,12.583764552932648,12.346283241157678,3.0124355087016808,3.065863067554222,2.585822050362099,1.8991304446565072,2.31696565795608,1.8545409465619993
RG,0.006146005141373505,92.2610478833378,94.71290335728891,89.48453097653436,92.81523739249387,86.23661914200453,81.91811836650385,75.94279586784842,74.14550057418654,84.15635916869606,72.95582823277877,75.19072388241422,1.2304239317965653,0.9890912750666044,1.1025032088128135,0.8094596282468156,0.9747496281532804,0.9547387859352734,22.02630699934506,16.639663483422186,15.414517906416007,16.717555739352395,13.973500862777167,13.69856914868543,2.097231057454673,2.8332623507645205,2.645145432334861,2.6900180647107983,2.2637009215623762,1.8551126486353555
RG,0.004784574542259423,94.11857278123489,92.11994388419318,88.91440219320141,89.92774210065825,84.1894652203019,74.79216351232276,77.5043441270503,72.01776305201564,77.5129168057844,75.83528065663387,76.5402327992861,1.1902727672072917,0.975043591444479,0.8589649360529992,1.025907210234397,0.7275806081630547,1.0941016678960653,16.70085383479727,15.166727768996678,13.541991854372458,12.18070619159083,10.256679483205417,14.113839870094411,2.3222279360797007,3.4267074681083134,2.5128933721255153,1.9978739267610734,1.8190948311663901,1.8663958574651909
RG,0.007071681177465122,97.74862870332234,92.43504137755518,90.62886657839056,77.70176856685862,89.75634612474309,80.21499441436761,76.93365952875506,73.62173686924156,75.06700005788926,67.11048838908744,75.87982280783557,0.9999449533131038,1.170850380040406,1.0085131320360343,0.9582851911110666,1.1388800373956867,0.7599686347037571,16.87409139131669,19.04971593962167,14.814788951356439,14.231948274116455,18.209292179105944,12.04996785800737,3.1970047093890974,2.494462378149395,2.1698204978970814,2.2278620585275557,1.6508801309647443,1.8485943613308882
RG,0.013426518711465977,93.42145826424736,91.83849819063698,88.83174533720324,91.68456458147921,90.95813273708755,78.70155001893198,77.60169430221747,71.69311059944698,69.76222126033419,71.5248740760344,83.20488002355681,1.172323939363823,1.2822610841103574,1.0959373697324615,1.1334262637018315,1.14831479826195,0.9168153334217077,19.013444732944194,19.60113379503595,12.571369454165492,16.736246054298764,15.89631217885617,11.410342385842865,2.907081670745739,2.8808939644301623,2.1750964392623864,1.7520512731696634,1.8984351015454732,1.8623471993888223
RG,0.003386662979013137,95.69099676260731,94.77573063837228,85.38460133803753,79.80744839485416,81.05318204872374,75.20250212515239,75.70719171956168,75.06399474530951,67.35361796891549,64.54940216381914,62.25443584087098,1.2394263034622715,0.9643073045085931,0.8865660890702732,1.0077897265931979,0.9918868832318194,1.1974288278182712,15.367111299961902,13.842051182573012,15.518051457245047,15.21359749987406,13.346098632761892,13.487653748827892,2.3187603347328025,2.743422581454228,2.3367129513484572,1.770125585200442,1.8870895557979077,1.8570591347087697
RG,0.028962489680987104,98.19666636768005,94.14154597266341,99.69222228612449,89.26078589806049,87.3380005687411,91.92486841905988,77.2240625951664,75.15568600090964,89.99583292418374,72.49383727138009,67.59113031553667,1.262478108704991,1.1405940874916178,1.0254239914613996,0.9630127227577984,1.0235585211473464,1.0767446274067234,20.296454273221247,21.138174594658118,18.613313487620697,10.537898478858954,12.452345745590089,19.325368819778284,2.354795798635934,2.198183776335839,1.9629956697182411,2.6737137923579577,2.4592660636023473,1.8426320189058618
RG,0.004718178090595172,97.62463167159642,95.4551079490345,97.05419025569665,86.25682447275244,83.47077773957962,77.83453608885475,74.30854747609489,74.28010012854047,78.74018391777344,73.3901094316437,63.14465812095746,1.1319799345078279,1.0007289949213998,0.9709836146606984,1.0115353132880642,1.2286102272599826,1.0475549189715891,13.687134132065701,16.38764607927437,16.37539881565829,15.308610900364604,11.334736081630467,11.583043203796144,2.7417746214251686,2.9876780961124534,2.454241032125193,1.593258478242455,2.4197174875532075,1.8574578689974952
RG,0.009802729304966893,96.19378847534705,95.87113232886664,97.07077261649076,86.01494486048117,91.02958745729998,81.34336786355576,77.57060723171081,77.85580490117258,78.37074430409497,71.29857305648672,80.54312506744247,0.9962870508437485,0.90665188949586,0.9408188897317363,1.1706439083839466,1.2607901447833822,1.060703015469529,18.200024354383167,16.160102558726532,13.741034143194163,13.231606278808886,18.124718326323585,6.580780354212096,2.9070378231349525,3.064661008724562,3.296286245358506,2.127675943233102,2.1642779011781057,1.8827725841321143
RG,0.009948910917240943,98.50837609739887,96.01873324681914,84.27268952545859,82.29690784790962,87.09256891961411,81.49104930093557,77.74778286995594,75.9441916343937,71.8369696058383,70.65234661039574,68.05908740123986,1.0017391590248175,1.180646105360035,1.1114485594023757,1.4047574473835602,1.0237118990080498,1.020611938036075,13.484969315145285,19.264815660713104,9.722095908026546,12.922616174880973,15.755981884038453,16.143022843760242,3.1129243485779776,2.1938211620636934,2.4996115158057153,1.93857440141283,1.7204992137453106,1.8615801023323284
RG,0.0008392742918983686,96.1871064357646,93.44949143300816,89.70601083272358,82.81153158920196,86.1263530305607,69.77335762339719,72.80296792977079,71.84557109885908,72.94324454726201,65.15438859131201,68.66091600362839,1.0938154919449312,1.1164591471191714,1.084301425701054,1.0660427632152254,0.6769460313374028,1.3399424429384663,12.261430670424502,13.29055108775579,16.072621843952,12.228653443687467,12.2271997751457,15.68528645604669,2.472138836047586,2.7176335499604485,3.001170500323177,1.9011888252823763,2.2292161228930105,1.840814059855279
RG,0.012019676518399223,93.11512259299239,92.05246947719996,87.89484849148891,98.42563785681936,86.16219142027336,84.22791703767075,75.64751931038789,73.80218097760878,76.26776764683208,81.23010498164003,70.73050258251216,1.156917127598689,0.9981098857417265,0.9673352258141217,0.9441244323852621,0.9806078740524051,0.8846507874437264,18.796635368056386,16.774475758351148,17.326673335471035,15.299360135844736,16.628286316523543,15.994082701631195,2.2354949358656793,2.6369962350743092,2.5289971301231695,2.345826513452111,2.299377781268681,1.8633854532734038
RG,0.00579043101578773,92.23179769029163,91.5454638020297,95.93363229084841,77.9400570912516,92.45330790191483,74.48691353831184,73.35211369131885,72.4584107079817,77.06696278168218,64.81567887513947,74.26366728047547,1.0851100717672593,1.0490393232969817,1.1448910102461662,1.005112661486587,1.1738023228206886,1.1593044217103972,23.86867391783688,20.803933563998697,19.256269193531807,12.61236644974655,14.19294329465016,13.94411455320661,3.17377609195856,2.7866994606023243,2.063588975821607,2.2327253393426414,1.8829832762159053,1.8662672686101107
RG,0.0010882021384862478,92.79770749602956,97.67358904771497,73.12021187775969,98.86432024757697,82.32233824230423,74.2370143402614,71.19806682699328,76.13199834286583,57.88345492178808,76.7214836641872,60.84174176489197,1.21906036373483,1.1640842727572462,1.0631402095200198,1.152673824516515,0.7988274436721653,0.9077775060781114,21.571654743287745,17.517123167987936,15.280346530529345,15.977300155119158,13.641328694112351,15.820310155923288,2.4488645264285376,2.6452429858846473,2.4746795151020238,1.3496612881807784,2.1979439225174704,1.856566887780938
RG,0.001993248719710954,92.57680967522285,96.45233461632046,89.49281350598076,80.83364226378953,84.6616582650239,76.43762456122235,70.6945926722782,78.23232042372649,76.78570250084026,67.74159018769532,76.93305357430586,1.308142987811726,1.125312805116495,1.1056995682068802,1.2167111467293914,0.9980549921156564,0.9871707535037921,23.06280738720622,14.753714746252907,17.7533706977126,14.405850233520644,13.35385337862504,11.645231741279225,2.3907476103952354,2.9389896244969025,2.5609453523729067,2.379906457150362,2.0434644251279046,1.860701244236069
RG,0.011426578599206753,93.29073259676963,99.79893457732986,97.23470431098895,76.92100719627523,86.75146388552955,84.97632784440005,75.73696315355063,79.90530270742582,88.32908102433507,60.8808679799233,69.98370424486221,1.1788065320238537,1.2069530675930176,1.092256545133858,1.2124642181640084,1.225715562100789,0.7254921430775193,18.230317601328476,14.523683325400498,16.054172885313058,12.094145268587614,15.587554837982704,14.993618181500208,3.3615640525910515,2.734465083693014,2.600257259482571,2.1385412233829206,1.7695667860741884,1.8534737437814637
RG,0.008566338327357426,99.39261379442007,93.07518831363392,77.10512149524016,93.79815902164889,90.5727006008137,78.30411408392057,84.94106096995507,74.50669601263583,59.15090814789821,73.77642358879835,70.84865655192505,1.215629175447178,1.03236935967308,1.1516300650027058,0.9655971404447349,1.225115605295997,0.9343833643902293,19.335785119201475,18.50235527101544,16.840522376919896,12.923924588105134,14.15827104108826,13.132161922668734,2.543497962052701,1.9789491798103518,2.5882646567235064,2.468666801730077,2.2983594073318976,1.8624103730422543
RG,0.01259941755246076,91.73314831588517,88.00395798373059,78.68424418656232,80.59601090836699,86.71405033105458,86.54924402617394,75.0402963731162,71.80693278015976,61.85420915610383,70.42168823538131,69.8032360792507,1.078404808362739,1.2381556921399448,1.137875462332027,0.9770792926131416,0.7497421823537127,1.2082341281964712,17.83993839917757,20.92926098883189,18.577271805407612,13.319740750447817,14.711788672972574,11.335463714518383,2.3722454588321904,2.491195422688466,2.0330735300048173,2.0511133030905526,1.8675875937705682,1.8497155341737292
RG,0.012946921254951088,99.16092296543545,93.82435983138102,82.34181700762615,93.87136135986111,83.32369743309914,83.1481536092047,81.97149925443235,75.87396568712613,67.89817950292759,76.11105072821911,66.02066479243273,0.9968015099190473,1.0612008393168169,1.1750526378042878,0.9436725547889907,1.237016414504195,1.1290758664603475,16.93804849213531,17.202207900016298,17.050653917867514,11.964897796821568,12.513604251822995,9.346594063422348,3.081956489448367,2.0386115181508857,2.382946954292798,1.7532838583982442,1.9177983609916063,1.847527650270683
RG,0.007577378897776772,99.49674954641506,94.9850437596839,80.07254479590581,84.61862312712637,82.20269099863592,74.48202280665122,79.90254716602011,74.69436109496185,62.741369863337475,71.57193218168662,66.27146545361711,1.1959472520505778,1.1225422630524289,1.0796210508577395,0.9414484767709548,1.2593588761142434,1.1102717911283504,18.697224210611402,12.68415431419903,18.433136562437674,11.559782109250717,17.91930060358738,12.96833534126007,2.043172396950058,2.8913415136831055,2.5245048330982134,2.478812968826989,2.0722972279102154,1.8705883474852742
RG,0.004660450055403283,98.09636165978155,92.85651136599805,85.27528823891643,89.5640412288345,88.39328743545424,70.8302446198614,79.57632167027606,72.75790115216024,65.76369187414599,69.30170680852939,75.7873153065064,1.0130179193655715,1.328278627478903,1.0534613233227281,1.2536719619657357,0.7793025284295882,1.1018823290322344,16.180465000028132,19.694086007995086,19.276050572695247,16.378187316207217,15.694712877927543,16.920081963655033,3.3414377435682883,2.276218999333776,2.2883883719421734,2.3098402281984693,2.1048124704828988,1.864555061995637
RG,0.014525756534790043,92.94304778520652,91.92986186702706,80.93036745140175,83.68789504401629,92.92693646301859,85.02899212623538,75.98085023916843,74.36493310071698,62.80182180601113,66.86820693607555,80.0310501649553,1.151897792491358,1.0652659574232939,1.120319120284405,1.082186529245463,1.2730486932251814,0.9830233655004176,22.793071971506663,12.317453550223597,17.426488464404517,14.832278451040033,12.027816490723769,14.797917187266656,2.719321232873494,2.51926112801778,2.5748490942088074,1.9725965785134223,2.0716318821111295,1.8457735172919505
RG,0.007890934567357854,93.51767263262515,96.45073297528631,85.27830896916873,86.5975536204075,87.88748591000565,81.61913658509685,78.16067996859776,76.21918163479415,71.6035314978907,69.69836746026306,73.51093298502157,1.1802568161587121,0.9822790975528161,1.0720382786762093,1.1370768997449554,0.9009262199525301,0.7902389859957983,16.56768136211995,17.990542922199147,14.923039882661595,13.74752286770948,12.248835007011456,14.832128900916969,2.6246711589195715,3.36871739595376,2.4096448332816593,1.526867920936056,1.9909054165254032,1.8602297599172342
RG,0.004203441222989039,97.2797550310964,93.77580451361453,96.05736596050401,87.71096136932019,96.71632492214805,79.64110530209942,76.72456906905897,77.97794479901546,81.13915750471604,78.45098456945387,79.23687710987089,1.0258070340724117,1.1253635188891742,1.1044910497378446,0.977686007917548,0.7035563608370419,1.0828951429733809,16.9394244399035,17.968965698933506,16.885860046704053,10.769271515841506,12.428560776152185,12.829016701633925,2.7803635046021014,2.4963761233503172,2.583573912474798,2.614851909214703,1.9240608847970733,1.8552482937587058
RG,0.0007042875161523949,99.39711321663539,90.19270401303677,80.76008631842005,92.00567598259812,89.94078276986346,72.6646475118327,81.26304799612122,73.46436942731559,60.90453570987664,73.00333200792777,74.35747595174388,1.0260042817053683,1.0821628151113651,0.9925514574754241,0.8795143268360718,0.9248838901317356,1.0733776027738497,20.155911537123885,16.1383435206783,15.595231411068387,13.316560499174152,11.787757017355716,13.163398246052324,2.0791456780622326,2.9500296121834504,2.458223577111507,2.7471155714050512,2.3390650163924493,1.8657331856399728
RG,0.01477303014372066,93.0421524075849,97.08046931777558,89.24682630631986,94.02397976260195,82.01490617882237,82.05204751938071,73.26128093444838,77.71333527301982,77.43277804211255,76.00458069695802,62.5551376030549,1.1046173209404402,0.9333896622582346,1.2150574604461442,0.9809607492634445,1.216257363236013,1.0989646927690693,18.874496572612117,16.161443685371722,16.807341698532024,15.106384565007406,15.322613330430947,10.690177053546297,2.4609511525981356,2.9071248378437904,2.4626945423742215,2.340000045262955,1.9947669454641277,1.859476952180642
RG,0.020974042232232835,93.39333677760106,96.05184800230892,81.12805690731857,77.93444310655505,93.6626149615886,85.7945426115698,77.33445589541209,76.46949361959902,67.4076114619249,61.618825670969315,76.15434664227696,1.0993103593495541,0.9762012536116079,0.923027544715493,1.1957234940165655,1.015484930117795,1.0247185914969477,21.678957852389967,16.763248602674672,14.59305852142128,12.707045622419429,13.497555324723926,13.736929476220663,2.7082972957935607,2.555184620815059,2.657310445793195,2.275143181848617,1.8945658931678917,1.8601992852194136
RG,0.0027922048890035934,97.06795993208823,98.82567401429756,73.03743290011982,91.31516446065541,95.28587190697885,75.63328363011473,78.54041119797124,79.79700450705232,66.47911785498559,79.35154484076129,80.60085475930794,1.0069623039574052,1.180488575175137,1.0084157731356163,0.7530179047610233,0.8111678248847961,1.0242530261696756,23.174541417863168,19.65497766375687,16.94313244082526,12.927158936136838,13.665680922054642,12.799749351730163,2.5860511701585622,2.4169416553254206,1.9145752974011967,2.3845817924102226,1.8502894481026375,1.8548680282831713
RG,0.01937972529487099,95.21716781369008,91.97507087033304,89.31162991132422,83.26609563479364,96.31926696568267,80.69562138326208,79.60313901133162,73.8495898735072,75.45220622063131,66.85224646487752,82.2383966347467,0.9749220984193802,1.0302199954012803,0.9927608171294532,0.8519935485045751,0.9646037281853429,0.864914239218978,19.943175453286607,15.000468959211446,20.86747553806711,14.87775214371647,10.896774930535154,15.867956163350964,2.373556431625111,3.0495444334124073,2.043386951865225,1.6774595006356456,1.7444085472045308,1.874562374693229
RG,0.011586680016719253,94.57702023561063,97.10285919111173,85.42238728915429,84.70975520374633,82.47690966050918,80.69179502832412,75.18458766989163,78.53938834909444,69.6550970032933,68.38763534748456,67.43920466369386,1.1999243285795183,1.2673979829746205,1.0590657316062764,1.0659555383465735,1.0416024333210605,1.049063801555726,22.449014088597842,17.651202440481967,16.648855623422257,10.955832057609753,14.240434034959566,15.882958012710711,2.0599877253495746,2.0091763316809086,2.780333801794858,2.528577502465988,2.304539399714807,1.8507301235350264
RG,0.01806644223212171,99.37259459505978,91.54626200852209,93.38998110127564,87.1912525991015,87.10107150932261,79.67828013918374,81.48252334827613,73.43213855364694,73.74624131310223,69.21293502042691,72.9174970473094,1.1024930210316917,1.0800506997344537,1.069694415087102,1.0091380006657586,1.099908807761029,1.0572038147806277,16.837017416043746,12.740436089320731,15.118441497185607,12.370709233384758,16.07947379512346,8.60927080477866,2.8785294964018675,3.1102227771114124,2.427444077457511,2.27732510500565,1.7432829056070471,1.864444960027086
RG,0.008856963335840047,93.81957176460753,96.99836806698742,97.89071960410894,84.98110637519959,96.61838088996123,84.99601991748933,76.99224679577826,78.91450234891268,74.18261055735191,71.16108139228061,75.62530069506792,1.2478777642158143,0.9504772720186588,0.8835595809045655,0.9014509539404434,0.9469295316573209,0.8215120234195619,19.40387843428704,14.956306419957473,15.984928491522577,10.487182793668346,15.067020387816175,9.697435841635793,2.9253320935035054,2.8315203688502653,2.74232173798238,3.074815053188963,2.31983777024006,1.8703647225642501
RG,0.0011345773785751512,97.10401887921724,94.99659969828386,80.24564110374587,94.00624389967399,82.42935995114068,72.57763799644738,76.23245813979179,74.30619750015433,69.2590268709803,82.86579371123666,67.92811684858087,1.062877154617974,1.2087307397803264,1.1617147457583812,1.3328847076638315,0.8576160925236999,1.0856726457812003,20.7998297937988,14.980213149076924,18.979972946098115,16.035575040091445,12.276093870974849,12.720725671126722,2.048396040169501,2.6601959487947666,2.160418195951234,2.295458248378432,2.111962415927316,1.8599456386927202
RG,0.00011693137195499488,97.45901224447024,92.01073124118349,88.8416227535671,96.58793974422377,80.64557207552134,69.63093557943199,74.67216766052127,72.78221140895354,69.15837473125133,84.55202747450933,63.19526227296691,1.1647722100576534,1.2943068939746607,0.9211917383179998,1.1968555617428551,1.0360884135795032,1.0225547939375281,18.210914443362785,18.144498009367503,18.429061771967877,14.043603851071705,11.063609020727704,13.918169720186405,3.054671158034413,2.7352742119888713,2.5649605131612447,2.437053319824839,1.867260778059544,1.868896322956896
RG,0.005422035239508091,96.13097968416518,92.92401797428391,83.41525242236955,84.30271904339989,82.30191628919775,78.47348485782044,76.10498571466523,73.99830218379924,69.23677881450313,68.31543014110999,72.05335130979583,1.2348496321919342,1.1800794546669924,1.1319672507595566,1.017976114835205,1.1379756731191992,0.7199746431179413,14.892791700720313,17.6270349423153,19.015560904623833,17.007626056093766,13.42457213715495,10.766771730233827,2.407553969007157,2.719692722698155,2.554122933628057,1.7522887400614573,1.7469464140891209,1.874164506262839
RG,0.009285620435160756,98.20145652868872,94.28454054874906,84.7916612167747,90.43328878953712,85.5152640340943,76.0854764607084,78.33373870318856,74.20219882267747,74.03536721993197,68.0956030432687,70.27153198422852,1.0596584658981456,0.9111198262540428,1.0173910205796164,0.8853267813799818,0.7081174359519546,1.283382091556727,24.115976213348425,21.31241261763067,10.015683717102146,15.597633763085245,11.904902167426584,11.406542917501234,2.3738584930123094,2.118308747785331,2.860448801430788,1.7868012466492629,1.6226203993678665,1.8533230495075494
RG,0.01506706634325002,93.15527004466402,98.08579113614847,97.02689524323054,90.47687062330014,87.08967986791728,85.92611332529489,77.2140068888735,79.13576086335438,76.96122031265215,75.59279135566969,70.47192043262687,1.1776724540403394,1.0886622981420153,1.1539925088483796,0.9960428368325165,1.3700850223596366,0.7781575338992298,16.268958773664494,16.496009117269786,18.195595986324918,16.629109043589576,9.55262027597064,17.350163927259242,3.096231292911851,2.5742281599364305,2.1365203044327363,2.0649865449559615,2.015668696060667,1.8480186118540465
RG,0.008133999467405274,98.78863517992812,89.63915596203559,97.53293576852876,96.54223206565563,91.12181775181585,74.63749588933503,80.11082311207278,69.32404028668579,75.74940059967683,81.59512304093694,80.53425483909922,0.9625008518831708,1.0369406851086165,0.8529685742157022,1.2487626779898782,0.7098316806845603,0.7907166458152031,16.18176211688581,21.07395919681867,14.822661895982533,16.28370062447149,14.244975802750956,14.754054152431067,2.7499064361498626,2.6194988423209415,2.37364371818902,2.4868808127746624,1.7036979645207782,1.8542353868420642
RG,0.003275131908124514,94.90497504954732,95.41572360976878,83.29976411507306,89.61173079126634,86.31418668302501,76.1183192040352,74.00821789282165,74.8831896690997,64.80294667661941,71.30435284459737,69.403278500067,1.2108205582584095,1.0444175222686727,0.9621522435363412,1.0611510378253792,0.9526696477919943,0.6581682555803048,23.629832823211213,17.237464321174624,16.70750922539661,13.856896731100086,17.3807062034719,11.655587915118005,2.6114088678400083,2.9151980123787613,2.804285369555843,2.2269763848607522,1.4018263133976168,1.8705832751852287
RG,0.0054223842304779325,98.68141106549768,91.16672710840533,88.9149845305741,88.18081715624355,89.18690457225792,76.2866533366935,81.27520419760151,73.64832510148949,80.62001510064177,77.56244725468065,74.27695464809666,0.9611481830245425,0.9703588365972883,0.9267838798789512,1.0397219317507473,1.3785012312944636,1.1804220982988847,23.302654833280393,17.246378109230793,17.410587796874424,17.031033179524623,13.565336894348018,14.641992632955969,2.3623257064110064,2.9635395658591954,2.233290226649118,2.550389886675924,1.9481632415052101,1.8558154039175927
RG,0.010217073916524315,97.6342065566142,95.82487599448014,92.6095518348484,93.11620079842524,89.63167890384554,80.64178791217893,79.66429122563487,75.47800824543158,71.8895685890413,74.75335779030145,71.5562928285427,1.1666056883354412,0.9547288911634537,1.2058282094190187,1.1445365539707755,1.2572246400196319,0.6997541263574885,25.077652879390598,16.445361842177853,15.968041138751362,14.373234362886771,13.857454409877755,12.199966375492348,2.052401356305295,2.4404889536253624,2.4470549533060604,2.252575536408513,1.7689613092066212,1.877379430992535
RG,0.0006076177634929545,97.2239306199522,90.98435083987155,77.16641326705908,94.31058661799692,85.59323852872579,67.29823331733667,73.85742172679433,72.32694195889303,64.6893645595823,81.44201928982754,68.17298054501227,1.1824760951307378,1.07718434685852,1.0204428054397863,0.7740445971994192,1.1642512802094163,0.5580708198767239,21.162299610748313,14.155536267791696,18.536832485964446,12.351120781045548,12.464479169583665,12.74791004647529,1.9900762765610516,2.9601823280680524,2.3348701936316005,1.8031038130549906,1.9085283504737345,1.8685891510779729
RG,0.003913911079223607,93.57296296227088,96.77857151154949,73.74813940200788,80.68651298791072,86.08964748879839,78.4331351293296,75.22364548960711,77.8602007217292,57.30885063484058,67.90342614192137,67.82759799598205,1.2650160641308725,1.1703531650911725,1.0571007138693163,1.1869823860706756,1.2132217478353464,1.1094754618839604,18.32036020578574,18.509611240061545,14.445172767778992,13.708114543353426,15.115620839538195,10.546050547784468,2.8737779695784056,2.649231753157049,2.0545121129070325,2.0673335704854265,2.0392520537524708,1.8589060895614522
RG,0.002869211500294289,97.0607064188664,95.10634734869588,96.63798354300016,87.31006024396949,92.30342847824711,80.51304815082261,74.80624184848504,76.6049090546744,81.3703210475768,73.35883611964567,74.0721537268122,1.0588644839519081,1.2186571210660933,1.026811161921676,1.1143101628585161,0.8886128963342252,1.0763093930116312,13.10195394697995,17.566734684019494,15.947756909080745,10.596510236398675,14.17931182341886,9.54382345680132,2.9160514241655426,2.946328749691556,1.9906806356016817,2.399063963910359,1.74656607667848,1.8650419077709277
RG,0.002183060963679449,95.84281911924397,96.72956631530852,93.0502776250356,89.9407165000094,89.56892988114438,77.82182613578071,73.43653574052719,77.25330662420102,77.23585853891517,70.11579085565478,65.08272029727263,1.1040898425741246,1.004007562975779,1.0813490189392307,1.0811136162885346,1.052751418684604,0.9364561401439653,11.378241501236293,17.30563113257928,15.623140095798304,15.288328754276021,12.814625555715788,17.67517986711089,2.922528390938356,2.625797421913816,2.427568779719035,1.7269447119565184,1.56890981776209,1.8688499488599075
RG,0.007754978243991973,95.28782218995198,89.5925232727662,94.51638759535298,90.13918828854109,93.05415630546459,78.93980709453587,76.71144221991501,70.72141106651668,79.34671798839084,71.56648230991995,82.23973534068239,1.1515817589864568,1.126206974196366,0.9629295207276031,0.966099825563085,0.694253479380183,1.0439950087905583,19.81861078009154,16.24725916005342,19.743200852177942,12.819648466380256,14.243721733195247,15.812458669270251,2.550790407362915,3.0963412234462773,2.648345341146018,2.96873110051731,2.0597341236657196,1.8550464710265095
RG,0.00252483476934116,99.45736923687357,93.63899496596811,88.53054486885723,94.75999301769784,87.92023983625937,76.55931587996638,82.41807757328739,75.56240997466384,72.18669791975876,74.78804843565194,74.26625187100072,1.235997819680973,1.1846097270529519,1.003868979556399,1.1377036470681978,0.8542211147053327,0.8396593698413776,19.082037045712827,15.610833321174411,12.35759441720767,15.844166380801834,13.092029341440364,8.540700809671083,2.419917896740781,3.1356945656751796,2.603338476527264,2.3742824206805664,1.989824373313912,1.8745317155132672
RG,0.004064834319233855,96.11776121875255,92.83836646962152,88.54168612280274,91.53771842310904,84.42061314494283,76.15247837574978,77.3710814185516,74.47522222640974,71.27045743902649,70.75618610858251,68.0298304648669,1.0785778770562768,1.1029497451675403,0.9958312878593554,0.9461760448815363,0.7065557202495738,1.2603449445127455,19.770170517723724,14.460123198264492,13.905807169009105,11.275901523438028,16.528965112381716,12.565507109768124,2.5955324344042934,2.867939158046714,2.100763745171126,2.4116991634996943,1.9582155862646724,1.878168900894029
RG,0.00136358102081014,92.34714450258654,96.65604903110126,73.98081991231494,82.61325584931132,96.32356514053639,75.13384241982943,72.80017570133282,74.86772519677346,62.382128062568476,69.37032162853212,77.99462855255179,1.1500115397817885,1.1825917709663178,0.8598429361989488,1.004412532882596,1.2108738912100536,1.2027610875506909,24.719352705971904,17.494112321735248,19.12592662835931,15.173004096281739,10.458267642871952,18.413281429801913,1.8146786415089977,2.7602841939537273,1.774947961694353,2.3418950096567075,2.2198082962143615,1.8549452869381458
RG,0.00910944117785627,96.51446411657497,89.91748866568422,89.0748817611142,80.6973323852045,91.07453714018831,80.27909809199546,74.55649584129574,75.49821609291699,70.71554453346212,72.9020815615435,72.1824456763879,1.0453097636376274,1.016239793752495,0.8872571064865084,0.9580892863463851,0.9276030839486077,1.0958615335066333,25.32443649707548,20.368291534191933,20.132297654116787,13.297643094655692,14.458496358644771,10.789462326346488,1.9916732537326407,3.1762912175683384,1.9705208141539379,1.5750975067810142,2.149068537947425,1.8660932055777486
RG,0.009723634809302427,89.43011940200722,95.56513641103935,84.1115256565738,84.5624058706619,88.48664578180296,80.10860391032722,75.24293578354417,77.38317189030407,76.0195338750529,72.60276974089409,70.23323944534287,1.1886567238171641,0.9747947206509531,1.1635085210389626,0.9635664272665704,0.9110528869849595,0.7868266646300641,17.89699870360677,16.93960242886251,16.91484497211824,11.430550528245995,13.850620406373563,11.075995933235118,2.481817667864251,2.9904032785338575,2.6896516985343775,2.5987026503079074,2.0691149278196113,1.8679041533421716
RG,0.003290162167608218,99.59325739004582,98.2828454916969,86.0132257356322,73.58897202451158,93.43750010990749,73.64968240098403,83.6193925415579,77.75842004543699,68.27999863580298,60.58747258323808,70.34603165550395,1.040380371401913,1.152469576483224,1.098087882601725,0.9497911480156276,0.9879231246181617,1.0409285065010192,18.068216655733142,18.149782746741828,16.738268847845944,11.375520804614771,11.463530154371107,14.008803843010455,2.6393421591790314,2.6356768950919705,2.1672445136218066,2.55014437041831,1.679812923482918,1.8717028429627973
RG,0.004681602208319481,98.13009617735244,97.64769457324789,94.92863606407126,96.37089199327797,81.6513952505521,81.65116248887858,75.59697686078614,81.63444387832125,77.90769682731853,75.48810392430504,61.62522475892661,1.0590777157120537,0.9762792685352697,1.1437780727227302,1.1383958309488105,1.4302652961819793,0.9834471472445095,22.434242556052997,15.33570500060942,12.5733022123299,13.745285316354321,14.790019716725137,14.677149771475667,2.4324250851101348,3.1172078982807805,2.7575984172833943,2.0267310685317277,1.5252461059335394,1.8549956464830968
RG,0.0006092869298855897,94.8398377597315,98.18730069092722,84.66902657240703,98.07273251062998,93.05636508573568,76.87142961773682,74.12876608344983,73.53752086048875,72.32937566824629,78.54943967219505,85.43443394415972,1.2688430637271937,1.223483253440128,1.0797532645017136,1.0684423577012192,1.28461392534404,0.897997389100945,18.130081592785242,16.642298187838673,17.793331491910898,14.245459308670348,12.188903852144927,12.584228588664985,2.712462434685102,2.5502989463397685,2.429785863220329,2.290761244267311,1.9207961132742604,1.877476925641801
RG,0.009914442828149182,99.06017599042781,85.55446715949392,95.06687154747526,94.03684856712623,97.6411108428303,76.3128341133184,79.62311499556799,67.12726255948208,78.95859015340251,78.9175191332895,78.75930898144387,1.0693109712518807,1.159307206629002,0.8188776087297165,0.9212457717287712,0.8625943605504369,1.1268906207113931,18.311308993975466,15.900004334240641,16.913237633881042,13.831350848386508,7.4136298028173275,14.560514716258732,2.414116095587223,2.0586102307229828,2.7467401255781274,1.6360066765760988,1.9785901491345472,1.8660231404749392
RG,0.0010523641357077626,88.02186386961982,93.4080447227606,94.78640310327492,90.48130338485818,87.6355211656393,74.90140576820453,73.33891277919305,73.30214007349625,82.27692472661171,78.2203431321978,71.50228578664107,1.2894905475716993,1.1573602767271671,1.1652133336087778,0.9833701295779841,0.8965852976349972,1.1154308716445238,18.55592660608433,16.044309035800172,20.430822384547444,13.418093463657973,15.72864222621816,14.819857320115563,2.88532683323736,2.7299240137591676,2.2099263406952043,2.1385058373105497,2.1038741493484148,1.8470551742940047
RG,0.002044658958650783,91.97134745553758,93.13931294831538,95.071016440188,88.39389545427798,90.03975934452163,77.94793997361063,74.9087487726008,74.08099152211149,86.87653009068666,72.46905410803305,69.93207982563793,1.106233192127748,1.053445426781855,1.150778475170545,1.0272144589407133,1.0591197842532094,0.8696130380359699,13.823149853960267,16.58553820921732,19.647121718458607,14.034045575554993,11.603090998170627,15.329829621083245,2.767854316429912,3.4680215856353143,2.0636661986100173,2.129928217881548,1.9458483820362018,1.8630277366401011
RG,0.0015090522270017972,95.52584452411331,92.52409382012563,86.2357177627888,71.78718082736651,93.71191029590702,76.86871093553962,78.54522535520742,71.48314995163311,75.54410542236249,57.86870250092379,72.87496877380067,1.169762057327902,1.0928599446432394,0.9460572059016833,1.4029651598973791,0.8191617025871292,1.0112967566561792,13.622219595829137,19.8998367727105,13.643208902759723,15.357608426777674,13.029135275998732,14.731815591518084,3.7859246617710856,2.7678247822116533,2.5633156064414453,1.7481510887673832,1.5563664375281334,1.8776766109701015
RG,0.009043963545915253,98.79654496620374,98.99317900849336,89.44741748340017,89.54441449119837,91.51764564471702,77.57028927821065,78.22849818128746,80.90779988508744,65.02131578119835,74.81139244201124,72.21997814095569,1.0395490283701536,0.966350975721263,1.086505486388843,0.8987780602452673,1.1949615844623294,1.2063557556704683,15.96261922888662,17.57840158777674,18.486484269959096,12.004852110745706,9.8423487916481,14.316216816899496,3.2198422113565113,3.268523746374109,1.997345548478254,2.0894053682873763,2.1605807407564384,1.859119156295162
RG,0.007925902927534374,90.69704790472916,88.18260291275405,81.33555506936821,88.8150237098054,90.25657872223636,72.89271856882408,71.03571133219766,71.05392934870106,72.8522059964849,75.4050131222061,77.94527488174384,0.998850593741091,0.9501838232597377,1.124453289205946,1.026063931918426,0.824009989461516,0.7761176391397163,17.160065088358927,16.920564875048324,15.524582464948919,14.524963603677987,12.427856882497956,10.310829453906122,3.11281579212685,3.268013958733602,2.248169297581182,2.1506691949504195,1.957945474228363,1.8659777189590017
RG,0.005188683869636825,96.84027674750685,93.33665014469591,94.97193514567975,95.71506315875206,82.93460449264144,72.08910911659015,77.46640494062102,73.97120594125765,70.46935294102636,84.61851586237078,72.83409723129581,1.1335594550476098,1.149853784282139,1.075573926971447,0.9941362731090911,0.8477886553969065,0.9359831256084016,14.949486974592844,17.66818216046556,17.523659223612647,17.0316396396844,11.774218768839402,14.321569738246328,3.21461400730907,2.974348107165889,2.2048171213078978,1.565143302589647,2.3909876537154964,1.8612952836009622
RG,0.009379713194343085,94.08952255450245,91.84951490264308,90.14928044626036,87.15586828628896,85.29377780762489,75.90278951825613,77.22074909055702,71.10919007213707,70.44709773884138,73.29969019109149,69.5792174501607,1.3856671144385673,1.0722009847681548,1.2254276371150998,1.0917571089004459,1.049867066937671,0.8693813657348368,21.614794010104283,18.821424729727383,17.005995585211068,13.665595525910158,19.680205254218837,15.571799653036733,2.7368756139049655,2.737433409665415,2.6309587711593703,1.8923302529514792,2.0486257712534184,1.8584298682193359
RG,0.018998836841386476,95.07063148979755,93.41244066541738,94.72940853715717,90.67200207684212,91.2976229187259,86.3238618556317,79.268511747437,73.2756780765,78.26029778744353,71.12064340865979,76.11728996789502,1.148549605837024,1.0969372492541212,1.116474513218206,1.047330121500755,1.1974201562576599,1.1747835471739214,20.345624310095143,14.056715886245488,19.21979543665236,14.053382499081238,14.388738436745035,15.126397653149326,3.3331336733632932,2.5987456487102962,2.1948115742988494,2.294350777596414,1.8918381700082236,1.8646053360804946
RG,0.0034961011319569247,98.43898363268599,94.9357783054847,91.02433897083344,90.63126709025455,86.848417126777,78.33047395496835,78.76125534085712,73.55937961304258,74.22111930269016,76.8041507541341,69.23359153806334,0.9932270323258737,1.082214823430546,0.9496664632130638,1.0488594100133941,1.3505864235047602,0.8401138072836434,12.428969263137684,19.416117058895622,11.0723892649229,11.65848905200087,14.373945776634397,7.208506943920198,2.9245044084697014,2.8154402264439944,2.5486832153234777,2.350653138622184,2.138216843511196,1.8626810526664404
RG,0.0008593260571771494,98.31383541638917,97.62115736946171,95.0452783319593,88.6525392101698,91.819609821135,65.4596327841911,78.006479891942,76.20679886985903,72.29356101524232,81.16498046155247,79.62668403241094,1.0834062275850453,1.1321464727377524,1.1084508305169505,1.1217434027563438,1.2156376314100696,1.1108934221088969,20.481742461446345,22.379799509555884,19.3766419951968,15.313425289397287,16.320188292052162,13.85119055844579,2.280824842769074,2.3442989782313632,1.9098424296574885,2.373048289805031,1.8146083711960168,1.8532568364345483
RG,0.0028408099529284624,96.33622008021625,97.45656395790391,88.53370881612592,90.4159711489134,91.07804452445157,78.08435683879877,76.38155917413629,73.34937667381159,76.76760895815882,69.5230299557809,68.41216471368526,1.1140393998682447,0.9170442543891865,1.1157104220907759,1.0778810085286068,1.2944869173881515,0.971295344242479,18.96791733018632,16.56140337128974,14.187593196301727,14.52906681996589,16.18929578352466,11.950530010705286,1.9886541095553492,3.397025782952484,2.3322277279522643,1.8951251266501368,2.151430362494754,1.8566301858737262
RG,0.007555008804792567,98.71669659215522,90.33269904453932,88.0928457278454,85.30333374181629,96.54011008822827,78.32948719379387,81.94143550459123,74.16451329396801,69.55758518678142,67.95224974518123,78.94304682209572,1.063373567352686,0.889318879851908,0.9449465835896583,1.1809553158417558,0.8086598345973502,0.9287781475021328,22.12468835719323,16.35749184503882,14.448315199222222,15.243676696247256,9.076900826687952,16.37493565955287,2.6175755919924275,2.8996184013064688,2.345391883959321,2.246435116676977,2.216372672180396,1.8484521678106223
RG,0.001419212174742519,95.54628927035432,91.5895157295989,91.75348533819536,95.43871993515346,85.49887065352424,69.03466803886751,75.67995643926224,73.20187262216999,82.9090111764716,76.83360950264836,64.11301809146956,1.0518493945730973,0.9088884432731421,1.124910905889997,0.9457725140644037,1.0282132742534895,0.9928037010981269,22.460126668697328,19.07216742197002,21.12698900079113,12.84928673651646,11.588964449963282,15.388621473525472,2.3394660930234368,2.6586766788213705,2.2273636544628124,2.3417287173617543,2.3816386401837173,1.8660310127237694
RG,0.0008260158513198014,98.22274309882235,88.9451882832165,87.93422463777149,98.43662570408242,82.24465936576368,70.63936370058389,83.28299525642511,69.46053108959055,68.46955898691903,85.9810345421943,70.13698801659059,1.0724650563210125,1.1906581240782652,0.874275600951896,0.9436065493997658,1.0996958111731057,0.7937095182067193,15.701198256485444,20.354182489924803,13.803793292589024,12.80133028152994,13.951587021245437,10.332461210614698,2.942302422662368,2.668635045980008,2.500577790889609,2.227584038649752,2.213290973321027,1.8643425699786493
RG,0.0063456717728652,98.4136906855553,93.00038903152264,81.94931317728683,88.31456757494043,89.77013429078245,79.47740322216794,77.93270163137119,74.75950249651063,63.47040026089862,74.80716514955581,72.08091683168324,1.1453761105113387,0.982685131175924,1.2099132989218324,1.120398053676827,0.9935998920363969,1.2124273399147942,13.34895674278502,16.45183086458246,14.917079854221914,14.052964723549435,13.093791247792812,13.739989585221632,2.8516210397732125,2.3612141827126196,2.4894834652217903,2.1535255332838337,2.020318723821803,1.8384147713681884
RG,0.0008390963932260141,96.05061137644529,95.41552231458321,92.18033105145825,91.60104491395852,91.38773700210838,72.50575360905586,73.29350189113671,74.73892187056711,82.6438710398931,79.90422945140567,74.25007052100894,1.2308530778188373,1.1700395405043151,1.1596293353160965,1.0056085806132584,1.090177315828516,1.0428460622506286,18.30443823551455,18.25402221098505,19.936987197910888,12.461024215389108,13.533773638549903,11.852106066403401,2.651982999342547,2.3387941919600714,2.317568718060484,2.3970753805767466,2.0197341639091233,1.8734109017379381
RG,0.007853850730400392,97.82565547140774,96.0781391623165,96.92243128859991,93.57891381411918,86.38712095346915,79.38443314792131,82.45153950122592,74.30580881810768,88.5572642165464,77.61069544353988,65.17428352515931,0.9392551814213221,1.1081536643476995,1.1560598674692144,1.163630576234792,1.327224288229674,0.9463208699959705,22.69082040561693,16.28998266696812,15.279833194318892,15.882706112054588,18.82314252120402,11.530624647110583,2.2585878192918716,2.7915335554943987,2.410165480926562,2.4845891967617764,1.9314809454843074,1.8580532090367023
RG,0.0029269847971202852,93.38952195936992,92.67733205746022,83.48251820766822,93.17584178648573,86.87530406934675,77.96112144334984,76.15252153383459,72.05368419692347,67.59261003047871,78.38849571174772,69.43989864915736,1.0147206021196291,1.1326664143404883,1.1997947228643144,1.0573129309885931,0.6516524136966333,0.9500943568013627,16.006878434357933,17.504768358962398,16.61214020400178,14.130264865528694,11.29292114810061,13.204072224946955,2.915386456416994,2.2823252415925377,2.5726237479106557,2.2837650138329684,2.294872502820408,1.8503676491513743
RG,0.007609115495445904,97.06353414607415,96.54870456883395,83.50295925239936,86.41597478048291,89.3145618466715,81.67567928503564,80.03753242226301,77.22285476600746,75.36616556435425,70.75612944679513,70.4245777816338,0.9600211367502097,1.032278336852543,1.118922972452253,1.0027186804075443,0.8673301481729474,0.996751766372579,15.006791255320028,15.625317653697893,18.24298667913624,13.77415551050733,9.603554744258737,13.749823577792665,3.502231081923883,2.542373392319119,2.081327235354019,2.5217857424843677,2.0598181613074105,1.8588724981524039
RG,0.006097591517386667,96.68809812794771,99.93973565410366,82.77126073868732,89.76195810036292,89.53865749505478,78.06559660240671,78.315721876273,82.46646865455018,83.06460044052746,69.76872374306693,74.42535275772157,1.0480166272134186,0.9692273637724196,1.0992536589932393,1.0004308474992911,0.894006269084617,0.9041878018622408,18.271164544632676,16.553309274868454,17.196790061846112,12.042796975329413,14.270675909988983,13.831477733620329,2.420870849089836,2.771404297168477,2.4749420768778596,2.2929343464293104,1.615061758057601,1.849442440713723
RG,0.008084590267153838,98.50956901268952,98.18979544987073,66.7231467606567,88.93850464299015,89.85812628555257,76.6919586638795,81.00719471654801,79.0136345678465,49.340689343737296,61.2831585195609,77.27578673945838,1.0791104421905067,1.0675817620023178,1.1036597008661406,1.1525173029973854,1.310401299829524,1.2228621483215263,18.671183298763307,17.636361399871518,20.501485221741678,11.167364448347048,18.812453656911376,9.642310496340492,2.0940431359569303,2.5842666132024883,2.3398215516880203,2.2692036777586853,1.7280727021816984,1.8468786980267473
RG,0.01293936950575453,98.03508886063737,93.00442004413263,97.37312021589283,95.53587857671948,83.53902599967822,83.626104414525,78.98338971161165,73.69912875940791,88.1590567580755,79.36173154281165,69.40658822522983,1.0742845485618726,1.0883698646915916,1.1010517032033997,1.270171305158787,1.2941586037639705,0.9697151813515956,15.78405082590606,15.072798867363218,15.754314821975338,15.62455463749232,13.638703073736778,16.23907541383451,2.455255331094996,2.642061007305405,2.601936989078102,1.8813521927874786,2.3690851671444424,1.8529776451595914
RG,0.002295259006100118,97.45570171426391,95.42848716466733,85.5214916270313,92.96265558377111,89.47561312997766,75.55755713195433,76.83530610319868,74.6557356779458,73.49092205492082,81.99372247523145,72.599284396494,1.0464271174698974,1.026081118413074,1.0437798560003002,1.1563454915365194,0.8097652824487983,0.9799690493865284,18.440727267200657,18.974468687947724,16.51329956219226,12.837333165723074,13.787861074115808,10.995501363205452,3.0195071421611597,2.6508347863315187,2.533044186056655,2.0718995941793152,1.9193203349913508,1.8727055016207241
RG,0.017579139815792497,96.10929340547193,92.39228435317037,96.04480645431154,79.81473825873066,81.7693207713791,84.50748926871479,78.91499956578159,72.44291350146224,85.17710608633068,63.85772769753093,70.54896387183425,1.1559730642416564,1.3175705004064084,1.136564585737271,1.1517574940636695,1.3388101092663298,1.0741651124793892,18.133594249888823,14.656780561949624,16.126775839274913,14.160022735715662,15.535114742229286,12.028680917188504,2.418366315100814,2.980192616219304,2.14170805321989,1.971195838457019,1.3401993987855856,1.8527712102265754
RG,0.008070682663963064,93.37671777714789,97.4689983800998,88.29607819228764,91.12312063931236,85.87340603723364,81.96508541110704,79.89519001440377,80.61912117985462,80.1452561868254,72.27627016025255,70.187683565961,1.0450672231726645,0.8738600062032625,1.275539113350854,1.0104532058397082,1.0943924716840543,1.2151560037674458,22.135698132225976,11.519629895398719,12.528852426291229,15.717286599446206,13.148181817492496,12.433586821749271,2.195212744658065,3.0306594722118247,2.8072617981061248,1.737009262481119,1.5467697181748783,1.861953633738475
RG,0.0077092108100128435,96.87401932278127,99.12286349216032,80.80340774127583,87.04113153697212,76.9734997957789,84.55851302889167,80.46938469255922,78.32619578772794,69.30275836529218,70.1527266862361,62.16023883095998,1.0868094359825915,1.1732653909494688,1.10665919395537,1.0904932353795942,0.9653621073227139,1.0282837074589408,20.673341720478824,19.827778005685776,15.227307206119859,12.769009730786918,15.947849831553802,12.682966690177865,2.5252841249238065,2.397399193656645,2.038617702765543,2.25062719092643,1.6009212493613896,1.8607519100909675
RG,0.003845140523389493,96.36289841790382,92.95802193425297,75.3191627336469,84.84885458514188,82.86073639526114,73.50945046933514,75.29342335527576,73.09981971957964,55.2315687088916,75.221560468299,67.84541855889697,1.066754639525792,1.3317800671849969,1.1093804906801248,1.0362092953508495,0.7158324096154169,1.0639756058206196,21.97329742550563,16.659154579856757,13.955954836063569,14.176511597715388,11.871873273636176,14.23710171977987,2.009089408122409,2.893623600866667,2.4695184319678805,2.1355610669077287,2.338445527682127,1.8568927491846605
RG,0.003037989902724097,99.91101096942545,96.9986848566282,95.11689248251332,88.42630010786623,85.47980075340752,71.65928174897671,85.00298732463337,78.80737167930803,76.11401603851098,70.24374074336515,66.72447651995729,1.2928510424207171,1.1846307325400227,1.0427361498929344,1.038906740800326,0.9840020032548769,1.2681981314484374,19.86357229474013,14.629975645524617,14.17852831744088,12.113810120396595,16.950387599183877,14.804695524904588,2.7376494549186723,2.8307494774771147,2.5619324749211754,2.192497907561203,1.91815973929308,1.8349916230482135
RG,0.00822373814689685,99.18351946985011,94.61425569933283,99.07824013525897,93.88731125214788,82.78051678140795,77.58944596376935,80.53251047817525,74.01659236362936,89.28020362972953,70.67131920114758,67.26531111551132,1.0844023114989934,1.0137724991417971,1.1241657257634345,0.9741753041470209,1.1864809438994752,0.889032136455911,14.785638591762508,17.7003045564973,19.379816670555762,13.46758717920689,17.05374224674814,14.226750920856926,2.5490850451207843,2.9933882256269326,1.9414969171804595,1.9528357093330655,1.7445772227623995,1.8766085714461174
RG,0.0042364405539251524,98.63399205772764,98.22629982514906,96.2364902502503,80.35983737531036,87.53903141958598,75.49993890036386,78.63575439592046,77.97023067546053,82.47630035659644,63.656036422069825,66.31364222734823,1.1340174397434395,1.1629689937322625,1.092624000492193,0.8705983816744597,1.0036798724097367,0.9181407764527156,13.800299931496095,15.419288250517418,14.566672746588484,15.000867214357148,14.325918839910438,15.128223725977419,3.485030538120482,2.527124267527247,2.7192731523145284,2.1324214945352042,1.7541434290651907,1.864863243537998
RG,0.0003378008664594675,89.87940319552388,91.16709332119575,82.88972929367854,98.72108621788692,75.20689665073111,69.43580141242916,70.64814545628644,74.5989256982914,67.93770983121397,82.16336239302534,67.91548235024108,1.1033365714851833,1.048788997236028,1.226145025949753,0.6857672676655807,0.9726803788570815,0.6628607759190694,22.05095303634606,17.09536490452768,17.834011435217793,10.754919245125137,13.71450666142728,13.550627875617579,2.5318438903157423,2.8389399116998666,2.0989074642428296,2.211483802940223,1.6711505238207285,1.859120135501466
RG,0.014485948810871924,95.2772138425845,91.3693911127872,84.42192429852182,76.56988995498742,86.9227425107242,85.49535875624336,76.82666018793401,72.80164911459751,73.96994765486929,62.21623650019274,68.03314511412086,1.222242653642648,1.3183938292996842,0.9797728154716432,1.0643400888109273,1.1218302240192353,1.089490588716671,21.11468527464904,19.031616557191143,11.12067386994332,13.070552704896576,13.716080558999508,16.083608289854492,2.456664462942664,2.5262726682093395,2.6856401909242336,2.2505000774175103,2.103052040545362,1.867174615737575
RG,0.0083832748532674,93.19044037024544,95.97510330691149,90.5351955184958,88.39864805156172,89.93388283582348,80.35516989374842,70.98284065272144,71.9417274241999,75.76658155432237,72.41287684097702,71.78411871096718,1.0295934382877694,1.0351543465109871,1.1652365606324009,0.9066046958210354,1.2126572585852413,0.9351998929444353,18.843191036777906,15.489355372625086,15.348845357924867,12.767425314830103,13.397568574656885,12.78092218849282,2.2480481615071053,2.231337727986098,2.3832428645489574,1.8754955593943006,2.0662025848224697,1.8603013742446475
RG,0.013231585666077792,96.67328388439984,94.9977002076389,82.02907768003085,85.18637047557263,92.4902934287788,81.35183720114055,76.79308430797668,77.41090053197404,67.84714728014774,73.75682088616693,78.38310641314725,1.2213072359945438,0.9945643938899433,1.0166354386773397,0.889727757466006,0.626108228634916,1.023202195282618,19.503433746648042,15.144162951881347,17.410294671395185,11.982176290167558,12.58860977855508,13.09089970523777,2.325518542971475,2.921417876554129,2.579115490350712,2.117821119936343,2.3356319463918567,1.8646402082972993
RG,0.015364458787657841,97.60214568020929,93.35253224862939,94.13935188056132,92.63982916291658,91.32610774182277,82.54599821315459,78.58225325338799,71.18003010243812,71.5914819079333,75.58830614326688,73.25171098214929,0.998403139875203,0.8393551031487145,1.0865191784362354,1.0168069313174564,1.0387439018345013,1.2152595611671504,22.86593284306169,17.184420787169973,15.735600370214305,13.489636660620484,13.081095209110785,16.71001610361067,2.0828176225597255,3.207653812821843,2.1463283863396336,1.4469227893902474,1.868367133735577,1.852705560452019
RG,0.0012314395851059862,98.81223968073365,93.57977699751585,96.98639265442604,80.73702535602146,89.03955234268493,74.7757255976066,79.83978819330734,72.40362210748705,74.87450454812284,60.11697792824199,70.68948152662622,1.1651559145593555,1.156784838271842,1.1557328519286956,0.984910678835655,1.1928302231047536,1.0139238732018356,16.157691211206746,17.20280577216258,13.955671836573854,12.850095028466175,15.275913671349992,14.600312664686115,3.4001860373786483,3.025807892783452,2.364691870281576,2.627220852842883,2.1711409458259125,1.8784246209098836
RG,0.00160875944064182,99.72733562293782,94.63547236962674,86.22231768277132,75.86930921615028,85.68802071720773,74.18198944357255,80.75113093765188,74.13596177670986,67.8244842458357,61.28590572766285,69.9671764021894,1.1590883100364047,1.179952272374167,1.0304176298968162,1.240129995398988,0.5313073908718193,1.171247923532339,15.45124358980368,18.239652029740604,12.574352664641651,11.930933457427058,12.240594561526441,13.849900283451047,3.286260785613288,2.6887838829783286,2.4766136560528,2.262514622804339,2.0279566637236157,1.85889469889708
RG,0.01065642969891269,91.05422684707953,93.54410434764193,96.69605170864808,95.9539558129663,86.81695450545874,77.65484955245782,68.90438434461258,72.33186256580044,72.69575778061298,80.901301599969,72.16172155800318,1.3506730730824579,0.8424606421453401,0.9314858510868037,1.216481757538065,1.225760429186336,1.0913047460267922,21.87214729698318,12.525570750502295,16.317416271877452,14.845060465453523,14.454822924168276,12.260383327389132,2.5136512546418963,3.2730876665163526,2.8470628644770613,2.239342171222931,1.730854261027878,1.8674218830906548
RG,0.0003275097482061343,95.94454752055033,94.09719492913567,75.86793870444197,81.70045387846119,88.40577529792365,70.35779457686819,80.34607066135094,75.59690286514795,65.4467829721163,66.65823054059216,73.94779924947238,1.1699978954890815,1.1250965317866568,0.9930329828587793,0.8166844237770923,1.314369185538237,1.1923275037086525,21.892450494786146,14.833180713270147,13.697110905429277,11.4700806489364,14.26660758549346,13.934441829837292,2.838473112495779,3.1052698878580323,2.6609405157417743,2.3560987843619547,1.7214645541179097,1.8583440275012115
RG,0.003630870613706506,96.3250968955113,96.92755665176166,82.75594496844478,90.93805258467573,89.66080342282913,78.4347732024814,77.97494174461275,77.68927566350612,63.82593785254515,82.16194726154102,73.57005894859047,1.1623114030759962,1.0140531185726005,0.9832032052286821,1.117490463606446,0.8740292623875097,0.966795512952196,18.768304890038657,17.007459219274324,14.722142147163595,16.520730621003867,14.852717134319022,14.949084168228838,2.9990506241989388,2.8058791168301576,2.7326450815347663,2.7483139820367652,1.9607674582028078,1.8537517757853488
RG,0.004088103720116138,93.20908748292192,93.43256433398741,83.54796414170531,84.00756915383384,83.35777733227292,75.68783499323763,72.89446787349087,75.13004869267026,69.5649882163904,67.45843469063244,70.58064095680948,1.2461239974392928,1.0152528948515205,1.075721308344717,0.9599092801873849,1.1785268716194028,1.200297329781459,18.33262994961542,17.802101230417936,14.904010000292281,10.381432540131282,13.592294287109574,14.788399766004066,2.603862923952698,2.431497383168265,2.482784282469761,2.2693636650657893,1.9121377126421133,1.8432328834456337
RG,0.0001371487863129735,97.35314168912413,90.23034926469091,81.73994588147379,88.45850506238529,81.68389013179737,65.8321896688251,78.47421146088399,73.80703618143073,73.50609427855372,74.1830806363839,60.596705178113965,1.2555521831830598,0.9754884804121288,1.0353778569724241,0.9148681496083624,1.238514097677494,1.2305268676383585,17.796053542116486,16.123071171556184,19.547713557444467,13.182304827266673,14.650406787855463,14.354212799771839,1.9033416056556756,2.7662003858537716,2.4159918975589076,2.292797476795994,2.047588511111145,1.8573834115568915
RG,0.004501484008115059,96.08550836620046,97.94781586232922,67.88531328109565,90.4605769776195,88.50368774723742,75.58678742920267,80.08516459029791,74.59572887174964,49.54586293112037,78.26878870381786,69.61622430173624,1.0328599525867774,1.1658737848432557,0.9356816347391297,1.120909094064091,1.2173493221493412,1.107847691569447,17.90253240614811,18.012087189756855,18.646282489281255,14.568228723062942,14.135223758266925,11.91492801567652,2.3820906109600486,3.0105719432436953,2.4666000775123313,2.2370793273195058,2.013139596027402,1.8744983480388233
RG,0.006242117388590017,92.42345515136171,95.61581733344184,75.11532863302861,85.31845927683656,78.85574526941716,80.33596735012084,77.79456234564576,74.34818933288585,57.55301740920915,71.43832340429903,63.0620716176983,1.1475103667525222,1.048547817151154,1.0076322554261088,1.009585705741792,0.9484582641121668,1.1775647634721422,15.85541647355468,16.75583276355655,14.896603778763197,13.397301984295632,17.221262561678845,16.669510052089016,2.7234160327532018,2.863298082701413,2.9155799491089396,2.0667840258631878,1.718016527908771,1.8562324333456373
RG,0.005807966485873307,98.5868718633406,84.8140890862916,92.86801329181459,92.10433167148778,92.42154853439634,78.71237158755602,82.95979524991623,67.02791721047316,76.81663709184303,70.15607470749042,75.9535453529539,1.1641409397535087,1.0299395073700057,0.9791542705692697,0.9821837357437065,1.557387875085678,0.9363413925766757,23.36207908319675,19.376355996490695,16.73185809811878,16.339318714757894,17.52717120409532,13.27887213748707,2.1953819366228418,2.8081104506797137,2.6557250492039666,2.2938852437036905,1.8846135319695214,1.86292678708077
RG,0.01156365380166012,99.70746670139815,99.70444017084496,86.5811198863115,90.48176375442425,89.59472813071703,76.43669688656138,83.03011993940304,78.80223137000264,74.73249104242387,73.4157642725111,74.51949496450065,1.0115811849060092,1.0160541209339984,1.1627621561355068,1.25140761263547,1.080775072836581,1.0029801927279478,16.936001237527265,16.602871544995715,20.109649264653637,12.937127640855913,13.71895191029663,13.242127774951191,2.456532201945179,2.643795951056627,2.6813964972626687,2.1948845233234753,2.3456777769538473,1.853102653462035
RG,0.005337249018145086,98.94804797823308,97.24861579665716,95.04720003417448,78.00691132040313,91.2142435179295,73.2347492983769,83.84091003931908,75.15645670411467,81.29543845023474,63.75963479020801,75.51177365165712,1.098859894743535,1.1082545375555806,1.0558651454971477,1.0428645785450552,0.8373893477628561,0.8244639766264645,18.586538649047185,18.894563088901737,14.268141110598231,12.270404601294544,11.99310554006682,10.273634886498002,2.6672030830494897,2.6387860547758284,2.43589967859787,2.800189117852547,1.7796131447963361,1.8626086560779382
RG,0.004587535473100645,99.69754151409761,93.80089243832903,88.38390302754017,78.56564912225387,88.43159768188836,75.20121944749222,77.66305468787897,72.14684702214788,74.00988783635697,67.33632589184379,69.60706845517682,1.0628337400842327,1.129184578471972,1.0188709527859434,0.8657670991017121,1.382203317174424,0.7439024417393554,20.954629404897396,15.10558936281405,13.222525664064818,10.03732708069214,11.683979274400373,17.71849580219829,2.9645893616948857,3.5288066039354695,2.4315952362319053,2.7242038676079448,1.964894933838205,1.847090802991923
RG,0.00872439983281239,99.58435992168815,88.88310063933366,93.88474808355839,88.49061116208986,96.27732178064943,75.07391139209811,79.95114849267472,69.10500762462196,80.48507562345668,70.64759329228262,74.36676326346593,1.170592773048934,0.9605260960072096,1.1813391417646657,0.7966616678849981,1.0311543769681364,1.3465766054549066,20.363101628156603,15.212512056598545,16.26126962208767,13.661562324537392,13.749017131354616,17.728155097121757,2.747067794215153,2.6608300010181245,2.725201568483376,2.643566142881002,2.6347027867158093,1.8673447989723047
RG,0.022407641978578585,95.59579903412593,94.46334562436365,79.04362203652796,90.1807330991102,83.26348676624744,87.14489280293256,74.42287559145073,74.54313790271195,55.685589678974864,71.15198799841076,68.5772226066372,1.0145131316101954,1.1313092782214411,1.0963848206209394,0.7567041450618455,1.307253510894321,1.3245041168564677,13.01492702068047,17.535482346089402,10.512044246301022,13.147701017706492,12.608268514062416,13.652789017289098,2.557438929461792,2.502016637807438,2.973074711475284,2.3769819635443077,2.1002240661330585,1.8540018013624298
RG,0.013150909652292412,95.68009811167238,90.97402159731801,88.46613689290226,80.89096197751739,89.71734664155497,84.49186875706518,72.70150124267013,72.62217804224692,77.77101027003738,69.44467581548545,73.39623694370268,0.9346517470526239,1.0266803421716024,1.2034291112697284,0.9988289254709027,0.9731388145872378,0.8573742633128227,17.915308553698036,16.962112242264105,18.954870191932805,13.726316710765502,14.51739174963168,12.285394323109083,2.1545303739956667,3.0217545367435124,2.31370514248368,2.545488359342995,1.7703376117030665,1.8593076179423331
RG,0.0022161767398611756,97.1528273387722,99.31321388973724,92.60377849730885,81.06086106865916,88.98718330715927,71.74423420841104,79.73213821926389,78.37563091936508,78.06263547935386,61.8124877533722,73.90490432981736,1.0376154909035742,1.0345451851740204,1.1488372814542342,0.9767901294265436,0.9347815948476828,1.106505390769231,20.776942543133348,16.983323081476236,16.813188613451405,12.845446432998427,15.098754687443554,14.43518969642621,2.925141511232392,2.8357405321941944,2.4036845854216806,2.8900699228431534,1.8360115194387068,1.8633335609428336
RG,0.0020205341501662085,99.33872412109999,90.00849644411333,85.72253300586326,87.09849057494668,93.55661052132443,74.99638854284704,80.70640040480846,70.53479747309858,74.18530777745599,68.95522282185605,69.18594454583899,1.1071653639710257,1.1309045840409961,1.0518511235666306,0.7729776388551232,0.8258148574647619,0.8576466167554049,14.680353350148362,15.461421299127839,13.305404743309012,12.72915003905322,10.914271679595355,12.718876652648472,2.876024495187886,2.9897381863280788,2.735239128854063,2.8040891097609197,1.5493531637127955,1.86238587987735
RG,0.003847833542104085,95.98189114483169,97.95115074332567,91.81943353987563,91.83057160253793,88.37341133368176,80.110988147082,77.8043439744681,80.39976260109073,78.2844581657618,73.73371550467783,70.49680499857398,1.0431755585797358,1.0567735282608204,1.0274366378726938,0.911976586173383,0.816333152458478,1.334900281270453,15.671737718670855,16.41013704647686,16.086840423524716,11.648760711523085,10.131913647614745,17.244838301717422,2.8591563393693185,2.6786185755088097,2.623701232678156,2.2862271841161963,2.5599092545209077,1.8570650267157491
RG,0.010078805732308295,95.43943053922708,91.74787865984683,96.80573826782832,86.65167344796359,86.37521313939375,79.9972046153096,78.79589540247827,70.70073760277519,79.26313670544447,76.13595673698543,63.03333195814943,1.1581877963046485,1.019467065228121,1.000335138587369,0.9450285568053383,0.4607723666812289,1.3942468785513267,20.197237031695813,19.73867093773615,15.237737390573317,13.176460445939897,12.624093138269,15.224446062371195,2.3025495866567502,2.697564587666738,1.6695513039210599,1.966769218021686,1.858998883676499,1.8623523349149789
RG,0.010635157775637687,97.82397213991585,92.15647893830523,95.51838746865062,93.60808004701914,92.00360476852853,83.41695621065024,81.03147775146908,72.071015215949,73.10269814910144,76.178123735014,81.36682902068473,1.081437459900658,1.1350088544671808,0.9350075897228365,1.3211034384566123,0.9904716486260307,0.76788867094374,15.528004569188028,19.60911825554732,17.64922522363977,12.455864346881286,12.79156954461858,9.966711797314195,2.7035332378774313,3.1106955747717926,2.7732705082647957,2.3548812345188095,1.9660178053452986,1.8873562467940932
RG,0.001434111812285764,97.43399940378187,96.82518300281077,91.2768058529382,96.16256480934443,88.16069726869755,75.34589144023455,81.70887106748629,77.5107435341256,79.36124649167361,83.41496846745619,72.43277054999744,1.1344810163352514,1.1607605798076024,1.0453750121719676,1.137261812645183,0.8065028372610579,0.9136021951019505,15.754799505202614,17.47879375945118,14.125304719126225,16.09475140284259,14.533293810034344,17.018020405486954,2.6976494265800044,2.9525320583502763,2.0537513113371264,1.865643157558206,1.9342516544271193,1.8570478002023432
RG,0.011891955531988905,96.85658244754994,87.26009692235947,82.03435585559849,90.91833691973284,86.1912114235001,81.21855984377807,76.11127249663033,69.39779833580621,74.70355999129937,76.71559060670052,67.11226819669828,1.3356800967292033,1.119597723126133,1.0450835018622882,1.0166753653079919,1.1675110846896182,0.7401181406014734,17.28589573984484,18.014296826409197,11.94455653756971,12.94606011693164,12.458014814844917,11.193880523105397,2.222175264786362,3.0435101727685505,2.3038933953101415,1.90634856720549,1.924980133019518,1.852814245050086
RG,0.000872251237648489,99.15777888059108,97.51163765347667,92.73087305125793,98.24873022340945,95.48507167921828,75.38705931104633,79.9806632717515,77.91269273487299,74.67410607118677,78.34232855823944,75.287220235694,1.1218246391262625,1.15654443315216,1.0429658091835736,0.997556038337436,1.5453091723337353,1.1667550710561798,19.07536697442353,16.47175447419988,13.447327473459676,15.393507075630797,14.05638419587793,7.111830735674045,2.9938929935249297,2.425821180066244,2.3389323438446454,1.9169944442965448,1.7858778871471401,1.874299115426778
RG,0.010664667694947214,96.85673695365995,97.4400568133205,98.83614681927439,89.00205616526708,84.4192023977438,82.96312141857571,78.99189031172212,79.95385404123834,91.42913553533191,78.59567930008254,64.77588650859478,0.9845575919312879,1.0270904979798932,1.1765788299904543,0.9884107226325058,1.1460218088435532,1.1906577094195563,16.245387772746742,16.123261658401017,14.502999443821347,12.768017629537631,16.233537897413548,14.073109837375625,3.4181118595353714,2.642385474741719,2.14529080536392,2.6357222306310306,2.053298398969817,1.8661289674773427
RG,0.0012328763697785213,99.67534920903937,98.90353803176268,82.73488481278214,98.65965295193926,83.05404099038097,79.5575418656491,76.24896789372174,81.56709972386284,65.96239915977205,85.94526769127803,65.94066584094892,0.8556373178652024,0.9452881275511257,1.179438539333523,1.01667342048823,1.026578990695195,1.0599125939618839,16.96621568182165,13.926040867122099,13.566379448822293,15.761125151449065,12.32488497027391,15.809603578338457,2.7741607025612653,3.1471288185056414,2.4395569172737956,2.6198516580440003,1.454499179068785,1.857647665599649
RG,0.007496471932754123,95.14050071969153,96.25755271856794,98.93831745617943,79.08405575385561,85.56907949984748,80.13440072280635,78.51416844682365,72.43365761382717,86.27589373911125,66.6181126214494,70.60045612867304,1.1545598333658802,1.2320001560972667,1.1930998413446618,1.066831873669598,1.1162993600455837,0.9971449527699154,18.62382896888568,16.70603036066308,14.090409656801118,12.752665516690806,16.826236032667282,15.154850153087136,2.7573054029315065,2.661051585452876,2.427578283627732,1.9445350349364556,1.981734583658037,1.8623616499533995
RG,0.003974728529976533,99.29773573926438,94.0231864849788,82.86031075494365,98.42852616533865,99.04280525647876,79.2309931689633,81.11019669055459,75.41115010195773,63.938862928866314,82.60411928584485,85.32593076495529,1.1610494824185449,1.1522181156631324,1.1418499750304973,0.7337280043968131,0.98761556284852,1.2203158533866214,20.63102981012738,18.59843637008372,18.45408024928017,11.367892376850879,11.974551428809294,14.035624912680932,2.166003499758588,2.5199953493683944,2.3015782336043475,2.579119315004622,1.893926470777994,1.84736204210694
RG,0.00699649916600548,98.31482198717444,93.44093883079269,78.22875521469652,93.5911453315491,96.00819435837387,79.30654438217195,77.94805960673278,72.12090667984847,56.689031383546705,73.93636357906192,73.5817555323005,1.0601831721198962,0.8576663077979805,0.9397963069428563,0.9465657586768926,1.0984659668488177,1.0827829176304646,18.028427012189812,12.689378844905168,14.584794058165572,14.706830607601637,12.15229425230584,20.31675184516819,3.080689210634281,3.3407868131448057,1.9593262900300144,1.9213063056749848,1.9784823646575715,1.8404987613553316
RG,0.0008743507286701008,98.51501231890578,95.98391445207723,91.07503654084323,88.7980143811688,90.15559845637802,69.6297542437079,83.7159587199894,75.21875509208336,82.60994109424902,68.40122960858439,71.92474383994094,0.9604795031191504,1.1594927782980364,0.9873154986376109,0.8644761199177418,1.3073454669802618,1.2260631586773736,18.849478528108722,16.891901758601698,18.601548160279766,13.491642430979295,13.387983154837508,15.86392114502467,2.5269800962634967,2.967325860943877,2.309260432800398,2.266406186963978,1.5845117177260344,1.856398504442187
RG,0.01088639106157079,97.87833613537579,90.71082592122754,96.61170946112368,98.68464922042503,86.51370432975301,78.44798547094376,76.37602089192818,71.61923716648084,75.86596414913681,79.21444735299166,67.5869533306911,0.9900919971388583,1.0840134552578171,0.8762486974647247,1.0367545608461857,0.9956749962696194,1.0564757562223837,15.253650346786108,16.714268490568486,16.2553699951394,14.586237931538154,10.268633174301293,13.902290590510168,2.146983899509387,2.8007470451363456,2.752906273044147,1.867085103003339,2.0925034253717048,1.8484420950284808
RG,0.006748650318476395,97.3019792247344,95.51355595403261,81.46761927897182,92.21661657851563,85.07824946761816,75.02955241041656,77.94549322558828,76.79090717455931,70.8324185971449,76.00358042308476,72.01084105331057,1.1986580806187614,1.1192128913446937,1.0567263405628977,0.9638050785517989,0.8759820331401719,0.6861507900865569,13.467528397266205,16.282171419791297,13.407619060379027,13.872076846487158,13.879660866479078,9.726830163938567,2.551924441009939,2.751024262414589,2.5027162018039353,2.107791767197877,1.9446482582481706,1.8601488293017778
RG,0.004002871305548694,98.44710036346831,90.6829135821509,91.43805966179926,97.21529133553445,75.12311535156414,71.00304470284802,80.25698486306243,73.44943208413535,74.34998799128789,77.63801976224892,60.58924394516045,1.1133094233197751,0.985306999686432,1.1047130975930803,1.0425860243459708,1.4162362706788167,1.2748963792551127,23.041473896376957,16.1315325163562,14.576346634120329,11.795829715099732,15.932617059917671,13.566294528485233,1.957173790612981,2.9449945197207716,2.587810473088179,2.6324065808431114,1.4135429501993113,1.8794822568164862
RG,0.00837952416301773,95.35734898675436,91.25313399999706,78.85062694791989,92.62754313844121,82.12172117982131,78.75503470842108,75.48943937284372,75.27800034155516,65.6785179477624,76.12542286665678,63.83883458944914,1.1584407781183972,1.1217998734249355,1.0350346448182517,1.159865405035684,0.9854523344107793,1.105426108120006,20.773302599945318,21.312663735590053,16.24188349117954,12.96635008748162,9.49316312335841,14.686360149901287,2.3481696983936793,2.654857195853257,2.6589240978752415,2.0136553330635114,2.2234455965926125,1.8640332564047675
RG,0.0025079460200771583,99.06693508530464,96.10245438551708,97.12473634749084,95.09623667690472,91.01114641371748,72.63367310892052,79.22444233737897,75.56000432764732,76.76725469484198,75.4637131527334,68.07325990816487,0.8234281239395482,1.0713861461879737,1.2692407664177836,0.8976918446259268,1.0730219096917215,1.1139958557807466,18.119140652206372,13.395140462061711,18.371180148321294,12.385951851722638,15.785121281826202,16.014991628270494,2.936839547113503,2.957342706042626,2.503407790584248,2.251644892009711,1.9857188152819591,1.841449485098134
RG,0.006675435635549097,94.53930832648182,97.21547130533664,99.54472118771982,82.07542307409405,93.97793386291718,76.86457156730157,75.00047222467526,76.24372152138945,88.622300600967,65.49233107982514,81.19578539441468,1.0602577932735135,1.132940138206304,1.1091683526393128,1.0402200659911591,1.0116169291638517,1.310659539559837,22.58147636920347,20.226632217562805,17.75581491852475,13.061510484642136,18.81743259345855,11.283759144111782,2.6986405604576844,2.835700717440742,2.1332120170966986,2.2965219001061548,2.009624230636679,1.8653762982133382
RG,0.0068127530907928155,97.16362874082753,94.48180410400302,86.84952507522385,83.2236815454575,94.06653595801774,77.04063777388444,75.85077114588896,75.79028989594379,68.3349476803671,70.92263053183775,76.61797395567929,1.1708656313637367,1.2008211951084546,1.0005431793559736,0.7227708427313277,1.5494072147069224,1.047997847652464,12.460168234430249,15.40059624357183,14.097857426557711,14.694800018600688,10.663020480516261,18.000866233872195,2.8772146805131955,2.7707861694491545,2.244751592488755,2.06982915973352,2.686670682103234,1.8522580488185552
RG,0.008196787114871002,99.25062406658753,98.31905110308034,73.37337262267383,79.37299965950523,89.90941682697988,75.81778764940506,82.97358709323547,78.62522428970611,57.24888857198022,64.70613579301099,72.26415235314143,1.2682584238559744,1.1562858374703588,1.2583932453209,0.9213944051571767,0.8266323876088828,1.3657276987884361,13.827877158546986,18.995498021967272,17.607318190920157,13.693704231016737,14.35654161971973,13.027438085139236,2.7139479177535044,2.830275146433367,2.4261651373304587,2.2405320286695076,1.7347259672313085,1.8671571011709238
RG,0.018969657285558317,95.26578653033995,97.35257417653328,83.00738641622287,89.69014564657988,93.82720219478571,81.25227770568078,76.21764140545378,77.97559647070204,66.7184205866358,75.63188329731389,75.83970813074258,0.9614128891423953,1.1648057596827524,1.094679468013698,1.0404115824797606,1.2927196491069952,1.215837939237534,12.719034609333729,19.61320868609142,12.45965510171679,11.908739158291306,12.041231229783339,15.413468529958172,2.860422114945181,2.8091650661077443,2.4079972068970332,2.3247239835183025,1.827788477812118,1.862152011375025
RG,0.0006717118233444705,94.30712824919543,94.43389643347467,93.09778906887152,83.75204008176979,88.59516454556726,72.04640142233653,77.43656424388394,75.04541859476888,70.35008981763266,70.39159408937681,74.93927918069011,1.303362707813001,1.2019809243905826,1.2056025445927283,1.0729885101432994,0.7193366874053663,1.1337617137380454,18.779046889341988,20.700489020282127,17.063447556549914,13.608700322954519,16.548138875516678,16.605772571979397,2.4429775264305533,3.1112955381654523,2.778307929313628,1.9751300974343402,1.6965016615178072,1.8589357750277145
RG,0.010641154366983277,98.367716817588,93.34138404351843,99.74477007139083,93.21780195223418,89.87948181378705,76.6088779297827,83.37163075092032,73.72684450362222,85.05751861743677,78.03970718189905,77.63978154510664,1.1639852855458968,0.9652809922574426,1.0612186563873571,1.0890750405059622,1.0757662078017216,1.0091187001500597,17.948660030631295,15.159423751536057,16.735946894278815,12.85054203420119,11.467094584934934,11.280790648210019,2.127590221722973,2.3243654663087967,2.04946344079647,2.247822553511815,2.099465500280865,1.8669947757692653
RG,0.011169060887524679,92.82765672103648,93.32439913651594,98.54319862867514,74.20088038186536,86.20727499377307,87.39714319766975,75.33808174041675,76.33030905067632,92.2207317896027,54.20407528824356,67.80245730765412,1.224944912934736,1.0497335616151986,1.1628026308039487,0.9140549581605624,1.1002874764474004,1.0050540494519224,20.824290036938493,14.24353565879128,19.057852522104504,15.715581952295686,12.709299100782482,12.768035775978392,2.5475331112384496,2.573636961406935,2.413859661586666,2.1510300629138035,2.170540334123909,1.8647193141224294
RG,0.002316315405665255,99.08982514105172,92.73093847108913,78.97251799147699,90.94140427481453,91.60085990736084,71.86155584831077,80.29804921699986,74.60807348926622,58.73482614791159,68.41070416911818,67.98438538480615,1.0434177580272894,1.245498283624703,1.1363426730418298,1.0764897848819008,1.1895583698742835,0.8575972439084195,15.52963222527099,16.862846153429896,12.773678740997143,17.869862209919113,17.124722126265308,15.308883760037,3.2578192958337833,2.817586213865523,3.1529924351637226,1.430610211909956,1.9882383457821835,1.8459720819196663
RG,0.018464262214985767,96.70699042324985,96.52607656405097,99.33417462207426,82.28975760755826,85.99248159301773,83.91540503251883,75.54443820456133,74.9250150810269,78.09042050506015,66.30364490639782,65.00597296645064,1.0569020337534338,1.005101227316761,1.123082967923323,1.0484022626332479,0.6600891975069823,0.9388292286509552,17.150949096262575,13.022913133009874,17.936627964845144,14.732078232345195,15.083242860741029,12.559235300090993,3.1376784757422214,2.6616853264220426,1.9629460214166254,2.0018528376307136,1.5796303253604715,1.8516162953425352
RG,0.001068578907255925,99.70869745379022,97.06108800048807,96.91674597428062,90.6292991560427,84.1252937397838,74.61772041392432,81.60509882873924,78.47271722878186,78.15701413774886,77.52251391266856,70.69022813019113,1.0491886791348224,1.1255284015274705,1.0880595285167387,1.0041258746587245,0.9248798580094977,0.8358974315430641,16.08029434798779,14.838683745430545,16.066775492436744,12.104540930319434,11.476097202458007,14.173715248308627,2.341547231745996,3.297765896825297,2.548531122069402,2.152904968658723,1.823908440061108,1.863030044180251
RG,0.009635996274953132,92.75640949455448,86.81856911210168,93.02018229385544,97.06003193735938,89.9492476916098,77.53800127450798,74.402612673989,71.97535449242477,78.1875645726417,73.10654615974236,64.99578512043847,1.3201792981453822,1.0416363192786855,0.9500493840066252,1.0585427950415316,1.0760610979886405,0.8206392832300675,17.127703666656554,15.761705237111624,18.14425152940883,16.942257941801206,13.938311169897347,11.57227908412687,3.228173238799431,2.78168407850629,2.853055051247046,1.9579925296707983,1.4110884342159462,1.8628408996941352
RG,0.009367412144128286,98.54083462380396,95.99099883290859,92.39061337619039,86.39667045482553,81.30465328979484,81.92680179188056,78.94044052741982,77.98314117209715,83.90308941854965,66.63507407089219,60.335354067144806,1.2254795625199368,0.8854470091743961,1.1793796152343057,1.052391856228308,1.3811156723547156,0.8688854769842745,17.943136564131038,14.924566406805265,16.48729489126175,12.92592163065545,13.536831118297206,13.883052615375496,2.561271936464567,2.4624743479904825,2.919804920843662,2.052322701979753,2.0781034951316295,1.8564810027210639
RG,0.004771272742098906,95.44103925975216,95.51570692147597,84.1872298265819,89.44876741402386,87.8312724991831,74.29644656856085,71.8027477115563,76.30204678186577,69.12255652496772,75.84527837536582,73.86778539444063,1.0229304889350401,1.2511999060492163,1.1526325189406421,1.127488771594668,0.9317863314854489,0.8526233491838714,21.93928721229478,18.85379131535997,20.135602482533816,16.996186420184756,14.56350935924407,9.13790690092949,2.0445733637279537,2.5591933737129593,2.0220500763778073,2.2854211452708193,2.268524983761881,1.8683075715564674
RG,0.0034429809048718498,99.15292586690262,93.95485945226201,78.6278009266317,79.16185904870595,84.44551403842391,77.83366909740732,80.99209044214268,72.67282842883985,64.65198107806393,62.087002436989806,70.02524548697595,1.0357432360703578,1.0336216513443903,1.2366425081966683,0.9111529061949628,1.2941824070572845,0.8881594200639865,14.921829879085461,17.20823553546284,19.801401128320272,14.16888052389708,14.508198994199974,12.08458010850921,2.622858691532184,2.7481718747074764,1.8726697550351254,2.1644075082039205,1.7485485095220465,1.869251085354546
RG,3.71513463645394e-05,98.3378064391382,91.19944293221346,86.1022833060153,94.38399929277617,86.73805317385515,66.86635439851565,79.19955951671832,71.74565283631114,73.01229885636326,74.18884683017659,68.76986228839716,1.205641630616172,1.049787327384368,1.0729367642897925,1.1618870284269691,1.230355567650365,1.2522621905239812,19.60488402230133,14.069620477271515,16.44779899081235,14.205689988592761,14.301234767995702,10.93142291937048,2.511712455006275,3.1464319277686092,2.171101265797004,1.7292489430161067,2.08286086317317,1.8467143737568834
RG,0.006244372033525893,98.94493783701547,94.56658654913826,91.7917168103101,89.49623773864113,88.43447867178281,73.70937822183353,77.55103246037956,76.2916145474081,78.60476460786501,75.58485501952394,79.4869889793271,0.9257336838686884,1.0431785395867417,1.1719921878845867,1.2051133369284597,0.7276568828009753,0.8541985189243372,16.117914066791492,15.148585665672313,19.055850926026622,13.27569707110197,11.60426061543985,12.809413903345082,3.1616987260509104,2.739806286557434,2.1582312182899317,2.277585493711117,2.199452510310766,1.8618682627149574
RG,0.0031670992083765864,99.42500382464782,92.07994577757569,81.52334141121295,88.85183678663618,88.56993654988918,77.91226104512148,80.39945599730903,72.42503296884426,69.13843705797352,71.67870418201838,74.90181342611801,1.0792272048754141,0.9270376622477847,1.1723445796218483,0.8987679680803916,0.7565286147612005,1.1927974655236768,16.675274466871223,17.85361108701932,20.545268363163924,16.608469888529164,14.907226180580766,10.635674663278486,2.1572091048605166,2.8863701401763997,2.4270709815597438,1.8358963868740603,1.854245063668039,1.8762264695166588
RG,0.005468062099851046,95.71775725815407,92.79600313750603,91.72769650315261,90.97039675629367,85.21941669359913,75.72301335330118,81.65403123217507,74.3988320932134,83.52484627176396,80.27335962954184,66.46811522402274,1.1429360966134956,0.9256428753755122,1.031389551627281,1.1044984893459147,0.8353717010956158,1.3086559523919252,16.720553527833335,16.009676265349924,15.72395203540414,9.839135912058175,13.292200902832933,11.400465994491606,2.253756504926753,3.252958593158178,2.7944563066285784,1.9569889588980502,2.2479503470998328,1.8606518040005147
RG,0.0021397527251712195,96.78505440136959,91.92768618328081,86.37998017131076,85.21767641550508,88.92241892805836,74.44543419002612,78.04371721463049,73.42243444263875,78.51451665281375,72.00164768343407,77.6951161265534,1.1699260594025842,1.0660600993479552,1.065928039756062,1.0498272588679072,1.3699703377089716,1.0071119498838563,23.291663041468635,17.35564105544492,16.225924798665233,12.488635036302025,14.49414115191675,15.438963560317095,1.6983009484715272,2.708911300892821,2.773985521189399,2.0252472891879205,1.8923187982183016,1.8430915300140862
RG,0.0018791801504623718,93.07898276899644,95.56018546185449,85.35768779809294,88.45356223437759,90.73829668287178,78.27511930774781,76.44013201648822,75.63604726959389,68.09177571461562,66.48295764434503,83.62390600309551,1.1171956507349057,1.016719138498769,1.0198437354249463,1.0620897087761922,0.8100824125289924,0.8382432327255718,17.035912764270616,15.878918816522122,18.32493608766831,15.822537881943118,11.898001353072573,14.991977763628455,2.1400804515423624,3.0736937516725167,2.7200656955277114,1.860724518842169,1.9515658946980987,1.8745186600300694
RG,0.004281693587699213,98.80552157269986,98.73156789784235,98.67111687573299,91.68625330147735,78.92350964970416,71.32086776208273,82.33687814309432,78.42692784253981,88.21269347463037,76.78132707389145,69.56436954023694,1.2443304678783975,1.1082674012650897,0.9359764546533645,1.2079675629369333,1.0354439005840435,1.0024142170602697,21.05510874475239,19.46275523917764,16.01442548493214,13.815137746379465,17.356244222633812,9.656651468564101,2.719520536288819,2.521152741094145,2.8165729430507556,2.2141584844880735,1.7426767781901034,1.881542760231458
RG,0.000396634154892755,92.01638715741578,99.2104069519429,90.25783148887153,84.19835340105004,79.26779156188363,68.02272328187591,74.40474104829403,79.80389104578532,71.95944190284703,62.423756299128414,65.38978722377492,1.0218407454318919,1.05768596744922,1.0770872563056415,1.0957099629356357,1.2404964250704293,1.228732951035012,22.141901083289373,16.052874209933996,13.148053096026386,15.694101367992552,17.36716775801311,16.556794890970117,2.3452559759283247,2.9810506417873883,2.6861507610492326,1.99124367084616,2.033140876359044,1.8504716080178607
RG,0.018486199515197473,97.61827114497669,96.13699762447517,78.71047575477897,97.28399550596215,87.77635182053325,83.15277152609033,81.15404993310558,74.4127707718096,64.46046031687325,84.05172179897096,69.56779473327005,1.2489536517183963,1.0104868887853053,1.0773857689378419,0.9056515260558924,1.203286357297578,1.1214715409871583,23.119608220128764,19.90317699962936,14.013582937141443,15.341507611198322,15.060323917856996,10.969007540078842,2.70823782481049,2.4723707340602132,2.9324672254258517,1.8076115769021008,1.9990376821256044,1.8508398184006984
RG,0.008549837238013183,95.84997123851917,97.21829492460935,68.4844260199834,89.85981389624736,84.23639631997624,77.61983591637559,79.66574384763781,78.09935867700061,58.64503626760951,76.18208359499499,66.88194763060802,1.1030597360821663,1.1081742667221819,1.0088377476413124,1.068320994878819,0.8574402777132545,1.2678177591054116,20.284330510118377,18.545126831565927,12.308271913697563,12.490453183412455,7.534016793089262,14.652319602615623,3.0892187433851026,2.8555588516141914,2.7795354998991373,2.6395745021207095,2.0604802864321763,1.8419749399464964
RG,0.00282032935223191,91.17904306477404,89.95827610880505,89.15577194876512,80.2424721274117,92.90330160055096,76.07970060916756,75.52461895285627,71.8394302545981,74.20161243563427,57.25945917480619,70.55257303492392,1.1644210213969797,1.0468659425722806,1.018267798156126,1.0423444188577242,0.8565530521913711,1.2429526769168968,22.478269903960957,18.593203057776226,15.290079246589592,14.982928138021109,13.611251330917122,13.724617743154733,1.8883363931514396,2.4073532748139197,2.027147642448161,2.5904060256520545,2.0879864214796293,1.8462108940103452
RG,0.01675367578056628,91.92486969275797,98.40180441121058,98.98222634769117,81.34042288104688,86.47824720536458,84.02189973664899,74.79529854645104,77.29212288533705,88.65576385168963,68.83422167407286,68.37356094115064,1.1324175049524543,1.1393603238976084,0.9905171574671007,0.9600849021417662,1.2999012605674807,1.0178205099895015,21.289543357927307,18.208780355161043,18.097892109781416,14.501214463473843,15.139041369523888,17.324904055150185,2.4906303031981705,2.84701525357424,1.983525408109283,2.0319838973036344,2.0444788573883774,1.8407786162407556
RG,0.00035792862278156236,97.0555469819266,89.64686153092029,89.0725860639875,86.45899497508017,95.30524506209667,68.90141721422351,78.76072179401874,70.13129704232963,70.57901848900751,64.22309126733082,79.84715317373336,1.3592612716665287,1.1025177477650638,1.0367844359027267,0.9339961806436388,0.8584384760911519,1.1364007251257218,14.989210615945222,17.299223945216294,12.13195240009852,11.918223098729044,12.203877334831168,13.000779887920503,2.8291470923006377,2.683063705030227,2.2777792737405154,2.206074789249235,2.024444648034492,1.8703271519119984
RG,0.001956484380533218,97.96006556704718,93.61502632756319,86.88415922795,99.47428320828901,83.7764993769769,76.39301378961292,78.68111950518393,75.75198011502536,72.14561404838335,81.39806167456909,67.1260719977646,1.0371296352431918,1.0019846998228414,1.1877793108185624,1.0823282864394,1.298364580002632,1.4418522728409005,16.760661966667573,18.067771968983543,13.481122767800304,12.036494694086471,14.296851695864037,17.15909024455893,2.37412275303351,2.0736166015455235,2.8708438067355484,1.6872228578501538,1.9857438420745221,1.8550598618530185
RG,0.004131517771941594,97.62453571303759,96.94336980065923,95.43240856871702,85.92870460997634,89.15648372702118,75.9978381792528,76.47577346784617,77.80588471528534,85.59096139234055,73.96109506327927,66.61461826324235,1.2506060310823601,1.043435614142844,1.2621357083199238,1.0977381612541508,0.7364202085615652,1.0743951247361931,15.001086045597111,15.296697317573614,16.426395642542776,14.826206948291548,14.839879986151102,16.613217390366295,2.7963544740877273,2.571644540927768,2.47962585954392,2.006771627763175,1.8547834631352733,1.8430691875440983
RG,0.00544086774195305,99.30043039991712,96.51140005800953,91.6505039137642,95.02038130230896,88.65229938332958,76.0659783443933,79.72478821102996,77.32434303628594,65.20792989753605,79.68661761332531,74.8310661512491,1.088255001357577,1.2049721362488501,1.0342387988472423,1.0958400627001657,0.9131725388986995,0.8084809575394707,19.797856666284414,19.435818268701006,18.87613774889,15.478160034151674,8.636153632044048,15.392399999216758,2.6612191722196457,2.026349502716484,1.8348816931388015,1.9898392278535684,2.414640554892346,1.8596221585015063
RG,0.0018034985992118383,95.48773262694705,90.41858967617594,96.8897162438736,79.72119950215583,87.25212427608456,77.85638421463473,74.96661878144613,72.26343751894161,73.21797687966449,62.246187979262515,71.23663283120663,1.118759651814401,1.0596269881902503,1.142679115629039,0.9966895524904505,1.2154587250761433,1.012991977543483,17.542752054826135,15.355901239966355,14.304903364494132,12.71378972664094,16.83665219815224,14.65817941753787,2.7360480711071986,2.6439303596410273,3.1343979612847543,1.8630436612583385,1.6685050377073498,1.8601232642544172
RG,0.00015915169639791384,94.04396510597192,93.12116546762293,84.53289958641984,87.53403428972885,88.15296510293172,72.97680155123125,73.66871899456427,71.7203415797536,69.66705763852627,67.42274884846016,73.16460918580299,1.1365809171491985,1.1929707550878257,1.0809516625907238,1.0136252876057328,0.9489429937102223,1.0216461242464208,20.722164040807467,16.70978130553272,15.103047854544835,13.791052655651322,12.591724092323787,13.183185841834034,2.697311675989923,2.560542621014342,2.9922173734800257,2.6078321782976466,2.0398889494717527,1.8771427107481171
RG,0.00544106821940794,96.01024624705394,90.45647091689546,85.89339087447287,84.13917167935452,85.31203522738397,75.49414723020776,77.07987380777749,72.08018396877665,72.02515727676526,63.90542099885868,62.479848278603505,1.1039716364356622,1.0181737092738647,1.0089304530080672,0.9256619847648668,1.0105707111489,0.9340182906789819,15.77501217329365,10.573988607989461,18.732626948546034,14.393836404972253,13.944039784527801,14.225620525837664,2.6881593389869307,3.2389985811747803,2.1390270256852757,2.2997123258727523,1.3914874261656638,1.8510674360315582
RG,0.014789221485847642,94.01374393278444,95.99852040365255,78.96368775314468,77.823316456418,82.45695781936546,81.75188573404465,75.76325210776952,76.05492238642559,63.221218890125954,58.03435133933194,70.92892684897286,1.2112613226937312,1.1079389572406286,1.0036923968489435,1.0389396026763582,1.027773105813605,1.2175344578688445,16.60209931403601,18.468186793525227,13.87163604737031,13.134820236383351,14.183505749846573,15.14989030198097,2.7885628891149494,3.029396339073823,2.0690935004896236,1.9099896962922758,2.048408264180695,1.8541651853355143
RG,0.004028764261316207,98.56161718244158,94.68156118463496,95.87950553784226,85.23645402960717,80.89030987831765,71.18589003365928,79.7360497556488,77.07799028596234,83.74820643952621,63.96407721961468,64.51071414716277,1.0791604482145039,1.0513037075900278,1.012379411964229,0.9976477932394525,0.734362046364226,0.9644789916746042,14.1796506549366,18.19625781766988,17.519986228272284,14.235935983513953,13.095990029458116,14.468389401653575,2.684492008716606,2.488791083685592,2.3815919844223337,2.685148736728071,2.2263588525985614,1.850769597283048
RG,0.0028608181513510612,99.91545960879965,90.9531424712949,92.41975312461884,88.94916845041635,89.9936810135171,80.8589454442887,85.75662808544406,75.1079229191561,72.94191531876906,74.88685855769927,73.53977733890714,1.1010383329984932,1.07024413421139,1.1885191596357951,0.9330462068595182,0.7934296062879574,1.0729031945292056,19.613678223496372,18.971680786149715,14.895449285637358,11.929209721958877,10.221175357182057,11.708476979132946,1.9312292038599477,2.549029822785123,2.827292819875413,2.313850821135793,2.553724750468148,1.875527340732353
RG,0.0018129821577020973,94.49240017512535,92.38096024199726,73.26692846300782,90.31219083630805,88.2173844295372,71.54011696637174,75.85838812841305,73.56438990012786,63.57123599352109,82.28391067411955,73.81983592632805,1.1664595831455145,1.240027236475699,1.0669660166968988,1.07133594258129,0.7975688837121693,1.0365184513300263,15.262445383829208,20.323866310717257,16.010692466037565,13.58262366271846,15.65749799077006,16.341699334753564,3.7474329232704706,2.650780965469462,2.148148779694823,2.0125751442577684,2.0798264988138033,1.8463137552131883
RG,0.00755552973048044,98.57906480694575,97.3769574599216,75.18171992734815,88.15770377778057,84.5664320796619,78.53630049465364,79.32097856559031,75.26617663500055,61.38108550658941,69.6876146707843,63.4702593320081,1.2200282316340787,0.9524856865425599,1.1861074942747385,0.9890978593216089,1.0048568764558592,1.1072981960207433,16.936219383448357,16.470243629112286,16.355025041367995,16.121477208194868,11.939054474656013,14.954190515059206,3.0518037420416584,3.015777536932893,2.8573961806529913,1.8754397648574377,2.109840450418758,1.8609694035800308
RG,0.003059726872333326,94.16904963604351,90.09930464520055,85.43508542654932,95.72170819657094,96.9171093600688,70.52726668930323,73.01420062166508,71.48184153269237,66.7232264534874,78.45085277099018,78.8849456254827,1.1643536803474352,0.9114841244278722,1.1417300617026795,0.8883127452662499,1.1508570309557808,1.3058660165589202,16.503977289454237,15.957712326790391,13.661958044712483,9.630386008628175,11.648228285060068,15.097500643540872,2.245636464660097,2.5912286949125223,2.370586283076323,2.3272010866190085,2.0100681844547412,1.8540100362139635
RG,0.006658059885765156,97.28994356560433,97.67277441050524,80.73259028755304,90.90811659317808,87.6463779519854,79.34932358919599,80.08852288539968,77.29722733345345,71.1411704698808,75.43274510626182,68.21124057047172,1.0994056005647719,1.0513128316730216,1.083346831189443,1.108327048259124,1.2833283078984212,0.9343917059039518,22.838138872163583,18.98410061670918,20.21214586606444,12.09037316239289,17.63009263594659,13.977124144412107,2.2582327848527854,2.7567677377456117,2.410422015720845,2.3778432078125,1.9617733844641059,1.8592311723203128
RG,0.012762504376731718,99.84365914948445,93.96288095443121,99.9586449821917,90.99007872264758,80.80731713480553,75.97065141318464,82.31214191592008,77.7657403676768,89.37043239517179,73.10337887604813,67.81949102921745,1.098397002882455,1.2939220409485979,1.0199525985060764,0.8847067471762401,1.227966104011289,0.8154744050290983,17.300605080998842,18.206268244104383,15.10204945045561,12.071641405670864,15.012639062932195,15.408370869176002,2.564137738117226,2.485531212165292,2.290775084096978,2.435764658669997,1.664851817683478,1.8667392429752392
RG,0.010725259664198294,97.55286814334869,97.54691464658777,87.67931884571097,85.88521090241467,86.68783257779637,86.39621315161922,78.64848244516148,78.01717218017696,75.26481033487832,69.63593014287068,64.6623826312881,1.0754730084119346,1.0361913493293566,1.1683565739141368,1.1035337686682787,0.5956280601651602,1.2176162519736993,15.426319201253984,14.115934339861404,16.570186868558405,11.581359021102884,11.147494795245954,19.549761087406573,2.5321428892086573,2.8115560346602906,2.5062230162936388,1.8086218007943413,1.94160643023942,1.843057575314015
RG,0.01732487431106511,93.99723894434352,97.62109877183003,86.53746337533798,96.51435440764809,95.46978222191173,87.20497047211845,72.01644468197074,78.94198999077224,62.03047046783704,78.47999575174057,75.83447329247312,1.0088545775397069,1.2125523369269027,1.1187313076990653,0.8808413123586061,1.1519139576754838,0.9306722721097375,16.25719464325657,15.81453457082775,17.808982445537936,11.959635909930663,16.551697963551337,14.834375941422248,2.4006276486553992,2.2773191611058192,2.380982442278414,2.511042323747705,1.7045101075413442,1.843612491600659
RG,0.013416645118719017,99.29169091859569,93.24475059273871,97.23073482671961,85.51762416942627,90.2613107268477,84.37079508126966,80.5373537097095,74.33310939323455,73.20197519715795,66.08150242444626,69.84712812933951,1.010014508049521,1.124132176916506,1.1429992894814245,1.121690133505933,1.3747759337044982,1.1564134394767125,18.989385597377286,20.69118149431924,17.05927981109273,17.44905108900376,15.53832759351675,17.34908253878577,2.6673612947754752,2.102414921470046,2.6421170003817154,2.149710007130142,1.1603940981432823,1.8416939435210435
RG,0.012853978259557546,97.39976835471992,93.31220487380811,90.62791708226301,89.59401990259724,93.00261875140838,83.56650998671121,80.19453365622554,77.24618152613742,75.54415355977801,79.3517350178071,77.89192890945505,1.0603884931151915,1.0418997082107189,1.213933703750539,1.2180377374634792,0.7515993073689118,0.7864496630712994,13.7808070401266,16.053410057996185,16.476957716557024,10.408122390335517,12.937987751721144,16.439158752349684,2.774679909371092,2.505664205876643,2.136430500792392,2.364611768042399,2.045756276629119,1.8468506127048756
RG,0.006396345688112115,90.46425477596807,95.96795363956095,82.74970387957981,92.80292290159957,81.47267297813269,78.47380916072588,71.00483267662267,74.72467761063587,70.68377625654551,77.29857588850649,74.6047315035876,1.095978114689495,1.1354184909322416,1.0415809906547389,1.065038455270551,1.3311647853321857,1.2207063015791948,13.681864030426565,19.50752016734156,17.091062784062448,14.497773585257082,10.997359656197595,8.52780954403631,3.118942575986015,2.6766302356017566,2.653809018389545,1.8679565991860256,1.524880118223271,1.877426173034199
RG,0.005054927161804799,96.73789995146015,92.77696562044657,81.7120814842297,93.22444578104883,82.81842089380497,76.27299096303355,73.20232256289462,74.54265832902392,62.69801831715316,83.75361792087654,69.28623993508629,0.976575734264421,1.2660313562454275,1.055720869835358,1.0709879444900248,0.9480423510424241,1.124229362784842,15.544342111278135,14.392339404686778,19.04314960852635,15.553698421440938,15.551070438972147,9.929786883377858,2.1121220794684525,2.6682611420820534,2.139597177765023,2.0208985286368195,1.5580289810850507,1.8648627406864835
RG,0.0035422065093196477,94.91176513044022,95.78896646924008,84.79878459941574,89.39875310062223,81.23360146322416,74.2548517613276,74.98298710149044,77.40930562018495,72.8731776812061,66.17617050159546,65.17832264124654,1.2423203847154145,1.0993553603831836,1.0697767147820805,1.0627937927193092,0.647193997902688,1.0680570101462035,19.946866781128822,16.309145488137666,18.38944619903458,14.265931240764493,16.751584769082267,14.693841459770724,2.4150055475413392,2.7891777017377115,2.2644937470608504,2.420308702720016,2.309720466725926,1.8570596524846046
RG,0.011970914674789111,97.7680261803013,94.50397038451528,92.22500602096636,87.8034078092656,87.06485290978596,77.80900919038895,76.96820872146634,76.24723158606349,74.71044529578346,71.92627085971499,67.23637310512343,0.9409469162699604,1.2058530808121413,1.061610645658266,1.096739294830548,1.445049467096866,0.9264557975709347,19.51353496746629,16.48035782957576,16.520224862185472,14.579955285864402,12.77250416485102,10.483793337978742,3.317904306394567,2.3995132728552275,2.753000574130362,2.277104957930118,1.7201801753235317,1.8637971429910987
RG,0.006843765238273817,97.37571389882194,90.38913301955499,99.50182852342897,90.42221020996885,88.1269597240109,77.36057742130184,78.80495430995231,72.54371593228353,89.64463020217687,79.66404533530348,74.53129068244185,1.0969997000509597,1.0929756514774518,1.0230731029995956,1.3871748112575997,0.9931200865175157,0.8868315838355105,21.497802839200492,14.755674742806937,16.00149924461115,12.460389294336558,15.847445874237103,16.03334042662232,1.8160225714487328,2.3858065139770392,2.447681355816305,2.7916697681572855,1.833361391973187,1.8516137452885357
RG,0.000444095101708076,97.07190524750868,93.76198904435735,94.71023243777513,91.50558805904717,87.94430686335521,67.24580847415409,78.040098687693,77.01138481054758,77.77474347720032,70.67589901494492,69.37926695209845,1.0333417171625334,1.1758621364374928,1.0501394798464987,1.0506150048022285,0.7986739975323357,0.9813997693951658,16.922610222052633,16.184843960203146,15.0484989394078,14.65105526944004,12.884829036241817,15.538035115577566,2.144006430709794,2.8358340208778863,2.3243915287666685,1.7794788446698242,1.6662083266746734,1.8710920063183198
RG,0.000550178982034933,97.5284083635418,93.78177533953641,96.25040771434227,92.67145951829559,89.02692404464277,68.51108774268634,78.18562432197412,73.7051072144963,79.17516855381925,69.04808036251251,70.91663878702904,1.2305322075245693,1.1072482444968488,0.9730864369113229,1.2573460061267927,1.1000485171226424,0.9137939054203581,24.036293875174227,16.794819118713466,13.257854017136141,14.722201557379922,11.514627700576353,14.23588180791589,2.222158781483965,2.968702979509184,2.3186793115045874,1.8482299300391736,2.2316837640535354,1.8621071169009096
RG,0.0029211232143190936,98.50399215918415,93.80523596137733,98.07300334808764,91.82522714678757,85.479864754247,76.4993674698453,77.72171529918228,75.98764401469555,93.72237089315608,69.71059386677354,66.98229230682921,1.0082567732734027,1.1414076644035087,1.249341748296864,1.0828579329060763,1.2269106803219973,0.7001653423013701,19.95493079030601,17.222696099215547,13.062585330613762,14.026072842305632,13.802715088106806,11.157006718505441,2.443505083967708,2.1758826064416237,2.5134692794367273,2.2707017648075882,1.8810124488822484,1.8694072008174643
RG,0.0009607393843965614,99.25456365946599,96.10704233499092,86.49636504078514,96.58157903375687,78.93305158556942,71.31310282191093,79.02239194393626,75.85518059530028,67.15125813272846,70.87041642159879,63.5542068383488,1.1862173574980965,1.2029310511513736,1.1497117891455402,1.0733077668793138,1.0831614989405576,1.0941446330816995,23.075565601934738,14.600968215498952,16.880663624794,15.071830212602862,16.181228929696186,18.040075822029596,2.5707387346680526,3.176886419577688,1.7761948302469686,1.8120257709699183,1.89419629701177,1.8605677818191415
RG,0.004724686614025198,98.52365490524073,96.37052971246435,90.01429182202904,91.01456225327716,90.25292783792877,79.5771106250318,81.05413849115429,76.9887151320129,66.97772713057572,72.18119509085201,78.20697893567656,1.2018986466377712,1.0391122456348822,1.261640343775974,0.930220443777412,1.0273196079872535,1.287637513002869,23.117939114289857,17.51529494028121,19.013680030550468,14.546188121428976,13.253017373912531,20.027467209617246,2.5785133979327997,2.6926224150956415,1.7500907958111596,1.9521582827489745,1.8354493661912723,1.8417147951862038
RG,0.0011589563439860302,90.10048752466983,99.44789238035938,76.19060917521952,96.49631022181889,93.34682218073775,72.24302732790096,72.28615624944806,76.77672857270069,59.93474876709672,75.59379860225305,81.03773491345922,1.1706496971928613,1.2007839597701793,0.9497898688981543,1.1035339598184915,0.9288458710753713,1.1473091801666668,20.92480858333647,17.271052659587216,16.36303264518338,16.592452197989505,8.854744862520032,13.683689299730275,2.5101443733731146,2.244048959964597,2.247749281644618,2.173829180045069,2.414558086348571,1.8653948386794268
RG,0.00040210450499891993,93.36960765254905,93.46123156326537,93.56914344495407,86.25298979363451,93.70050346646708,70.36985191094895,72.56103835030349,75.31875989222837,75.63835993874059,73.43923149513013,78.63132327534622,1.123703406308177,1.1526727116139457,1.1607875578901796,1.2176730559627167,1.2965789724756005,0.7957684416968241,17.968685858801493,16.758079301592552,15.416910708335303,12.315252368407462,15.720361603443418,10.669329872559628,2.331535507824606,3.076340391328683,2.1756318379632456,1.9230901617248257,1.9799502460458744,1.860513357572579
RG,0.007056579527595383,97.7766217904657,93.96887165373835,84.34448885066075,82.2623369650387,98.46215790237267,73.62933585006924,79.18868179708952,75.76006079131574,63.40356683730781,65.65495458138471,88.42027054393675,1.223433454845681,0.9766367574075625,1.2173831370013262,1.014527154302453,1.0549307409581474,1.3682612742881637,16.649040176780666,16.467238556689033,19.056301578598188,11.932553368698102,9.53868933439631,16.978758481824908,2.6360736654696493,2.8600027694394186,2.5281409660939667,1.9497375581401033,2.2289697979496172,1.8505259105451393
RG,0.010699607740897352,98.58699329330878,91.7284684532898,83.01513424998089,94.6029469903296,93.34554563653526,80.85110307940671,78.6126154554088,73.31465927645415,69.7357247078723,73.95629201943103,81.63588029810451,1.0896930555297069,0.8957924689241166,0.9860193053285488,0.879781998068558,0.7797588762158725,0.9020188322007318,17.81609891869332,11.816301000253151,15.664839477266812,15.374744577885526,10.850233731643995,12.24228236002651,2.2643952146613344,3.159009616252359,1.9146701293796213,2.5397304628104425,2.003833737288038,1.8619045055250698
RG,0.026702764343372005,99.18177059781267,86.21659959917629,87.40653171516652,77.46894105894131,88.7317937270036,88.06353424778976,84.95860737488114,68.6196682758421,70.66849510169438,64.2379131130322,74.5252359085619,1.1918902463260121,1.1109414782290317,0.9524928619827407,0.9328847447209836,0.7837482656969424,0.951063789646772,17.409237424916768,17.868056913718398,20.247949280656428,12.527607093727894,15.19367861904232,10.655342610510882,2.352493293472166,2.406955844131356,1.8000056154113966,2.598296688310905,2.2371755456643028,1.8657286402215882
RG,0.011265537216938869,94.83629922971897,89.48317232953207,88.62805283956591,94.08601323655586,86.32185211359852,81.42823230234977,73.8714433836594,70.6797107730342,77.57844265254847,73.66320250225039,67.74620373027277,1.033560740417119,1.147281612958651,1.0070143101402684,1.048805902748425,0.9032744239814944,1.193413838477784,22.409860315483066,12.352956290358343,15.53311965812939,15.30197231916765,9.811603097047833,17.48763165196577,1.674141283352343,3.2131722275593475,2.8366958876631987,1.3603153053325192,1.9186067948761456,1.867232168839915
RG,0.009560080408347865,96.49139636172268,91.71837420940561,88.19629557945517,82.23169471427931,90.49407148748597,84.44645455265876,76.2666314017002,71.30309958175194,70.70432372711079,65.66246126304318,72.4978724427668,1.1294484579946367,0.9054134616023854,1.347890814807569,1.2481342629939889,1.2259903169692676,1.0934447970643317,20.823345571505783,13.685353445828582,19.00809465357833,15.929927117411633,13.000053635024686,17.710796739247908,2.535154749120071,3.2556392239765977,1.9958238147831486,2.0225198712767165,2.2188320908602,1.8505088901789166
RG,0.0057561845730454255,97.67901139327626,93.36938665499628,99.61718787656017,85.77894918783441,91.85355466324368,78.95136859417897,78.48871892540565,75.84606308394268,89.37847031114701,64.09974676911968,78.67667579675889,1.0067874191112958,1.0083499370386584,1.1995457900316462,0.990965055152271,0.9165679292351935,1.0089690580426898,17.95460279435863,17.911274349705263,15.589272278249764,16.255401726984367,13.203910007548469,10.8002833835999,2.6772645282813143,2.5642705459729767,2.3849757790934394,2.8804558400050766,1.7280348333184632,1.8676258431790869
RG,0.008337046911053357,95.14850771525045,91.09217138746679,87.79990361199695,88.85811751379708,84.95876960791668,79.99704129744192,77.41150537144495,72.31367995820693,69.53282199696397,66.35287433344817,70.68600622088671,1.1456170531344823,1.1181052231848647,1.1128393649191568,1.0465242698098818,0.7707980907932803,1.1122887898699492,21.687205330172993,20.69373374268978,20.433172134602202,15.120058130475812,11.532930275870175,13.995098517959672,2.4189847701809635,2.4599974481528304,2.0133606518961,1.805207944611066,1.9001831543874201,1.8479160219277189
RG,0.008146279044419807,97.76949279397232,93.15269334012694,81.77541613625347,84.5795726422534,84.99076772247247,75.76117150974444,81.11090742244002,74.73791722082211,72.4018305645059,70.46277742362177,67.05729018435578,1.155204315298694,1.1034296864063045,0.9086749037989431,1.103637371425212,0.775789774222539,0.736768029999715,13.923585856437139,15.247550300801844,15.647819394462854,11.132947165436518,13.25080552690526,14.241969074573653,2.710789919109344,3.2383133866152525,2.6158161085157,2.4676327395067754,1.8247727802788236,1.8558881953559996
RG,0.00982535822989088,96.18369601752883,95.42434820256418,81.14960894135483,91.06541607198491,80.38280320274762,79.04502432610725,76.14621210321799,76.29473675478405,66.45661384987321,75.1619571169527,65.17974454189297,1.1597811940945766,1.0236522325335138,1.0673098735539315,1.0461847954732824,1.2142406606589589,1.0281495098088127,15.91150537952965,11.323108116149877,19.441439802193763,11.467339372881282,13.667198697034264,13.606440964097903,3.1102423985711667,3.503526495289954,1.6895254548830605,2.251263665472263,2.003490557076275,1.85220814578676
RG,0.0011059984725604406,98.79905853319383,90.45224896282788,87.3978233586398,99.68731963184149,89.2971946595751,64.91936429893234,82.50028669824283,69.66426365443581,63.58882726832992,82.19804586521691,72.10819090670283,1.0998266551947649,1.025669514667414,1.1622630748239051,0.9115887648886276,1.0405950542078597,1.23708153194911,15.353314369231253,19.360486097270403,17.96565906512222,11.289033945004672,10.49062863170654,15.655994101848245,2.913569681578665,2.584258551238967,2.171875463938147,2.5709707129528185,1.9788287110734368,1.8605785665076857
RG,0.0043298744317796485,94.14002484810933,91.43230277351994,80.02284321226003,89.55928998720742,94.86574402472878,80.0337402678483,76.69269907398973,71.61775576100291,65.2856964517153,76.54135319702587,79.99004813466345,1.3505548206789153,1.1515698951033426,0.8811685886871521,0.9225328974563118,1.240643020382653,1.0396019284684084,19.581975924424594,19.997753348417834,18.292978284971365,13.856462744412996,12.137461259928465,15.35529061114037,3.222481988381242,2.952322486682891,2.5763157056817514,2.575883142133445,1.84976282424652,1.8483188850657477
RG,0.01451906054246487,93.9044007203153,91.91664177368934,87.48627619529806,80.24531673277703,84.47204323116304,84.78578370264688,74.93902565719047,71.88289211094279,75.47873459324762,61.325143656964116,64.20012595575785,0.9238885236126928,1.15671200428921,1.0752980981757019,0.7710930119534841,0.8325455086749517,0.7089012537974946,18.27347714456483,17.381813319733062,18.45382592774711,13.245340639622384,14.266100609576965,12.070828691828368,2.3740707405380426,2.772722825366662,2.2661395243297284,2.77722415047443,1.906306670736156,1.8695290016248807
RG,0.014141032970618757,99.26644503754414,99.34639279224112,87.59826791072584,90.59876529125168,94.35498220321216,82.43581711479656,80.28393699869571,80.10146725080743,73.71022047132325,73.53246263870575,73.43125503475095,1.0673079177878455,1.0880857310292393,1.159119863247586,1.0263551982501988,0.681440838680231,1.3084704183746314,15.81743918716239,18.382940819330013,13.66269947721001,12.025334061158272,8.126827787742027,16.603539891446363,2.45940755291887,2.74061920396025,2.376528036483728,2.236607775600522,2.4165037331816195,1.8527461848144924
RG,0.015862941479183972,96.44713854505774,89.49715856946756,94.90540700543438,90.78723481281794,84.21245339138535,84.79627973698538,78.78569826623053,73.7536649377307,76.60022719798414,71.11003320532213,63.579381094805456,1.0660755366829615,1.1269924109962102,1.1083725801585038,0.8710419579872469,0.8497548860678357,0.570407208512342,18.97998557533068,19.85364621228695,17.240919927545924,10.294409810476013,9.738135295308876,13.39636748265353,2.2420798699463376,2.9216966782093934,2.4602839791884317,2.7818111798078373,2.65149182969353,1.8707436361443741
RG,0.009429989008125682,92.03676676398469,94.45730122338335,84.3291147121749,83.88043819503558,83.11145834271403,81.93874226445539,78.41461182146244,75.77315732313713,69.84817846549636,72.43319819981932,64.87104541871415,1.2914453842658706,1.0022989113024594,1.3067754343654736,1.0798585643686418,1.1545795952927045,1.110725375407272,18.88875101898372,17.39386812670279,19.71452497473563,15.78859297056999,13.821545491867454,13.342539453371824,2.6270500480904015,2.2973723478535146,2.401116336763749,2.0714735684529852,1.730875182586262,1.8568437799652315
RG,0.021071246178820537,96.97138933332872,86.71299028684005,97.30785924865148,79.465481602503,77.82151637832233,78.92571242694387,79.44851063214023,66.96875364995391,73.23130381953052,65.10630423910622,61.93389968310062,1.089364447659537,0.9721933529064305,1.2989952347501992,0.914813145801006,1.5006181440708315,1.337174500296991,16.882164684104783,16.00401040668111,17.64019352125379,11.019005436857917,16.303348313642257,16.33911947395571,2.8560340938307927,2.767531630973847,2.5325342133968016,2.815060588866605,1.7779708904644962,1.8518571547299996
RG,0.002594440757648537,96.38326478136244,94.95734531436499,94.33487897949712,92.67082655667538,92.95210910653539,72.86333038899858,76.70636284986237,75.53040173539362,81.76333902518303,71.93857079617673,76.83423845406588,1.1398742889590558,1.1371615181489754,0.961419384589702,1.0689649646046755,0.7810413221727626,0.8342333344561147,18.67608170874271,14.775379287814197,20.289701561147385,12.571049201446252,11.541814739018667,14.615934132338376,2.1054692047506824,2.437990786030282,2.444620332090083,2.737991857150939,1.7976662619712054,1.8461675014466419
RG,0.002752648545962748,97.32436487970851,98.55622086836664,95.25786897864599,90.14013505509253,80.3179085648796,71.01042656808217,79.91404212703615,81.91080619198841,81.48907703125583,73.29500902100949,63.725842775292996,1.0382570208660404,1.0848916372210804,1.0736902949159284,1.2415410054182892,1.4767999141425618,1.0043909711746062,17.636405488261754,19.686285497430735,13.949575435256161,16.923721482327508,14.253109818615,11.400022593449808,2.298125090335915,2.069509220765202,2.1432554247901257,2.2623306849551996,2.3767035019516656,1.8597564756653422
RG,0.018995277189389006,98.32862047868826,90.99971857757347,98.10399506535407,94.79907974314872,83.94617259196585,82.48210230847819,77.55525306332919,72.16571714131241,78.54521915642256,74.07339438757889,66.4556520412586,0.9064008638466782,1.10381689094357,0.8885965749113891,1.0451597270499675,0.9852017226227239,0.9421417039733117,15.565317580543697,18.059883544781815,14.224220884992038,14.75199112483151,14.330177588428574,15.06834333569935,3.1357299957064106,2.312516088519158,2.42013171188736,1.8579241163351399,1.5621236837458174,1.8487786942520892
RG,0.007295996567564128,95.50127071002002,93.99382625252301,93.6160448861557,88.35077516939688,89.92138315996573,80.31396900816236,72.8714798450793,74.06328573186798,85.91073524223322,71.50278047663829,75.07678202690384,0.9972501969551177,1.0318009484116728,1.0442168231420896,1.0821076295045107,1.2936796989338415,1.045760783740362,17.495962969007326,14.03664440954589,15.256957985082835,14.542289597448354,9.06981688419117,9.427939474818793,2.592983186223411,3.421598977856823,2.092526842262844,1.5686639530515183,2.2601033887293744,1.8584846423328776
RG,0.00412004921166214,94.78419178083702,97.68967070269363,92.71297582813226,81.34432509546406,90.85966680782077,74.6911123966435,76.9068119888622,78.30939956887875,74.49310531693183,68.32127062545484,71.56215433118776,1.1306628218699086,1.193506744555003,1.0812992876440766,1.04225241375063,1.1502701303569407,0.8749585027151547,20.554603531603295,16.833450448541104,14.611600027128391,12.695418966940135,11.823784644341067,18.165991998039676,2.4359091922606595,3.082080557880217,2.5792489196828696,2.0994479779127215,2.1586465291016776,1.847422234784708
RG,0.008679985318297008,96.10090374656748,95.77788258010587,86.82140821046856,82.79003140533045,94.57195428951414,77.6798985651721,73.36525601265566,75.75375723575915,76.12702902156009,67.35811699258466,73.8280406114386,1.0873117403661972,1.2259361205409114,1.181927839389273,0.8747531283053457,1.2243316982623944,1.2845302325810697,20.66791047676223,15.804731017077593,15.86508367318539,13.56095778224149,15.728731948667214,11.587742293698788,3.1243856969477433,2.3357589511446752,2.4693131185114177,2.485070982607047,1.4546892724563982,1.8719272300355672
RG,0.006465508501365318,96.02266585911694,98.09581607964616,72.38543942553522,81.72524268211598,96.53427357701366,77.36514075963957,76.76165490381265,76.88337506800754,60.554866243323396,73.39561867975685,75.43598614944392,1.2356479153958086,1.123628985875084,1.0537543856757419,1.1748721890314993,1.1268112982020884,1.0857333802427174,23.657085747568043,16.87850398129832,13.508181319424196,13.693371733581587,14.953551595137995,15.606261264811527,2.5773158612595872,2.384620677032033,2.659024754432252,2.064193352231813,1.6182314032108946,1.8464738805557952
RG,0.0037853127378379104,87.67535135296788,89.27949115214025,94.68205507897811,97.37562658172445,84.24338828964673,79.60379931516684,69.44055405038688,70.68008257641317,81.72502616833808,77.38850523858214,73.99665342991008,0.977389736941709,1.0433333535770035,0.9994635446514417,1.1437203473384043,1.357664577628456,0.6477198193223416,15.22888838728186,15.243921117992489,18.64502348600533,16.365014032196473,16.117956451371985,14.025954121039609,2.924027766899509,2.686871296610627,2.672695326470174,2.2316570669387676,1.262594081121618,1.853346992984161
RG,0.00757610557476921,94.98422143060672,92.53213941629464,83.77511481020194,84.29616959729526,91.61544855488853,74.11084889425953,73.62325258391937,74.22374407981903,79.14521902578737,71.43531088941131,81.94646560193318,1.1007533277270423,1.081097006582839,0.9476800689952009,1.0189427407482814,1.075955159291955,1.1805657755466819,17.468651052018345,18.425740570967417,14.279427384102362,12.931123176526878,14.901972251550658,14.75714200599915,2.6582592809982164,2.8841448420943365,2.3089128938491137,2.080587639864681,2.1900001117470778,1.8616439387661359
RG,0.0032270768850159444,91.91252367847784,97.47238064920268,87.8212409609359,86.63034833317776,80.58677857780334,77.61968938748173,75.3996900791975,80.23558009887145,69.29870400602363,67.83239810175463,65.22193137092442,1.0138320765289455,0.979318351919703,0.9940262375130942,1.0478378247514974,1.081247994616956,1.1348915447360033,14.194791315735165,16.569660924805024,12.553490047256734,14.260486093486621,13.740759704043066,14.778832775397523,2.834967346935067,3.035843115137726,2.461882156564277,2.6826198658100626,2.007632829951557,1.8619856730043132
RG,0.003493378382621832,99.23654829310085,98.30696027615352,94.84468148582758,96.15229115656442,86.92897490678295,76.3504066936521,79.56871006669387,74.50608422588293,73.15721029689578,70.44184809614113,68.03665807979672,0.9602049615461968,0.8817916497142264,1.2020747162606538,1.0045705136704532,1.1747935179552298,0.9362361934511467,21.59352435113062,18.395474990700194,17.967523491345982,16.346201507617597,14.89010470267979,13.132955975675483,3.037625429869988,2.764285436566472,2.3200968302846863,2.5587333379271753,2.0490288933567204,1.8575389744502095
RG,0.005760190438668076,91.4709857752492,89.55282659234008,82.03790739441398,94.97935942605663,86.83434656354781,76.24608697482107,70.21732060358512,70.70247924469572,65.03918289863454,74.90061840708931,74.04667544008241,1.0448770726322196,1.0583347935074199,1.159049542355096,1.0920715153836036,1.1425753619320544,1.0838525026786652,22.55078152202125,18.538816687153073,17.720613002499103,13.860872882168213,13.637073226432626,12.578282449441877,2.319227146801592,2.251821239108572,2.506838441682304,2.1314501051270858,1.7978679160994844,1.860771683973827
RG,0.009349010483954681,90.38283519778992,98.2337812237677,89.90400697433239,90.50653804917017,88.99707981467886,81.12226166717315,70.3992323036213,77.76153455941846,72.27580430328513,74.58088091402723,69.66532683246162,1.0687151188133865,0.9422456408374942,0.9980301161355629,1.2020192136230576,0.6490552232582096,1.1283642491836798,14.578926954371568,18.00771778270895,15.883598593248204,15.631698207955331,13.82281420955337,14.417976450477665,2.04791795321483,2.550024302574039,2.5368417080980827,2.1791141070515256,1.7312260061003848,1.860843061258317
RG,0.00667030550743374,91.68607991598586,98.92704975358293,75.94320700072615,85.2768299292197,83.48898191021794,79.6502446138131,73.62266682254919,77.33624015866346,60.5546662134891,63.71996804579316,64.96427883980196,1.1105578809126246,1.1454031085576866,1.0463419184929663,1.0171843645537668,0.7800994637344933,0.9781176001583917,13.8264783339694,16.503437043113465,13.221811621515796,12.911173102149712,11.599181159681796,15.17856142569343,2.390828705253183,2.7239124971675306,2.366000895055289,2.614099209877385,2.4150637179697942,1.8459978290311996
RG,0.014173792301295198,95.42695510148187,94.86408193452243,79.60861651012242,83.35843915039169,91.95195591445231,83.22340441738459,78.36801437394398,79.37486659346445,71.2940771068464,65.96167089487689,75.97021600979606,1.0282216166861486,1.1855306426816705,1.249714170574624,0.8249492016115678,1.1419892897414812,0.7686878561743937,17.592294148463413,18.431067251696856,17.86464940876153,10.333304809891402,19.783103139936404,10.721137776956134,2.880409505442361,2.809980252218053,2.244962552355261,2.5012450554125922,1.8721124722899276,1.8713031893540297
RG,0.0024010819973027545,97.24657391744238,87.64032704312346,75.28870445728198,90.99758519437827,92.49881012585469,75.13186026803791,76.19868368271085,68.69213836349523,57.33057502741009,68.55288163211286,83.44020991391635,1.0462107362041269,1.0687017705137538,1.2161838908362967,0.7923278784392251,1.0448277508029467,0.8990134904339145,17.311871744309446,14.000255501209502,16.158644961055078,15.79195031771547,11.511248828769146,13.132000818122627,1.9235900435169284,2.889657754524391,2.2071840428549523,2.2472767710208035,2.5274069525707317,1.8608721412571738
RG,0.004880942650703745,92.92973717705414,90.41344225936625,82.52899676968829,93.62730969172404,90.9469791664388,76.85889424487117,72.32206277207862,71.33376560923425,70.45671977390883,71.97527302580885,78.82178205971303,1.0981068168452672,1.2048611442590773,1.04334879272509,1.004771525309362,0.48278724343719737,1.1668548974319621,16.526329318823233,19.22162804138964,19.18273455876536,14.9136479249385,11.448634087988745,14.55033662346453,2.422981861927343,2.838045639928565,2.4855653855777686,2.330194435319881,2.3643404995137556,1.8547835783219397
RG,0.0037604419659560645,98.51597552538153,93.84407744108239,90.17482765697511,84.55524225322017,85.10093200514325,78.55919454930192,79.36697038973982,72.66733859002112,82.29909958178082,62.09927257076282,65.0080545266315,1.205100011839645,0.9228698405429534,0.9692554929551319,1.097802813127995,1.0644983565065993,1.0342995495687595,22.785814590559788,13.711041321089791,14.790835898880164,14.161019847251964,16.843759596786036,13.989299824589656,2.48370549964724,3.047221594168101,2.273995754761619,1.953842458528259,1.8722181637791966,1.8524619343226423
RG,0.013361645479280166,98.7213485657631,93.5315764772007,98.27760474002439,89.04153701713908,84.19863484617267,82.4412771949743,82.2365132174482,72.56877464888878,84.34935570044567,76.44029859369083,65.66610849284388,1.0771007219301,1.0655500773899929,1.0752121184732861,1.1082445049394958,1.0472657927797164,0.7547794665141758,16.94308747260692,15.46198553747681,17.300698153160063,15.338769169530597,14.001772140434008,8.188060721894537,2.462031923380986,3.1662092300211313,2.31958702501077,1.7642069316911038,1.927947068579239,1.8631748119444913
RG,0.00822057230853264,93.71954340095944,91.48046231217536,89.1841083980354,80.35646362272118,98.72828670583755,72.94743690697845,74.13333480491737,72.97952031534953,70.28030780557509,66.0352743703867,85.18109155929707,0.9814607829836326,1.1201028718075783,0.9365940407042157,0.9743209226866841,1.087714959413665,0.8958631392352308,19.885032057661867,17.704798567354594,14.298332358896031,15.603269470830524,16.04054712368971,11.90543677692333,2.198154525610537,2.561692209218551,2.6870647903669105,2.3732689904696835,1.664121300589568,1.8605696451674667
RG,0.004216854567766499,94.96988450499921,91.8853762907471,95.88408313534435,95.54770008130674,87.47788055692763,73.414710471157,76.56974492008493,71.96155775482714,79.17478128719688,81.85988837378466,68.35382089620596,0.9889133752565562,1.266003852536933,1.102338258920736,0.9971053486382595,0.9429418354878885,0.9941008670338501,17.36167543632389,16.037816860917562,12.374207850223057,10.606916170087823,14.712595243100592,12.355171675222682,2.687977801712911,2.7336980652213616,2.4011361011153878,2.8812794617668747,2.1892686132978167,1.8602720902080798
RG,0.0011924912861942577,97.12021752395272,91.11196274320697,90.60381402551947,88.11429762090738,94.06743634689688,76.60848743226465,77.21809196292782,68.76135673173631,79.98972225253638,72.51013558388367,74.38130129304275,1.1491092796283442,1.0120389570309336,1.1904430988363697,1.3365630653804128,1.0461199111765955,1.0639064495396067,12.94536248694693,17.435939143828694,16.69844225860744,12.736670236516401,10.570415167076922,10.164808018690277,2.823331872538177,2.610094107619504,2.1063598463375213,1.7416151961800146,2.293532189356531,1.8446846576930855
RG,0.00022597794414762261,96.53674013498969,97.10450841588803,91.42353239527782,94.9035419166197,86.41680619734862,71.14549021115856,82.7207931329698,73.94511165289593,75.9680900109937,78.45469095151583,66.5181471050506,1.0461193163223217,0.9748997002417887,1.1071705298598489,0.9034573217811055,1.0731074117323045,0.8757865340699242,15.622523459952914,17.941556603521544,17.224657921289406,14.83331987886153,15.758088144837723,15.861671467153382,2.790462322261497,2.5665653959908927,2.312368330389469,1.8074915696207516,1.882761696724422,1.8581996153378992
RG,0.0055669954100232115,99.27104421109897,87.49053859347595,88.39314792963242,81.90946414848118,85.25703467144564,77.50606297920429,84.13897006729957,70.1252468089599,72.87495103031301,72.32775579872069,67.12803456280173,1.0119704140908181,1.1056961643819305,0.9534131974074607,1.0717589783523664,0.9777623992810839,0.9405260943425288,15.10515889985608,19.941600196949494,15.184213407709299,14.371885894306875,15.186804798461708,16.76955543719824,3.326440465629716,2.4401611374168812,2.335475417145669,2.849518969015608,2.3769671918865987,1.8318859010555442
RG,0.0016751017974016118,92.2845620305387,96.88353704222128,95.88360155480589,91.9841774237239,91.53765559277679,76.07665578955363,76.34204863918181,75.00034689232228,83.40456181876186,69.78252628523394,78.21283638451366,1.0385923499823897,1.0318565769063723,1.112534704577325,0.9588126600106991,0.9185697051230497,1.027019962004869,16.598389269458618,13.552639426657331,17.96774580701367,10.113219598369225,16.17965310513832,16.563567002572025,2.6659465161394453,2.5505725214766057,2.266854358550546,3.1072114130800514,2.003430459750181,1.8438757858242911
RG,0.008832364977127654,93.83014479012058,94.7812453382165,78.31756374643102,94.2950424281182,85.77776719086536,77.66076522635457,77.27379373256854,73.55892316046827,69.52083961940141,77.37219529020773,69.07744499139831,1.0383658907879871,0.9649337866345153,1.138398564835087,1.1426859892693613,0.701751261551546,1.054318861048647,19.83552362451316,13.956787450690417,20.133259924007685,15.94012259245115,13.967817512629578,11.946198241695537,2.202499483979014,3.14167262164401,2.4560235793640546,2.09864130963206,1.651951904644225,1.8577516215829029
RG,0.011007611078747514,94.29782145183,93.92546108939321,87.11973003387048,88.1086503597359,86.39949060671384,79.86554271545103,74.9923548680686,75.99193842001094,66.4860358930839,64.81370620459103,71.60005124103503,1.141852359033378,1.1953726208975772,0.8263115954246828,1.0735586164368056,1.0893247501692436,0.9066652821772869,20.814159745320495,17.34356072316693,13.546301435426185,13.50258426193341,15.554487864120887,14.255885869730648,2.392692143131938,3.1768073907663643,2.6460092042784646,2.0780453491007616,2.3899154393213875,1.8794544271467764
RG,0.005718332924290516,96.96553579444316,95.78392279614552,93.09879114389025,96.71504613225882,77.44404341273848,77.04316574721338,75.73115716011854,74.43047777335086,80.0269227278221,74.76620574166046,59.18830960311217,0.962097300021583,1.0876291540322016,1.1139619244895684,0.9045504786351284,0.9812953476420708,0.929044938937464,14.495628548654715,17.28854513145843,14.862722891825069,13.934020617860954,12.97647861838029,13.329521639876905,2.8521200509587428,3.182284001391251,2.2537161674244337,2.285433488595463,2.1318931625030277,1.8364275622171364
RG,0.001789745643193376,93.63732762683006,93.65707454752226,93.52046937655095,95.62860527025103,93.77331987332343,66.30044770732185,72.93541024907452,73.1603680479231,78.51155440880609,76.74768402096998,78.77628804994208,1.2304294633328965,1.0618130295115833,1.1335616963024913,1.0205574087714377,1.5410626868400221,0.9639424602238478,13.347690759290362,19.488855955537176,18.19587281278473,15.471279668782998,15.03445375188279,14.7067118621792,2.7901320338921156,3.1480843227394746,2.4205898543659283,2.2974382411302887,2.203654020987162,1.8777815937360216
RG,0.025122721153162744,97.36528124004435,93.18989480918967,86.92779934262177,95.93724214846975,86.4819334469841,83.99820754828765,76.34910196341377,76.68917669522168,68.61710969772741,78.15706760833967,75.36573488097399,1.2040718858105215,1.1357914896343406,1.1080904069269253,0.8457397768496961,0.985145769766702,0.9482675422218094,19.849640166770016,19.15491550707437,19.3485115492435,13.714878584551995,9.966635232908471,12.783316509648175,1.9588407146019748,2.677467974974179,2.4549786392390236,1.955985781059772,1.9759059962325323,1.8640357347883951
RG,0.00183482576750561,97.6979609748706,97.74752871324056,88.06320870717835,94.10195452195647,93.54161089794847,71.07600495600653,81.31658567700191,77.49515132366196,60.018979075993926,79.11528896637198,72.94151232498662,1.1089138675118508,1.016687663466812,1.099532094606344,1.1261933880664918,0.8543144490088739,1.1988278447818737,19.934640051792456,16.197508729799594,16.966865764391056,14.878241960153215,9.15597816063973,13.953383869086217,2.753980115841752,3.4374907805589645,2.3016733318303433,2.1865638443715367,1.9204896030877097,1.8718927086317791
RG,0.010558280970833025,98.68198503914856,94.7096358708109,83.25610666924646,78.01894786842621,83.49836402842662,87.15204268863174,80.07531087714791,71.76991081015147,64.67066585936634,60.571203709432766,62.61104051757745,0.9633633432658346,1.0832641053293346,1.0837726190588755,1.0373561740415573,1.1477827123655835,1.2770527707392079,17.758471237215527,15.490164316656319,17.83459489604037,14.668312940261126,14.48949259426121,12.690761649098805,2.9759117572862106,2.7205804197778702,2.4528610816898446,1.812729152126934,1.8678565382689556,1.8680070283716663
RG,0.004937031950801308,94.59656998296974,92.72554473583973,85.42273899640959,86.87465818423044,82.58980236713552,76.40117991920422,75.53698923589354,74.69697520426001,67.27238875646424,72.13932281510579,66.87158954438058,1.151756736583913,1.0867031676935925,1.096680315347574,1.1111004728622553,1.0088299755475099,0.7835480948633404,18.378526496375315,19.513696266862215,15.710933868799323,15.581663220219214,11.425860715027918,16.24850357515868,2.351971606756527,2.9657382357820636,2.441339373923099,2.0286671983382414,2.048549863197324,1.8509996670623035
RG,0.0033911302174204957,96.50224767667574,96.37932035756879,93.50927802461537,82.4311595442534,86.9173702981273,76.50860691056525,75.2886649245387,75.13799390528453,78.48173358145269,66.59617833709662,65.31500678088804,0.924456548294643,1.082961102100303,1.1001030698502205,0.9715877662472441,1.1040657771667135,0.9744009938922314,16.669334665359713,16.516193296615246,15.261759331579563,14.151114157741864,13.4884574460014,12.97570632732535,2.7075294804120564,2.8634292501918677,2.791201098489887,2.426800919035419,1.837007426872151,1.8681017865037335
RG,0.002244223235785536,99.76584214524853,92.45738023210379,88.50134158911554,93.30153139021785,91.95607454300796,76.27252811070832,80.39901270989004,73.62176581007711,74.41373016011197,74.79382276336834,76.39824916699413,1.249223596744364,0.9704426224151341,0.9557693301462509,1.1829341763267862,1.299027884253779,0.9501584632988209,18.01734991832783,15.673764646043969,17.24109661716621,11.887791389393854,13.84193713309385,9.724354122932445,2.5337828685228847,2.9263149932397003,2.4254059820003393,2.3911761416313633,2.046348851227156,1.8741308887898656
RG,0.008723719494709714,99.23240620628795,95.80086783418501,87.94319073026593,90.28395494928266,85.78777321099298,78.0141894029474,77.19325071734656,74.92408844546623,79.64788018427595,72.95507957367528,67.20087852347922,0.9015942178665074,1.1275245942431709,1.0002174715982481,1.1771500874273477,1.087729506361319,0.8962262466722771,11.57110304066317,20.855384457026748,15.370799222584795,14.250436906214977,15.138296185289839,12.64567429744907,2.771937833286904,2.9845922703347543,2.4303505636846885,2.0381679021387495,1.7411302163791849,1.8639909391484253
RG,0.0029624140525726147,95.04647368143478,97.73558081696189,99.74856556985517,74.82151012682895,84.8955344187547,75.78064535077911,76.82062804956963,77.91831691247458,88.37862472001322,65.22214998206726,73.61962990081129,0.9520260577198556,1.1806827832856603,1.0687553954661924,1.035900635969298,0.9565812293612054,1.1007091462172556,22.46900658668578,13.657198913057124,21.321409328965107,13.217629942581205,14.524601213341805,13.891083814362213,3.1196209700336737,2.817412957623135,2.536960076142629,2.9793239229080863,1.9402140549858997,1.8570978981132116
RG,0.0011793694183087967,97.3290029209956,94.23487747539157,90.2140119692175,82.50838994517564,86.28373857517663,73.97877202565978,79.98103264739814,76.32433993089637,79.89816809838068,55.284533884713426,62.63063640796677,1.2261176661657056,1.0610591301235843,1.1851971695616572,1.1584379460238075,0.9969405085287917,1.1205945810108104,18.651041165782903,16.59815973423885,13.502665843840518,14.441169740057557,15.578344871224989,16.42939169374702,2.033717934222768,2.550946108046707,2.5218281930011197,1.858628557857645,2.4232509971952205,1.8558726117669062
RG,0.008889097339201287,92.80852078945989,94.78622906706276,93.8195178209184,86.23497997692957,80.66731985354004,78.17950664467739,76.19403449326045,71.10048904195814,77.73354531903884,70.83174650832176,59.827949880567125,1.0436846136857567,1.0551578581361083,1.04340470050095,1.07374828212496,1.2546531062290727,1.0521488747198178,11.975749995589528,17.700314692969503,16.106930686335264,14.203366546380774,15.071663244619533,15.252641122637474,3.0925918835590984,3.5333291315107225,2.344953167394016,2.388489435459193,1.784139530369732,1.8667077069109195
RG,0.009566014033825227,94.24988655643642,99.77015182339319,95.37977956474859,82.51118701231933,92.77587731801603,80.33543545133378,76.8808707286474,80.98269911320689,77.80801042841328,72.16125652121262,69.65110288388524,1.1234759014749713,1.128157047971078,1.0849215418537121,0.9879029415633982,1.2858778401987365,0.8886010031304699,19.47223017075534,18.70653469953694,19.120630118870704,12.320819264915373,10.814766208803718,15.243270022306447,2.299602848779053,2.550404751806784,2.5765295146123695,2.069106617156087,2.7121981504231885,1.8650380687471484
RG,0.010904737003964202,99.93571136650343,95.40571656091484,90.21786342547006,95.80152331918937,88.57465890007711,80.22559577164954,81.9325547428875,75.08768234642214,75.60840712025043,77.80052644638457,66.2370732328666,1.0703930730632478,1.085727077795878,0.9629429346156587,1.2699663720919934,1.3538229967803854,1.266934236449702,16.937828789744252,17.19879736771025,15.288216873730292,12.304573593383427,15.716688342427403,14.017685101569747,3.076920909820299,3.291631748934034,2.2545775045405656,2.0807910737345754,2.387975732947365,1.8559050184149095
RG,0.00657686690749499,92.96699686874196,95.84190251079414,90.36613103617374,76.10257745903581,82.07950778829564,78.2574561456759,74.97072391926174,74.86977005557905,71.21628894744923,70.34878099195527,60.25687152333125,1.087215206686458,1.0603260682790874,1.102110200598456,1.1120888299445728,0.8688786428672742,1.3404679616782367,21.808139149148676,17.255842755090367,17.322282385224703,15.094932715984942,11.099540624895068,10.772126968110989,2.1435599418909566,2.7063760110303625,2.812150093478576,2.0066755851564113,2.177616082609845,1.8714074496887572
RG,0.004475815397070332,98.71053834474264,93.42565635736686,90.23312232508621,86.77741259676789,89.01133561300198,74.53599848158221,82.82799493268956,75.30454870015777,77.47542713049957,68.1537857327573,70.89079425010412,1.2862687619124853,1.1383662601838067,1.1387959997899075,1.1170365253561523,0.7444066364591349,1.0814179389015335,18.446034538528316,15.903914483893526,15.855045893915348,14.47965720036462,14.212412143781458,13.509813495513162,2.627422549001924,2.6351072416212435,1.9456220501278303,1.9914103678873856,2.0736498174026616,1.8603350400342653
RG,0.004226246427358915,98.17131823513168,93.4903468283071,94.44237083866976,85.64620298037234,96.57921981239525,76.88568422025712,73.89940631535784,72.29293242597923,76.20957533712999,67.5941382758743,83.56211273397038,1.1110375096955123,1.1194307614279966,1.274170966123829,0.975050061071454,0.9268911456374614,1.0381147779159225,15.180474553016117,18.209225841970103,16.205736682535427,16.50491120818244,13.337903296699183,14.304418253857776,2.774904637447932,2.4103054445585688,2.43166084605805,2.281496319130443,2.030058130630465,1.8677657036116366
RG,0.012515858103448026,97.29005133644735,87.88010711999179,93.21289499264361,91.06721991171807,80.87162487013676,82.14141114879283,74.61499410773598,71.2742479528176,68.26009856305282,70.4453793453691,69.77757333653163,1.0709864039214034,1.1867279017121555,1.1702135711056534,0.9732252656989593,1.320892982500149,0.9511999527287676,16.84175191943053,20.830184452526055,19.6113953638999,12.117149665475065,15.66247311821589,13.66094511431212,2.8945314648937797,2.620679817466822,2.179673161117492,2.3380844489182646,1.386557730698553,1.8651658563958968
RG,0.0024691263439401297,99.47941126570322,96.35389995480803,82.53913109539425,86.78778633286615,89.90300224106564,69.38371719040133,81.06970768248297,75.91622478074213,71.95389779921284,67.02142349165578,70.41690516345592,1.0689648002625713,1.1854165210443253,1.1079885338792104,1.0721553680870266,1.4285306590993794,0.988827896792277,17.28137502210843,16.3554556630015,19.447181187028278,13.241697128195488,14.214184586535563,16.078304245360503,2.715538815622308,2.5166166887507955,2.496752542001052,2.102160593205839,2.1879645134899524,1.8526092408607735
RG,0.0012583934590681156,97.53689732778362,91.3529720991565,85.6292414197614,93.29604001723752,87.70563145869204,81.39461708380057,78.85169475842065,70.876928966446,64.97922702641138,76.3041334891968,69.06016389880213,1.2441777010316617,1.0572231903577503,0.985465993824546,1.0497841510894934,1.2406777228463033,0.9439554456627827,20.51836462791426,19.733885014600677,19.274977290194553,11.984848538677664,16.793961768044948,16.732348747702606,2.6915792295668193,2.6137911487918437,2.2816188818333862,2.4579042496061123,1.7818173674877988,1.8429013954053721
RG,0.012054757667149764,99.618162572644,90.88273752448335,98.41180380050997,87.4700378302719,86.09226778503236,79.95674214524641,78.0445295540759,71.1662566176152,76.68473511295306,70.60336873010061,66.52792439240976,1.0170682373019768,1.0595496508109226,1.027922224722506,1.3424013037505516,1.0324172732433932,0.821388594282318,16.477376017352473,18.34500300159138,18.24732935774565,16.450271077446452,15.747856556833074,13.927596655788737,2.757829164067425,2.9099691909766876,2.2572488421917107,1.7844516892615485,2.2491745965568493,1.8549465478427754
RG,0.00013562616964014272,97.08106046096832,97.01971917667295,84.10694410123148,87.02641706332702,84.27192060183236,72.42469335454764,79.16194077976313,77.61371223437084,77.71181118067629,82.10220256185707,67.78150462837672,0.8583030057344545,1.146376711520391,0.9651227697342161,0.958300910525077,0.8130988628614197,0.9304376619016874,21.88683525948531,15.02211155657969,18.47531329940482,11.927823046639668,15.589609085112786,15.900808992446512,3.004006759374535,2.911382434862798,2.464935842619539,3.0050804301322476,1.6010557873284388,1.8533678272743557
RG,0.00807112116014713,95.32099126382198,91.86914474331438,92.82220875288608,86.73367830120468,82.44634755649642,79.55831436448803,72.98267558942327,71.45209932658966,74.80913014440748,70.84500983627912,62.553458863001076,1.1880773825600088,1.211365792200866,1.0180165136932937,1.064127719723114,1.3698163466584565,1.1714139359394582,21.545856917758062,18.448839337920912,13.805177749965567,13.778906704989112,13.862970306002051,11.845088029481996,2.1300885985990075,2.814138900503902,2.666067351981731,2.20329193896784,1.978447357672123,1.8484548418192932
RG,0.012626817945239947,95.99673338303347,91.71479161239424,90.86548414738833,87.35979358091478,86.43515245876678,86.89202303927593,77.44538947875503,74.61065242124542,69.69851585849563,75.68549816168883,65.12641468708088,1.2041968042973015,1.1945686272778284,1.1630400494625734,1.0227516075936893,1.0193675679048655,0.8773932062784384,23.585134982318927,17.75356479165431,17.06855007617542,14.758083401474066,15.792428980377196,17.243816090333308,2.2405190521267477,2.5384820818107343,2.076061345946806,2.305460425864485,1.761678400508397,1.8511815293669316
RG,0.013118979072560424,95.44129092422908,93.218981695252,87.37994237480272,74.54367468728591,81.06202597926969,84.23763852017315,73.33363846421982,73.00307390463789,61.881208965082024,60.679454469820975,64.84973553684102,1.1312672711173617,1.1361624916888913,0.9945884707260773,1.0773052842382815,0.8650041395738235,1.0401821341224304,12.513471281440284,18.316199927457454,17.843646422959704,12.999985438388967,11.993871084029282,11.858478561776003,2.812055787996219,2.4138499845413284,1.9844405641840899,1.7948013206333902,2.4121035942006412,1.8713638492428237
RG,0.005288158511935052,97.95000147588547,96.11625068058783,88.65085454353415,86.22047155590089,82.10996983496175,78.25033232814319,76.05164940846939,76.91092408969112,80.28127466775634,62.356894159888164,67.91542381607108,1.2980373756978332,1.2300711776415243,0.9916986197226139,1.0993872368743598,0.9769792093981722,0.6104255883015051,20.07111273565848,15.091592807272422,17.9191303136592,13.090819080950462,14.38382913072024,15.834644928684948,1.9127836291193159,2.793068581765679,2.7068291949246426,1.8926281568315413,2.0715785357344028,1.8645618563345943
RG,0.01222424290284869,97.70086956333657,92.3616715577808,85.21549491961758,94.40898576970689,83.91193769562841,84.93256909095506,79.22612522189675,73.11969348175401,66.22851523766462,72.94581929251845,68.67513405392015,1.0834396913168125,1.083598160741643,1.0754285057474684,0.9086715067177481,0.921636986888507,1.0635321649845062,18.876092071234538,19.09729532164703,14.192557170633417,14.616435927862744,15.867992187399206,17.261115614079745,3.1794641639827965,2.9177011671339756,2.200970926233825,1.7474605295253314,2.1794259499786266,1.8577439915638374
RG,0.01118330975762445,99.64565564942083,86.68329615296383,83.7716265254599,91.25607480718836,82.59872938048935,80.70682870372076,83.30624926378268,67.98299738149814,59.194058519746896,75.42637961166652,68.68706938775641,1.183009521839389,1.0430660871880408,1.0515536681765398,1.0100583133908922,1.135032124346807,1.1209151485178002,19.7909229769888,15.921742284578956,17.660503112076682,12.57516754250428,13.192859639437867,15.05860116336732,2.0057362459339982,3.0650546669086656,1.832917757708357,2.7852519499733486,2.244391664443179,1.8531256772368643
RG,0.0035124713459092887,99.82327122428592,93.26615526085156,96.74615429339521,93.97608091270602,87.23363873727926,71.65879940019524,82.84637399771836,73.16851799826479,81.11013950483068,82.19666410358805,71.18315755852306,0.927685812475854,0.9900323842150893,1.1238797148981616,1.060773589548102,0.763660069797049,0.7433407322128182,18.02413106815716,16.055490746941036,20.20661927137774,14.327774333589728,14.378232778144728,14.707263991693528,2.9252820155654025,2.550264683340579,2.1889218997385487,1.8979318352306747,1.9159137250980658,1.855564291955962
RG,0.005875431289924486,99.54250147445067,95.24419118287489,89.55895485797836,87.22168296460075,86.83369871313411,74.30383381419067,81.31400019062046,77.506605970398,77.2049048655428,66.27546182253174,73.91308139504615,1.2169161515158087,0.9504300663577814,1.2241441196041387,0.9331454268166368,0.8851406635388567,0.9107641408396023,20.061190601348383,18.735259770793263,17.341005692188666,14.801641955589039,7.716174745517724,14.209255341637993,3.068944357637849,3.3014086380207974,2.5230513620572315,2.189592474533846,2.4009311658054857,1.8695051459040768
RG,0.0034542000891928095,93.96212436120588,96.24742791079656,89.50345752207883,96.18794601783318,80.06086032644545,71.72711879209567,74.07632269878832,75.08996008285413,69.42276891783956,78.71011925631157,62.13702545997478,1.1575831620705672,1.0248728680293773,1.0686255119132673,1.0538003457530296,1.0306066699646546,1.0352385261302306,13.588373831221073,18.0068511265215,15.46725270478146,13.089058466555906,9.763680693705886,15.493668362638527,1.9599358420259776,2.8152182144694846,2.483621241058861,1.8853497463905013,2.453626825654959,1.8584807711777223
RG,0.008711025810389612,94.98022675284102,94.24384503018102,91.91286499212117,86.99051881473152,93.19841459739068,80.6371546894642,75.66767306039931,73.31731540715009,73.74763900743704,69.04702332166293,79.058868433563,1.1511255575958186,1.1361280543172414,1.0501102973676304,1.0547849240953875,1.1038736541585081,1.0548809907686836,16.91677118412368,19.05305930605232,13.61447430226982,13.462417501423978,16.58978177742265,12.69957557026116,2.669432020407047,2.458722229041403,2.620131609884186,2.823318059772791,1.5178467816622416,1.8550293350222453
RG,0.002326246201747268,99.49666692818207,92.9065305952406,88.8965815468922,85.0340175379164,87.86150404584934,75.76336368770683,79.19825120464947,71.5363865934607,73.41605813574125,70.81725574101596,69.76846447440916,1.1082634061419445,0.9087177904375395,1.04878526102137,1.3077759549923007,1.1344054826832706,0.6166310945943088,20.95729075493706,17.646479874461566,13.34225277270194,15.80638288162865,16.322519667221528,10.668880720037787,2.558450730719527,3.086541628663651,2.723787889448933,2.0953875763207255,2.4038099816107446,1.8557994189516767
RG,0.002119756056256935,95.46948944933352,86.21052912681844,88.4244329081262,91.24620140054319,91.41016149344682,78.16659816893863,75.36506103802492,69.17007513601081,64.55479514760002,73.28673978265235,77.61264462343993,1.2256325406647461,1.140937934820516,1.048069871191298,1.2370952622569258,1.0750989048258024,1.0921424260631305,20.215571450987365,17.790868102251217,15.53425606491261,13.167801497146225,10.489507723095553,10.96429089556824,2.5720998082265027,2.797064915929465,2.593848998488247,1.9998178734685865,1.8211864089335812,1.8637366381576193
RG,0.013733320146126564,99.30593200312434,94.38205003983526,83.01296040642366,85.26062278016148,93.52947002187379,86.60084796704773,81.06647355530376,75.90428815039094,66.70548035770564,72.51156168732622,78.9225065453777,1.010370269830669,1.103620192116581,1.0247687681903372,1.1632895012499593,1.010625386271089,0.8801908154110739,15.475729567450019,17.059337925763764,15.73861636859817,12.240635372727269,13.197145144177222,13.803937223977595,2.6083818092974966,2.088837035649271,2.7402992179357915,1.9685860013107142,1.8025107524289823,1.8422527271613294
RG,0.005275297237389506,99.25080918358252,89.63935243955952,96.29863929942343,90.43713800920662,92.77712576057218,76.14951928264416,85.17582660588039,69.53266643265806,73.89358050947453,77.56925402800633,69.50182124537915,1.1811730740431687,0.928440780248593,1.0899716469996874,0.9306234712565645,0.7241762919464466,1.0959340507956803,16.479437689023662,19.375997647667667,18.3288952061872,12.143823337523562,14.975993797645476,14.928810695412452,2.925641946312959,2.7902683646459296,2.225608432300244,1.989480923153404,2.089851438134826,1.8566376572369903
RG,0.0065300660009480664,92.14540253138563,87.48229682557013,92.19611650922785,93.0507528643218,95.5105593632176,74.38413285197693,77.78666176072849,70.1455481689502,72.34766282897476,77.94753164502819,74.97109461783118,0.9612576764338974,1.0170971919386098,1.022904763704011,1.0922753243174612,0.9607115454098499,1.1185709833682198,16.711699529655334,18.088661250694287,14.726934951498908,10.92661767552424,13.519668374718467,15.050497307128598,3.5082318639553582,3.4161388721523402,2.6124749407846837,2.5514484879560095,1.9116386227508773,1.8686040949489024
RG,0.015733891687385988,99.68810383142531,96.09023606960581,78.73605509777786,96.46931238563563,92.37631688261632,83.26329121697418,77.23189260251492,75.52116134562637,72.09021295623288,74.55629019119834,74.53978166819631,0.8724858197785268,1.1286222180843308,1.0631237274076557,1.0455842925378611,0.7084479737137788,1.1129169497949725,22.117579679393526,16.91581702657888,16.063602310811316,15.183675448536638,12.734674952262527,14.44039077939842,2.933458490486365,3.0253339868508697,2.3021196428250623,2.587016600846989,1.9031718918072251,1.8600210995890218
RG,0.00024488268878510754,94.16264781644823,91.47859922406982,83.99981544072882,91.89159578343047,91.02667807261703,71.84107432322774,71.39633477014453,70.59242278895556,64.56606648152832,74.72633874613383,75.48626340674699,1.0056674825961043,1.3248073177168243,0.976601009250974,0.9426099998166483,0.9815818555474254,1.1394689263458853,13.031440364192951,14.427392971761341,18.054679196629046,14.293488641371967,17.05165515387273,14.14466039209367,3.5985664785058487,2.4454096218533863,2.3944944557108503,1.7246020179411141,2.208417297422757,1.8560578038272317
RG,0.0007721086173182035,94.58415800820367,94.73512127567045,77.03183160157519,89.93065533749512,83.75715096049844,68.16295324046325,80.72072177596985,76.1121789769973,65.93645675179359,77.99743394159496,64.69897558560274,1.07130221078705,1.0903231029383178,0.961418325286046,1.1271723312485291,1.4545992010548483,1.2216619535875568,19.430722433407357,14.264651298340617,13.860634728293128,14.79973820198043,13.55304850827095,12.091055943470515,2.3595453165154785,3.02982918794253,2.777786450969911,2.51871180689086,2.1277153815204355,1.8736988565307082
RG,0.001386095114005335,98.90031569960287,89.55787859449524,94.18339222103742,84.70097076268947,77.18807967497978,77.44882908821222,80.3695492772537,73.59679691012407,66.92548411161174,68.27256006015163,60.770603967899866,0.9111514817693992,1.1083453874789373,0.9629814660198668,1.246127416438979,1.0965989669725749,1.1013142683457853,14.484657303552385,16.132915659501727,14.230970391498655,16.986934143405612,11.299509446396003,15.608461521947305,3.5346974271053404,2.5884502300004435,2.8195220618563566,1.7983683577068728,2.0375553373256667,1.8655838485433802
RG,0.01689184689235716,93.31508810696239,98.56555051940417,80.44107652511,93.1783652478777,91.32040132876855,80.2298717720455,72.79978701771924,78.22187616741525,56.102910739874986,74.1833249699079,75.20608116997985,1.259449531368118,0.896534228881695,1.0279514455315337,0.910388076311682,1.1617066246084036,0.8587108263533468,18.59310284015015,14.854230935500604,17.376739146009555,12.8539262218148,13.165282769672755,11.740871671336624,2.393694321202938,2.9980571510347525,2.024381931597496,1.4290347057712292,2.1722106239422434,1.8737691987005356
RG,0.0016384023022958578,94.8326209972958,85.83125278169082,90.02528497908365,89.54704983244696,90.1472876265847,72.0948033964757,76.94400023258798,67.5639645023104,76.27839920963092,72.5875942960622,77.11778608006912,1.255468528167517,0.9557080917468794,1.0635282780818218,1.0892901527735184,0.8725276499199686,0.9089625905728923,17.705234495578036,14.985527333878645,15.946819652066797,15.703990850785289,13.88638497945009,17.36173913512935,2.202534703807651,3.491125686878247,2.965389106418343,2.0677812323314417,2.546419475789786,1.8499669273450885
RG,0.0029474424264227207,95.79647153810346,91.07241949217702,70.58139369446293,93.77773572510574,88.93137125441956,73.1708228585743,74.65709974598485,72.56408818846032,50.6555525559567,75.57669886749014,71.05695886535374,1.0311704341452799,1.155054469936947,1.0302165532402292,0.8370884479021196,0.9782904908862036,0.9405234388323346,23.247657711105628,20.576421071048763,16.1595643333728,14.640843148170985,11.81324559648197,15.900975355675028,2.669730332166518,2.220364028357763,2.0895730555887457,2.0177959154270337,1.4756141179227051,1.851816162505568
RG,0.00244584303696042,97.74764513579201,95.91649791350532,94.95481056812046,83.04409600228142,85.51756513678441,76.38936682484629,83.0161054888853,73.06079370363466,87.15140080117729,65.50225087903911,69.90519412703767,1.1518792906791635,1.1954594092277886,1.0875238775322527,1.3022832056453832,1.4749534096681516,1.107610256533458,21.381089201981705,15.533118020902782,16.783360215370926,16.25111687162939,14.424091969346845,11.59520863473015,2.4127190578142588,3.0733892187695084,2.3092306599548476,2.1435537457475666,2.0949790114456417,1.8767671976178875
RG,0.003366485258446757,92.9917874540439,93.2597459233715,85.55573603639434,89.03263299364723,93.53041922779317,77.84197930488841,77.40445658066629,72.01610979843592,63.436016708699164,74.85869545474014,75.93207713073474,1.2080860249889942,1.2366728061976533,1.281289500231909,1.0624712271989198,1.3728359619179886,1.1822788772378092,16.08574547557508,16.214479738754857,18.102459749297168,15.440422533669341,13.731867285325684,9.643696244599864,2.6829586525651776,2.6103233330977855,2.0190461727461906,2.25557368276763,2.2301622819642324,1.8585187462465969
RG,0.01001963345939663,97.11667529009796,94.1772933434991,98.09001013467861,93.65428633337919,93.54997574671503,77.25894565419053,78.03221397599948,73.80295267346823,84.14751072968434,74.73942305203492,72.88361944910437,1.0699408850489798,0.8798857403993484,1.0423640026075227,1.0343856175885153,0.515287597880668,0.7610038422449171,15.581169969330308,17.286154742734645,17.14092066665308,16.65120223665987,14.909987229752621,12.776619491819991,2.4356892089375632,3.22936893710694,2.6976792141346326,1.4689245459923486,2.2615282855919503,1.874197260139035
RG,0.009525695382598528,95.78023937051714,93.2970540823021,97.30381478215962,86.96846915876502,80.45092525777783,81.59214835667147,80.79897061214453,74.01287222416882,77.0469382836983,71.2848766300791,64.30654253347981,1.1046540364770987,1.1574060533465451,1.1299934876389937,0.976628834524839,1.2059956710474715,1.0438687394279635,19.605443392728418,15.716789013615507,17.923544387548024,13.560160720355697,15.615757541763639,6.518413168506098,2.548915552378496,2.5547731879871836,2.272713082324119,2.5671553194703396,2.0344544614978997,1.874035512563747
RG,0.0011144011951194613,93.7067728696809,98.58868832971778,86.75968681329624,90.90165499361518,97.18682844391428,73.59262263364283,75.73699119616151,80.07029349896419,71.60737798643095,73.8290583902592,84.69904275015779,1.079526803085923,1.0876567927593956,0.9529994224571909,1.0955709311279407,0.6760206114008065,0.9779455317332715,15.100456825800663,15.500108785165777,16.717571783819164,15.477619335522052,12.458636384626175,11.471223900321366,2.686109971416769,2.840426190693731,2.66500914167106,2.2326284372876164,2.777086175668,1.867877378141719
RG,0.00782155770281491,99.97805802697607,96.45340244869122,85.08018359411004,81.27281337018732,83.04525954619346,74.79980928540647,85.11472901837922,77.38573026098817,73.19682963718917,70.77016909790598,72.58065170177662,1.1531475788306627,1.057878156314498,1.1661328833521627,1.0093691841740478,1.1184901247160668,1.0770483832128603,24.066556727473312,19.12065887222385,14.528943084765912,14.518233603278311,15.472024554125856,11.439483441187285,2.5390525844327887,2.553225611945601,2.578604820130338,1.988825619119821,2.3838200458661785,1.8754555884898938
RG,0.016230173966980933,99.9139450814256,93.84347123797306,89.19026094139127,80.50893174919617,86.07743690247881,79.55105220731522,85.50303815578259,75.59937953599162,78.16481302934586,70.54692527740906,66.67566464976484,1.1735274877904307,1.215274433612504,0.8595101833943747,1.0209957103286142,1.2144711336416807,0.917928567807919,20.834707429287697,18.10431459698146,14.45867068140156,15.94063892371474,11.881821886810389,14.468685017372486,1.8147290170558805,2.7147226251126244,2.2879307647860734,1.5464169423099787,1.8055220927056375,1.8478562941291417
RG,0.003810122243005309,98.10923815517224,93.04821011448344,93.65040405357323,89.08832014451328,81.68435952417875,75.81857154842386,76.88005244675526,75.15682123639677,73.07532253352504,72.37008211386433,67.55437187656283,0.9351994874619596,0.8099711555258469,0.9329119919331021,1.0456240369331837,1.173549318297557,1.0418946220259886,19.877447754657585,13.605155394987898,15.221958778468284,11.250963886819664,10.730385269222491,12.942899649624836,3.267399300877219,3.0045113831385146,2.832637655950633,2.358974711218926,2.0454071268492484,1.8557651882086983
RG,0.004921978212693853,91.99868005661368,94.34769417931314,97.21383313648684,99.40436932257617,85.72320601250534,77.89688305403513,74.00507318860046,71.50225411055317,84.94121647831307,85.5545956731732,64.02257978445108,1.204843147492317,1.0432110112305168,1.191633030848783,0.9989684974773471,1.2182490695057218,0.8971071109280578,20.317718518026815,11.978148075209681,15.965970050822834,15.11976781399907,15.604771468825417,10.204798171874698,2.5045903758739287,3.2086075656965924,1.9351969207263606,2.266323138312279,2.1723621299265705,1.8642909418838878
RG,0.00016706603160722137,97.63135898723756,95.65968160558901,86.3556586351421,92.1602036592617,86.89289617740553,64.88170868709403,78.66473174120546,76.25227867702104,67.73087041873535,72.23304514071626,70.24091128124772,0.8734770130534134,1.1217346491835645,1.0863112062612474,1.0929180475005902,0.9785104712990026,0.8561039124367731,14.73939208248628,16.30344236423436,17.723091952864905,15.291716122907934,15.434356082729076,9.773482602990507,2.6733991020694274,2.69795391780223,2.4467362449469565,1.6659498033152516,2.0186731126000783,1.8622039697200459
RG,0.014302637711733762,97.98615350134614,91.05973100744875,94.28053135255003,82.55761898531277,88.20669550587218,84.87152517953356,77.03271890241025,73.13953098380546,74.76655460427224,65.72616021557849,70.10523634477225,1.046284560260677,1.0644622746686874,1.0519053335515653,1.0757160879972383,1.1899182110436402,1.0082138811565553,21.51852617946328,16.650258447805445,16.02881388174578,15.77011083600737,17.21517940301803,13.829241661970403,2.96139126814038,3.152692670689884,2.566662116584034,1.525222308243585,1.7371852121601645,1.8527955951572124
RG,0.008242968333134709,98.07990972001771,93.06022356562141,96.90655359135226,91.33568340050769,93.19206533276963,85.86225630509682,78.80376998814313,77.69016314100725,78.95028618896306,70.74604771839098,75.96513559181086,1.1155235822064027,1.0064478004170914,0.9433143132625184,0.9397905100323671,0.4915305561524953,1.162898828971257,20.12278875575701,13.70498419028043,15.41722093483031,13.731266733912024,16.0156099189876,16.125111860889522,2.213527689447397,3.091748584397467,2.198393739149894,2.2010776283742035,1.8634117315789287,1.8567816628283227
RG,0.014304478042467436,98.25889273357124,94.8406771054003,98.24165741342838,88.67812728166943,84.3465001460203,82.23091677451498,81.43037314013173,76.5550128589653,88.44244981819709,78.6829283868262,71.78092283036793,1.131515511748055,1.2473106244407408,1.1980913240574917,0.8740126799237465,1.2148441110093233,1.0950770873303692,14.173359484548236,17.403970086801113,13.114149173581232,13.289680235739691,14.362709963338224,11.835062373431471,3.1465834249948115,2.895368349748333,2.167982179039762,2.407308472823348,1.6582358696544521,1.8600533031988098
RG,0.0003231078347880985,97.06129378949143,97.79268234020074,91.7985117943971,91.09971782001952,82.51257757952051,65.32684467954292,77.18976982505133,77.10575342142515,77.35178090139028,71.14468221759843,65.5223169757551,1.13751219588457,0.935241959465785,1.0374672024311795,1.1508957214162618,0.8025531738580655,1.016951509362985,14.601779309026712,15.463746942435327,12.534522249150712,11.74266841623795,18.432405021883483,18.88049871880148,2.7031615986527844,2.952099825010362,2.0462003994484026,2.5254551722413976,1.27546924756493,1.8562872510021993
RG,0.016178237497629713,99.78623862646187,96.18372406715066,70.73320864799783,98.98536308386068,84.9435356348074,84.64465094387963,82.84056235342302,76.3713414315896,52.20726797093202,81.8380967110716,66.90449550530718,1.0474313833549398,1.2555531179057104,1.1163971337743657,0.9611137992997576,0.8385888619383124,1.1852618452936072,20.309541232206463,17.170640345506044,17.674918466836715,13.985113794778766,12.57890770321075,12.139299087607291,1.6254061729931237,2.438027260161783,2.474866560200673,2.4903544835299636,2.1675574976537213,1.8454818330705849
RG,0.005956324138188765,96.73744157648103,98.69488430700343,87.06588581701733,87.39104957279659,87.07299378210257,84.0451413305954,79.94539432295532,78.72849282046174,72.7308399704085,70.81492609257481,73.33537587599682,0.9339309382616537,0.984246685144115,0.857792943939736,0.9721827031090321,0.8881866981629432,1.1002861964419368,15.277458423955151,17.008003175819283,16.33787391675298,13.611565886672624,10.740117675951517,10.503457101173316,2.3862965522948993,2.7076806248321446,2.409441316266215,2.200568039065741,2.1732241851746728,1.8749227287726289
RG,0.008500892602785963,98.73730454151361,88.19565845406672,95.5322048994816,80.31613533618142,84.70954618385367,79.44662041382344,80.18511421053685,71.51805031307755,78.67380696121984,63.956456604997825,66.38063481106899,1.0662012096647995,1.0656952775802258,1.1587229303016051,1.03608477560577,0.9611670921899242,0.9131887565148699,18.49426295416004,19.75120064746802,15.224309888001123,14.387475401529427,11.605813546114502,10.522213559785579,2.7754774581808146,2.9767132520137514,2.476843459047251,2.0099525596625036,1.8017396332322229,1.8672027409993581
RG,0.0034278352529410316,99.75034664348112,96.96766417877815,70.21658538144857,88.28774521357597,90.3682763434803,74.17382026855869,79.44514119133385,75.31327709713479,53.14446829604917,72.69288991803582,70.55832704518839,1.1648214751470682,1.198414336770971,1.254083953924847,1.1109541518396193,1.2136331676288972,1.1412245532346121,15.222658605787728,18.10934171962045,18.503614269673722,14.41296819867624,11.663737828193272,13.896803999545416,2.5463513763403887,2.9420183159864246,2.3817112686259536,2.5162750718341913,1.9608617415919487,1.8584993088875386
RG,0.0035525398955092574,98.29354099185291,92.62027928987048,80.93286500016771,99.84620141289834,85.42987446488902,78.20187680354373,81.86770310312168,71.17856872630938,63.38996453370936,88.46668724940345,69.59736526879469,1.1676328077930993,1.0407535034492887,1.042355457727482,0.9610716241152405,0.9675319476351306,0.7756951489375599,16.91653513878551,19.35266644146946,16.080552344016247,11.992183775487387,11.580181683789164,13.143624015399737,2.906973773769799,2.295107807310014,2.6136404692130384,2.25972681282587,2.2722382081584644,1.8597774569043162
RG,0.017697546310999058,93.77633707115791,95.53967441811834,88.79371151218442,95.64680092305579,91.59559063890953,83.51529123598745,74.61642040729949,78.91774384089918,73.15843036297827,77.56688547210733,74.27772438884887,1.1123468268474253,1.0960034029090404,0.9717330727683053,0.9320308102482016,1.033475853797366,0.6245058812181503,19.372908442378325,18.731979989172768,10.938642454420837,14.95974291913657,13.916225215636223,12.918076129154956,1.8222529519985509,3.1314692976212433,2.8987460740940483,2.0146366257711317,1.617196454409973,1.858783560403864
RG,0.012532562513953007,95.33525195979038,97.90978446812831,77.97698359887701,86.16239594471747,95.00307540245983,82.58576065731174,83.42598469660972,78.98860637101022,64.66822247652858,70.71645136024064,74.84803639533519,1.1402743671032223,0.9524572362953054,1.0255333506557904,1.0898472795893783,0.8909196607700544,0.6363473176130179,14.290247587849668,14.848395348782319,15.832379335388016,13.933310858466125,12.437799534591294,12.808495785334129,2.7373019809433763,3.6692980671614635,2.2980409390346246,2.279872155015714,2.2271843138384386,1.8876485932957754
RG,0.01619873437973733,94.81336636312275,90.69909209210694,78.59082916374965,97.53553544592192,99.55438035900228,84.07766727575317,73.77174054021162,71.97042032779012,67.86118788381344,88.04513896331815,87.39579002605142,1.1052264848339448,0.8931650579891114,0.9850834972852693,1.040822170421272,1.0120680362045005,1.2813666953821214,19.928525139969317,14.576559693402052,12.605069962352836,13.290171810850524,11.401199379585638,17.447781979254678,2.506469421963597,2.5214206311483243,2.5568286429527425,2.170563613462178,1.788890999267914,1.8374868940618607
RG,1.3490903662235232e-05,98.2867409185769,98.96263920146832,83.50622934351861,86.9314551513831,85.2302292588931,65.40726303981438,81.716845171227,78.39463345198297,66.67692809628582,76.10774293561158,73.51033855646773,1.1604837635028133,1.1312955165898437,0.9633626825455056,0.8932517215362172,1.3311540971360731,1.249566823576677,19.577299770748425,21.23861229705427,15.334559567167888,13.398393618105832,13.75616881379375,12.946648011208616,2.7684898799188074,2.3854557468561146,2.224195182475161,2.6826650258418816,1.9555087708624348,1.8683670677430617
RG,0.002186142269387262,90.63277942098678,93.03104780695936,80.54520543850086,82.48004528393221,89.40124066550024,74.55354994616826,72.4333755069364,76.11805567178752,72.36951218867418,66.05747790749926,78.52756364240679,1.1170614676868424,1.027520509528826,1.018962174411937,1.0391839719507585,0.8892614919800171,1.2803691764923413,14.166696131779949,19.43813707155427,19.17427087424819,14.32856748349983,11.948016707023292,14.197695853143777,3.4823362891377996,2.4902728427471645,2.408390119417095,2.3065314667654646,2.1838555121861014,1.881684150825602
RG,0.0037024567680945582,97.9035357738083,94.7118521964933,94.22918511434858,94.0961793154566,88.74730029917524,78.62549752859833,83.17580203447318,73.64585271557257,85.44822030502893,80.20229616479043,70.82084910620068,1.256836426648683,0.965574589829348,1.055292789323041,1.0375608067773283,0.7947948482792923,0.9919816901924677,16.743126527709162,15.782613126350672,20.913999946434927,14.726858052354588,16.491035231126567,15.077122637188705,3.0644036635008667,2.8104199646655594,2.386452713593797,2.0640219492739145,1.4874926877995591,1.8588015034783893
RG,0.002225338436177423,99.91047670514223,89.99278075397119,87.51195485556576,93.78883401921237,88.51538082947128,75.39616580776367,83.49717203972239,71.78592666119731,66.33860163431171,73.20081027268023,75.39497479889695,1.2051884976064966,0.8677844954645735,1.0328027639112276,0.9645377561854853,1.413509096583322,1.0911215176480844,21.982098755550076,15.964762513344471,14.958628175169432,13.834529894907426,15.376682893737389,14.253439874318277,2.095447742609432,2.810825105042356,2.6699297021408186,2.1909438607430127,1.2852108051741078,1.8677485262698563
RG,0.00455494054244428,97.21314388670943,97.31292347279302,79.06919933865652,91.87461292246816,93.2509266364784,81.28943803620429,76.8176978060009,76.66586146534479,68.07033339093562,72.13180754347914,79.63313317397089,1.1218281781570314,1.2460510383917365,0.9862242167010449,0.7781105161599191,1.1598035092085326,0.9880950823487018,14.174497836987339,16.498781396742878,15.399617116067551,10.421357268519063,15.997490234572197,13.970363182081062,2.311182175734889,2.8282721037714844,2.7698326607920776,2.630263664850392,1.8544284114162932,1.8600539109952714
RG,0.006412499547113829,97.81239873362689,93.92971499409336,85.24752387058662,93.54358973470413,82.84853412838596,77.79087772878984,75.41092610230898,72.00903151528063,67.25151391677204,78.35985722264456,72.33069314763284,1.091960849058188,1.1081736292186328,1.0246081993339617,1.2090446325548747,0.852270046154416,1.0324031539573648,15.734231813693638,17.587860335020512,19.632528119420382,12.535774873432574,15.142419217221068,11.838707385942893,2.429317876065085,2.976059252295098,1.8106233828101586,1.339974979242386,1.9107179149135667,1.8657981111724158
RG,0.020619989972619525,99.66659436832505,94.56725639817986,74.60538355723085,95.08463393293108,90.09747334599221,86.85159301079912,80.08920999567374,75.06909564202824,57.00157894837396,79.46228697265165,77.98637451415348,1.1215905091564229,1.1283021197227192,0.8610338539929449,1.0952342859164734,1.072786032755886,0.8735377098747732,20.601407592752835,14.929632051956068,16.259578777777765,14.652368190504232,11.322249595115789,12.211388287038437,3.198123691136666,2.775210960817546,2.5403474042599856,2.127243234976485,1.8344776851964448,1.866021388615378
RG,0.0034681444656848182,94.20245674409891,98.04959566643844,91.87755631194634,94.14616455446152,90.736999368564,73.08485663873351,73.74351789000482,76.56891708878868,79.14273653911826,73.55905441336613,73.8501511849934,1.1876492207605125,1.0935353972407378,1.023859052909612,1.1201740281917025,1.2092404815337294,0.9017153767656624,15.592310422559914,18.29383820057209,15.996541339041746,13.560958211145342,11.120664530477463,12.12011428336743,2.5982432291683417,3.001310133297379,2.654603772787512,2.4630452010600443,2.4610157867897895,1.875135803756212
RG,0.006512104528898492,98.10768880525407,92.62847767739615,96.95853569223355,95.16410127984136,84.35226024612514,81.33610829925318,81.74632600160612,73.60084318301168,82.76648855689442,77.50211203999973,66.50527747618689,1.3237920510304688,1.1079527988939344,1.0019573951851384,1.0064345341545589,0.9666578425194328,0.8464579482284685,21.351928045118125,17.302047571236418,16.586840799108096,12.920965629309013,13.132991796391588,14.371047591584322,2.6536010041326477,2.828441898577731,2.7919950512200122,1.9749021860460494,2.3667397518957034,1.8611950634575223
RG,0.004068053496539812,98.8769517663438,92.4782249429935,98.32924448189205,87.27659388398625,90.38158789171895,70.94168981320999,77.0831410878457,71.13394596735586,82.5682173340896,69.69250267345254,76.59890069364747,1.0508852508511513,1.0134168249680713,1.0547932809878535,1.206568362729456,1.1661911919875316,1.2352080010301938,17.799456227844406,15.868584083078293,21.915916094198863,12.341374567189613,17.332910174996346,9.184849925610049,2.882135318599064,3.2219517925776153,2.1747701787765337,1.7562812846026334,1.9492215401600341,1.849997900201017
RG,0.0008037853638453972,99.56652131600461,91.06360584367653,96.03971625875032,93.83027041286618,90.6500771013923,75.83526425188367,84.38268976414973,71.65754823820372,80.15186474433365,72.88257474043736,74.87536826405751,1.1412872847544564,1.2257929118470534,1.1472802115143081,0.9340477264668299,0.794176379346042,0.9351516874852627,14.116570950176976,20.931272401054443,13.137189798699625,11.807990286607557,15.437582885087181,17.678422311758194,2.5805329342078394,2.901866341876696,2.7537392365245714,2.429494730287236,2.2315862347159943,1.854362495316556
RG,0.0050674008856324134,98.01828716188889,94.37415144205606,77.32864264013539,95.43347646249089,92.65156209927076,72.86897985412661,78.31674121075778,74.76240173790018,61.70984284929489,77.02588665102718,76.24063082459278,1.15508021166877,1.2689294859890587,1.170618884044213,1.2038523581635754,1.1913539124568644,1.0227317635957955,19.78295242763986,18.921238806737257,20.504147890160056,12.990288061038834,13.53554730102502,13.910855828114897,2.137185836329485,2.546875868138832,2.802166128103765,1.6917542793870408,2.111589166752128,1.8734835585422827
RG,0.002561324579998098,98.15326646585548,96.25437897945997,79.5056297278989,92.90794172579149,98.35613956387465,78.79439711058625,80.76367264440618,76.10430833297737,60.34407404183146,76.44445505182307,74.83523939555644,1.3649312846679962,1.0184200886667027,1.0562235388101333,0.8455171985918406,1.1284946103806237,1.3141451842509826,19.758086684534447,17.378039774442897,18.856903461121753,11.388166247857923,13.520788729613368,16.551072296819314,2.765353027551406,2.59099997233379,2.1910570061349763,2.0266085588738987,1.7027779016334073,1.8466166645244564
RG,0.001246411649054737,99.43620726630407,98.13893902154315,91.86209128921692,91.6062587202664,89.78042648535818,71.20941707417595,80.77426583183528,77.26676871446996,79.01769381928771,73.46884219950324,73.26482084669368,1.0245375730206712,1.0098740338649193,1.1253814519902612,0.9525119576272059,0.884831867870926,1.050871266832748,16.865866841190737,17.70740709048997,14.165449020765262,12.012639703502902,16.414853502144837,8.778207347589891,2.4963814725238604,2.5645317531150345,2.6458569038401336,2.32249352228551,2.044779679003888,1.8604573970904574
RG,0.003372108769085411,91.65582965116712,97.14691061871264,94.15001143464535,94.42293928374824,87.1237320374991,79.73655415297783,78.26117772721902,77.41675061437651,81.2990049318735,70.30064809775722,70.20816245739812,1.1065426775528944,0.927549533420463,1.0494655516438958,1.096037697086992,1.0411167243249748,1.2146375792382353,19.156138753351975,16.747216452081215,16.69224858596758,10.23823137538004,11.25783411908932,16.262297023854305,2.3528454727455745,3.251508702932175,2.5725321631314744,2.2192315857282567,2.151062426012435,1.8547417454292565
RG,0.0038008689440472304,98.96561885058517,90.60127417791438,83.7633783746552,77.80661438819291,90.7814980463714,72.90843951498958,78.13977012887399,71.26615868954569,65.36039114661698,62.72935461759548,67.98370625307423,1.2721280699477586,0.9210724768395742,1.09082838170805,1.0124492279794688,1.248292231735266,0.8294041902170797,27.19383947753189,14.257316135755069,11.65531665686969,16.13807860589516,15.237278448065647,11.037711792198445,1.8984895410163038,3.022805683993664,2.772805099994861,1.9512181143833645,1.6567564078413675,1.867664086035195
RG,0.0046148381101684425,99.5549888534787,94.24685357390162,89.01376296465307,81.68407453318176,85.38363387383012,79.69453188620592,79.24421296803534,74.18056449756291,70.1645318766063,67.15249692093836,70.15958269809589,1.122150316202925,1.0047449655635075,1.1218405613727165,1.0558499724016344,0.9049813883270982,1.0393415766676681,13.558839404247124,17.409449305208202,20.656026746158503,13.349265285725588,8.058184384699004,16.469580965479924,2.65745200135701,3.167498564089988,2.1391812223651376,1.7946980333934905,2.305464158179273,1.8550466506789087
RG,0.005949822600328856,97.74250107114277,93.727878076402,82.32952650440123,91.02518925467818,92.27073367074748,80.02151020925828,76.04655451203917,73.25946037180856,70.72093818964755,75.685126445589,76.85795758920067,1.108522330216841,1.2105262217955375,1.034091606160154,1.1912143926519028,0.9947232519888758,0.9637170005880209,14.202714139030858,17.452388656262823,18.351507674702248,16.04070147437754,15.502326625804445,14.83643790409766,2.3480418654395554,2.5606568122156133,2.462271365793003,2.1550667258512366,1.9367761139906836,1.8486453195663506
RG,0.01216072411619467,89.55066424295883,95.62966105858041,89.6601261717984,91.71981756792846,95.46080053010152,82.2560007855314,71.3137292997233,73.77277211475511,68.3875913718906,78.20749145508077,80.39951843051782,1.1849198840698356,1.179958934162578,0.9995634606233845,0.9755835302926597,0.7834789095386083,0.8527052503562375,19.45296726706598,17.859014303137176,16.36681971951558,13.039723963339151,13.713501255807984,15.33401419804815,2.496915172773315,2.6281979781895197,2.062567962288176,2.43348942740047,1.7384757172166796,1.871345433304652
RG,0.0011268728679698324,96.75873393686442,91.54443645117082,87.25698306024603,90.19286844125982,83.93791089775323,70.98178529686643,82.7545720814468,71.93142911345997,68.70554745800295,75.49167674113805,69.71931918492685,1.1432919314002936,1.1211770060706339,1.0746610347123389,1.0674979452493984,0.7604737083283092,0.8618322335198145,18.20526735254592,18.172440596157205,17.862364693345587,13.89011220473994,17.25888044847789,12.756876138340553,2.3574909258963537,2.918895973112895,2.416489841310869,2.4113020214559464,2.0830664539599133,1.857372358153247
RG,0.004698144021495104,98.29127252740668,96.11827796105995,95.12982907802392,93.446074688479,81.0882537412729,73.9636532467444,78.62190173967382,74.94655642071457,85.59524862653653,77.61042293784533,62.95750556603636,1.147257178028433,0.9690673487198078,1.067483437011886,0.8962441213266832,0.869603961009403,1.1061671043987225,23.9759070345852,20.634951259881504,18.557352753859988,14.024950607977829,11.942449292918994,18.27254766686518,2.5077644077624246,2.592589428419948,2.616037042628653,2.4854334603556616,2.6335761959650723,1.8629602160705796
RG,0.008755857840488674,91.43558876702562,96.06224496105058,80.76903087124118,71.6111629962225,92.68454680430611,79.16832899604175,73.68490019505414,74.78979236901631,68.9564369856501,56.65766924678328,76.74786421264898,1.196237427525422,0.9966793783417099,1.1302173543087262,1.066241615662397,1.1133569683687927,1.182752972349026,18.445058250677704,18.154570978661962,13.649233587987727,14.886805909248892,14.504814204289104,13.529948197730683,2.3161955307962585,2.545976803622486,2.927342670777185,2.0667979360969935,1.720486606658536,1.8515481333964146
RG,0.019837132033583123,97.50134527169664,93.73306393440534,92.3249582519046,84.37516964617834,87.9190655614448,88.39597732600427,80.11020154236391,74.21607242309614,77.43973773591885,71.37547621224411,63.215044287701296,0.9997113643738716,1.0450559749894985,1.2112368749576685,1.0491688146825127,1.0622504907099022,1.3438599888384943,16.118976159726138,20.646985347587158,16.44562862371186,11.690925692548076,12.499033039999755,20.170161240915732,2.8317795679797375,2.404302624255789,2.523531858939809,2.9380343559977167,1.6359167957346983,1.847643922887192
RG,0.013222169536409987,91.5437466593969,93.88371648771026,90.31360903599052,89.76197186294112,87.13588747624856,77.05213140004096,75.36455410324673,75.60120560080087,72.13579894572956,78.08925936431267,68.58210605192203,1.1048190377503393,1.0581858244307778,1.1028256077845702,0.8790130264337717,1.035096239390341,1.3202983712660972,19.64472081511078,17.892580242587762,15.890895801641841,17.41747917814583,13.935045634626585,15.913117305547068,2.555042916824443,2.649304898822575,2.4610499021145653,2.047200430552912,2.0972096200299837,1.8515009452527238
RG,0.01280088529133209,96.92260017101539,93.7185212566562,81.93541117348055,95.96768744477724,81.33993555535159,79.41157384579577,77.84498186833589,73.37807435747654,68.23894642352245,84.10867171810254,69.25550721435035,1.171368652222093,1.0603142987735517,1.09392577146256,0.8872881656203075,0.9225062329668632,0.8403554521351875,21.021474922850473,19.34815060300711,16.85017243078239,11.600718041228772,14.799857471633091,16.284364224810005,2.6276325119448916,2.5365935677771474,2.2092341241151283,2.035598021243897,1.483018429106557,1.8588811100656026
RG,0.020660251607448995,94.9659071391052,94.66475110803748,86.3739331185642,91.90015728875836,91.95273263595776,81.97607388297062,74.39041661614003,78.95636044669206,65.41702166513232,71.40842807257354,73.32509123061232,1.2132416990591284,0.9723244897756039,1.067122395166554,1.2065738681221645,1.3237299381218792,0.7496421943281026,16.807607743524635,17.598750304175447,19.004643652386825,15.842986961259653,13.98136263598042,10.147077453474793,3.1433420827658853,2.7341540501350687,2.3470697790334376,1.933609140738166,1.8345193247560385,1.875546596971512
RG,0.004977905668303433,97.4028805668633,95.61860466015246,93.68850676069921,81.67212384582301,90.7123079183004,76.5662304242375,78.30326520268778,76.98945879060093,71.20009094679,65.33155963439333,77.59727620466467,1.1704363282064674,1.1443062155580608,1.1138157838030487,1.0678860118690583,1.1914476237847913,1.0123377400133695,21.22843000629868,17.571286223254265,12.824950621129473,14.221993766332595,12.563881838868296,14.309443316719285,2.153483592258369,2.696168883062882,3.1736815844420736,1.9725807497376353,2.3750482361853673,1.883742363438126
RG,0.011169080031159765,99.59548143259744,97.12812886135917,94.07005106146022,84.67553951690222,93.32617556589034,73.59663746775463,83.34168123250741,77.08379511842507,75.53206726073154,68.87155811652237,74.00646292922266,1.1349174024022866,0.8860653156598169,1.0388318546666502,1.0329401337091357,1.0489067534227134,0.8625445051490029,13.57506113838707,17.855007998672775,14.796260760593249,13.123902862072214,16.2436149949809,11.078881229383803,2.5713667929336643,3.1664450366749723,2.913209964848326,2.5827832602196117,1.9652823781701054,1.8585746257332925
RG,0.005543161587717122,94.25534633836519,92.39283098288837,84.91435769737029,94.7191184973718,81.21652181008625,73.46023503933597,77.10979049810085,72.1487678101448,62.25665853672373,79.77219874629955,64.45763834613437,1.154209482101028,1.3369008374333125,0.8295286689244556,1.1018528048308522,1.450368777494584,1.1733125571310805,20.449701768993602,21.3772807556777,15.69759996197152,10.927782761090803,13.847635179237958,10.142949025533758,3.027413009932079,2.2229040324004616,2.4376778084425497,2.030071893171582,2.0836423241638538,1.8540880294144355
RG,0.003893133843372258,92.56136322105525,89.70546279348761,92.91217938009486,79.89234014998001,86.92176041846807,75.13711607097382,73.52743092934182,71.36096817445217,73.98263792805852,74.10045517031718,67.88330579072831,0.9233944370945253,1.123418703453371,1.0469201108744068,1.0135743227977403,1.1022726152058657,1.430890963580184,18.582975104720582,19.361576828513357,14.708893235402952,15.838372301865917,13.333397189144899,14.32932675643819,2.588382270642002,2.401077193175147,2.322075862627114,2.011138651732707,2.3537163796525657,1.8438868161610191
RG,0.010277459303567524,95.35989815101334,95.13086870789677,88.1798757729823,91.62898051627022,85.03383147965418,80.16856146832758,75.39488124288381,76.34321716439622,79.77163195059266,74.75762869559918,70.37079717983593,1.2153945365289844,0.9141366937074659,0.9780664339346441,1.0416984785733623,1.0061329880142498,0.7831541039564918,20.92114926634131,16.513478298890895,15.657436638495104,14.394600197437057,13.709648114117172,13.562621447541579,2.3883612798049754,3.286309625325317,2.5337604129853455,1.967104825073827,1.917707457032672,1.853945233925449
RG,0.009843060241808558,97.99204479321715,93.33494635869624,90.66306585584057,82.6969802089512,98.9001414879059,82.53331080632009,77.18542365106005,73.26767853333935,74.61044672272944,66.71321173967442,83.45961078224924,1.0117520039867565,1.1134430222824272,0.9786186564641026,0.993579302544024,0.8800274504349698,0.986918061445228,19.492404698512576,20.154916323194577,16.556194631287077,16.61453022862031,14.560907365922475,16.207742602138165,2.428291023737031,2.0298832355611305,1.95794085965551,2.076815794435494,2.053460094760093,1.845323258444386
RG,0.007755461191266514,95.39922503373539,94.78143664709432,86.64808040183179,89.98368305704305,89.59282188224606,74.22969976712994,77.69943081194968,72.99601083320411,71.5278756240147,66.91572872919029,72.40229567577367,1.1649970666977374,1.1956577179354295,1.1260619799603073,1.0640853961805206,1.2437042888693348,1.193560861082273,16.65050138750266,17.568531175193048,21.356613711320282,14.622246678344156,13.299676621477147,13.760905600979791,2.288772437434081,2.8781110942309986,2.4808489534581066,1.7504817803671346,1.8030128888007342,1.8336283669580813
RG,0.00025697257737454705,90.97076478340009,93.14811144492145,80.27751784928307,83.91708293326596,88.72272732963917,69.70145638361045,73.87494807323434,70.98421466524341,67.21284187472229,70.23450508393036,76.84877263556815,1.0017958124940523,1.104924489215515,1.118189449122474,1.0928831648695252,0.7535229427347043,1.3046985272049971,12.001153927040715,17.795667591429364,16.983652631364176,15.520805700391447,8.094376926777558,12.92128050565575,3.1460343557389705,2.6052125442595284,2.136619978945933,1.8818759887718564,2.611184027942224,1.8442070974106601
RG,0.0005610501618711672,93.8868824994959,95.66635110112126,82.18126869776111,87.18648351774745,86.61930305093712,73.41356757372338,75.19442568406852,74.47384741338512,65.87315583104018,68.07154259066954,68.86848003079812,1.1393134006020262,1.1733132975559268,1.0446532118465002,1.1119378510170062,1.0839708048420524,1.0820817772088804,16.784601498484758,15.7525030222465,16.583035416562943,13.943425502157597,10.423746277857864,14.328777433432348,2.412015730076155,2.9501129761008436,2.515329310274625,2.3337238702238015,2.0611772439526166,1.8625215937097381
RG,0.017901800479521755,95.61039667339878,97.35669887533545,89.21559248110864,80.81734540484835,81.57493666853746,80.64343243552756,75.51950606542962,80.32697702229444,66.47790474855218,67.51759099223538,66.22101530607186,1.193701276539378,1.0688494142543778,1.0214217784733914,1.0165318458658879,0.9460055657054227,1.2050866064482675,15.836586380196572,22.01373764393222,16.23294833432594,12.53096986366737,11.213460042231699,20.90731995317419,3.0977893791073408,1.9189944433021553,2.3571720372711553,2.3475289033847604,1.9455662274754204,1.8489614784919834
RG,0.01756500487499705,91.02073996385015,95.9132271998902,91.3732906316464,76.97356748506783,83.54172048923166,86.95456647729091,73.384620236689,75.32413214018224,79.59550284662912,67.88037133552469,67.0052861017074,1.2714234151381227,1.1163670231018101,1.0869015411950043,0.9376752207531609,1.048264899041927,1.2973410014831734,15.102249591918124,14.956480284919298,15.588698640341837,16.814841861801227,15.93178563565203,14.249902330388387,3.1174802742277747,2.5131070049456743,2.728442686488583,1.7788781793883257,1.7277958245247342,1.8518439119977557
RG,0.005667458850300182,88.42498570168517,95.93584670946858,86.53550260160416,86.23059938216777,75.9294748971117,75.10846280030856,69.39282751201962,77.9679038348759,70.98791334528443,66.20924630360892,56.89524793860071,1.07055787709777,1.1111588984610539,1.1488287473572436,0.9763839290705508,1.029788670470734,1.0033644832514113,13.784938075268819,21.913611943960817,15.326885950013414,10.082501065179295,11.082789432144173,16.946974904054017,3.0184506096456993,2.2914039680372142,2.712621613446357,2.0393459975984634,2.214030101089506,1.869412532150007
RG,0.003053694814286006,99.66841428566171,96.89806486185361,84.13411153102527,86.70413017279337,91.04140891249011,70.72956185926412,79.9386935249217,80.14262342153786,67.53750730078833,72.329631632289,72.86404404075846,1.2854608301177164,1.025913594278108,0.958917770549444,1.0057200246944509,0.9428317297149169,1.3475938637289655,18.78172068704981,15.17819423346548,14.571086910515636,15.247416125031865,14.355537470179707,20.319027233867182,2.3550051476691793,2.8743228516662898,2.547177056936375,2.12697762980233,2.1132255164452594,1.844065294698297
RG,0.000333811761749765,86.82804533384157,93.29879836868912,87.79897746762089,80.49312123444952,80.16396210035352,66.15227300564419,70.99055925010241,70.44679991898639,78.24671789061499,72.59032075166081,62.79536377622211,0.9978905025701847,1.1827022179048272,1.1545978149855902,1.2627276614968794,0.6958803855083207,1.1435212910752346,17.939909312347595,19.568528162818673,14.882242437699881,14.917552561724566,12.208261802151464,17.541294493136448,2.7158860988548543,2.873746076274778,2.4334335811148384,1.7375666376208325,1.5798694109034237,1.8429006984683285
RG,0.0013902828482217791,96.55138327932612,92.81859791300877,83.56663686594558,85.46168705348707,83.69891313261566,71.22160116516683,78.3890527159239,74.28820928242129,66.7496736763857,65.2777141101301,70.0721752987415,1.1170932558657065,1.1721291869637294,1.1392981056131626,1.1808663785686049,0.9292194759039166,0.9868932205689401,13.574016169858304,16.580297955014515,15.918567815085215,11.943186429604193,11.037282675738133,12.190320577307062,2.277773080316579,2.8962791652937105,2.348559461265156,2.4024012482283505,1.9379665038364566,1.8598440926864508
RG,0.006528764740585503,96.2068953293287,93.40939363667465,86.29069018817339,85.18303575786535,95.26639679843939,76.94996429381936,74.59679115446315,72.4485486626876,61.929209748518716,70.62460467839641,86.58955803487572,1.1939538442302753,0.8694180014711788,0.9481171988817048,1.0021339494848844,0.6381649119338315,0.844996986945799,22.537338549646464,18.204318403471213,18.273960542974752,14.90041126827824,11.689136708686734,15.684018173534609,1.9850160073194503,2.656431102847216,2.3043511888963524,2.2484308919830744,2.3165778307222036,1.8531485599453665
RG,0.009617003434301203,92.87804693631209,94.67586316474932,87.9012978112733,79.35866030424181,86.47119427333163,81.93092161092508,77.73235304349924,77.66287959419112,71.94532470043808,64.7243497187164,68.93377855749348,0.9988843185913111,1.0466823225246535,1.0052964718907094,1.1016485359853418,1.3547940225660011,1.1255697941161886,22.857314637698074,19.982508327047753,19.239938706631527,10.698201458915278,14.914538817235494,11.069719509413284,2.4923838519269523,3.0561375033097398,2.400307216746752,2.457104518989846,1.4931606162164437,1.8743039505108605
RG,0.011418830957463702,94.21841571703159,98.91539603929915,87.32013554707379,97.55915624371055,82.2282404321939,81.70640284652869,75.90162440546524,77.80749905950185,69.92210729559832,77.32284117203932,67.83705457229064,1.1070324360947006,1.0717247114177857,1.1238854303298267,1.2100715577049943,0.8351648353753012,1.1612740063139966,13.896322829356865,17.326504017261275,14.54599320377695,14.524696914279529,11.587128813548695,12.051752754087685,2.368846857946686,2.7904142907855416,2.389043234640388,2.1049905136697125,2.1698687077389507,1.8537417935783849
RG,0.0026006071628840066,89.96942703139037,93.98116902677693,81.19306373162354,90.60798829214399,92.2491697389373,72.41080623552334,72.5386326488188,77.92553731900509,58.606158779483344,68.65894819111884,74.97845006986127,1.1602512862757577,1.1688257254466863,1.1059283044026544,0.9962373386303871,0.7982823681323905,0.8796371613294738,17.325970175503173,16.09598794459224,14.780957552459881,14.594722934347098,13.999833204307425,14.042865252415023,2.5478632811665705,2.8612620306271404,3.017539514460618,2.1550666341754106,1.728676108197486,1.8663903979835565
RG,0.009859667125018866,94.63810944464258,96.97915338999894,98.30354793990278,92.35892380272153,84.7984401098941,81.68418101509532,76.33835693240849,77.91686106128664,80.06766362366807,76.93771722460481,71.79347680373655,1.0279877319607211,1.1184698464378293,1.099953813478111,1.001647573128466,1.1694491569044008,1.2765766827545488,14.662760949993736,12.971799419613777,13.10495188438306,11.198101544465148,16.707414631835988,12.705201250741379,2.658579210999769,3.284415145380648,2.224735666609789,2.699867280778161,1.659277780145298,1.8562889178060893
RG,0.0016074654723278632,93.92405415742486,94.50403975206147,95.66771735013225,84.36492852498532,95.67604993843264,68.96332444334348,74.90650464561733,76.0213475857107,78.50302821488954,66.19002805872957,73.47066599674893,1.1267062802958177,1.0808653779680863,0.9921755886797053,1.1710502004735706,1.211274104915922,0.8225651007296669,19.139468043922207,16.021729213200455,15.947237294087692,16.954149691803245,14.430796335725562,10.888263158292228,2.6750061394582505,3.1852085174306324,2.6287973987539366,1.7252550953578638,1.6476923663413243,1.86097855939485
RG,0.006753448430313561,91.23468670063045,95.53551111793881,85.09636386256165,89.16919650693163,80.03749215177125,79.94222216277068,74.01767598424622,75.71301240913624,71.24971831399894,77.73344495108189,64.60147488477982,1.057314082416625,0.9598129971160483,1.2680029426186084,0.9964637338258131,1.2319533786213956,0.9551647292043612,16.264619047813447,17.993645739157227,12.214902008788954,14.556034921914016,10.6658755670496,10.56929437433984,2.7788527558260188,2.488442255177472,2.4371953811455196,1.4883564725182326,1.5977425415504731,1.8535247424935102
RG,0.012063434193150271,90.62757879879673,91.75427028660715,87.96499728591449,78.9237912694374,91.45915143985006,79.20864848023442,72.15465038384774,73.47692153891053,75.60319867109236,64.41709685765092,76.85692811456022,1.1980653513339066,1.0766201713619246,0.9364551151448055,1.1071834727934806,1.1790082538853053,1.066289973263836,22.838087333414588,16.540217033210432,10.697594498542465,12.592809045627781,12.888562296758524,13.898334734243754,1.7034387290010367,2.9880893764688023,2.545400786083396,2.3640888688099846,1.78894973997164,1.8747677177434152
RG,0.009438674196929144,97.22316840764712,94.88033989550888,85.10691812936442,88.93463755826764,87.23964839028001,77.90324702640439,80.93574270837193,74.56476786767583,60.20304498842289,71.96567711728794,74.19151412011574,1.1096748751205947,0.9641190833632979,1.2449495992662483,1.0522373115452144,1.0992759050555776,1.1304241552302792,18.600128934064504,16.23161292715554,17.293617132718822,16.539326129690483,9.497719980365483,15.14918609066706,2.4500711654685032,2.707019297367545,2.4222520795130613,1.7743200359026141,2.0606265410175353,1.8565836373332334
RG,0.004047417662290235,92.98383674504501,95.78220044811354,84.46479781062901,86.62045470661383,94.36782059178209,82.20220007206589,78.63437217985847,76.5718084450643,67.8751044263709,68.504831940274,82.23966660736477,1.1322406073668474,1.0091303009048078,1.055562196247859,1.0487680367758587,1.2706392583870172,0.9603438704993981,21.23887888859313,16.832311993508604,17.54381775277211,13.040410542074167,16.682131613562614,13.582832758346264,2.5904286539145636,2.869185778259065,2.2778919693633335,2.591656309491471,2.1637121425854646,1.8581763135040479
RG,0.012465402700208865,99.98194682094882,93.87199905343381,91.30978163924199,76.83254306633071,82.95074886401346,76.66507842042049,83.90271263655573,73.99257686838047,75.1957262165101,62.5277884904808,70.0659090862675,1.141092164239247,1.0248711751500919,0.9757233671504386,0.885094350771923,1.2386352666742395,0.863996279749524,18.779702919298767,17.714151069701973,20.07988292027555,13.185309880748385,15.310722061142783,14.952850180716291,2.7778078444609005,2.599078062587482,2.0683679733013465,2.150481291292504,2.2054485009942795,1.8555932827073192
RG,0.0025525189548347886,97.34417624399148,94.3844476152225,92.59188979945898,85.65597961395926,90.18838058353624,78.97536428263193,74.78180959936968,72.2629900613587,72.05841417371705,60.754766034241875,73.36018916985606,1.0263359875068205,1.2256242723525979,1.1075908976173656,1.1598541097405637,0.7595568420123815,0.9923619511135194,18.592179052440542,17.989384147419994,18.105153743423436,15.1274857731531,10.940682619079737,14.242185757074258,3.0342393466032966,2.6348663953797917,2.2216456023044358,1.9726595335118149,2.0245630278499185,1.854643484828121
RG,0.002178159093227427,90.61198442225997,97.63781229931932,94.08723064456285,79.80272216645297,79.20608927613964,79.78188749389012,74.44848241581975,75.09145198537043,82.06730301881011,62.511655436294426,63.816900902437546,1.0963314172402594,1.0022125108019146,0.9905282080037072,1.0237362152094565,0.8847987218175023,0.9223408654802294,23.5957414923722,14.153344473988282,13.395332567504369,11.26950263438794,15.185484948149773,10.642367307156167,2.6353625845400543,3.0556646938224947,2.7409446490047893,2.5169209527399348,1.8996951043583699,1.859625012135769
RG,0.006461523253657028,97.87122117733446,97.83369010160682,85.97543633269885,94.09170580356674,95.42163882931791,77.5656785349362,79.2262189176259,79.1328998746643,65.4707675556065,79.32191054987645,79.70515903535002,1.1671941742407463,1.0924969371564102,1.0243278546820378,1.1078811992979205,1.2140141437130672,0.8318146522140386,21.62076706745047,17.58504801605703,16.81756859535348,15.473012665934775,13.660377641864688,7.212790596318245,2.535500028285459,3.148426276700357,1.9116458225409283,1.8941619805112653,1.9292776908167915,1.8727507616905739
RG,0.004086551173515228,95.45921673907986,87.18457847103173,84.68349861370017,76.08105753206644,85.14966275117756,76.70450934316202,77.0105031374047,68.24572187239833,65.57995319914676,65.42067657230712,68.27927011192062,1.208875549291654,1.2309717802844826,1.171038168463625,1.0564609833878056,0.9544629027521933,0.9749769009518323,23.25077972165821,15.070773905992402,17.55209119039759,17.242632127340308,15.274825701159795,16.196018578551627,2.569816808851818,2.3475312646798483,2.6675882248787546,1.9391689950596571,2.073527130524313,1.846351054437311
RG,0.025272592943700666,91.14399151266551,91.72588720069041,91.88857512406878,92.51957373493438,98.72826893767684,89.79078489919713,74.48600754853358,73.24723782712347,76.77225485085478,75.79726431349724,83.06626968282445,1.0767476403506382,1.0196637817047551,0.9639193774289482,0.9702947008540495,0.7615750339096308,0.888311883161363,20.81567212727668,19.778709652719083,17.560734678985234,14.394695574869688,16.348929552724098,11.80583770186107,2.978453525653128,2.8894832847635255,1.986637102879187,1.592134575444483,1.6938372330733964,1.8547587063917936
RG,0.014525710312915921,95.5891025105808,90.09939163581953,91.61577226553794,89.68202720905902,93.93941395066108,83.95837054741578,78.53823215052572,70.5391700730501,76.13898223675577,72.11845781432649,76.81350539532025,1.0550702934279952,1.1531021536470307,0.961240611340128,1.142351181586033,1.409111037868162,1.374418224680021,17.251059340581563,12.108693193031218,16.555733772297927,16.784120819171978,13.984802192647102,15.946290204197313,3.133020728039731,3.1263163828671603,2.410673094073744,1.775188036756879,2.029044522844344,1.8526624421145748
RG,0.0034624009907826916,90.48831371118528,93.72326471757547,80.08196326374119,90.77883497210655,93.01165548022567,76.95324634782409,72.52707351499252,73.3295360067903,61.365278918726915,76.51512222190784,73.83764694767288,1.0878066731800589,1.1676058245952834,1.210468225925422,0.994493209069691,1.0337943458663847,1.003608052854331,13.826584243595843,17.65785299428304,12.800605753435422,11.712151698145767,9.381290637421875,20.82385481122287,2.772918581128814,2.76384652144791,2.639317598737976,2.5889568908976046,2.7417439310698763,1.8570642479458708
RG,0.0035578734198318212,95.98785190995017,98.13939507331101,74.90561397633168,91.25791043017932,96.66907488350355,81.27720826293879,74.01077870559591,78.25331852489315,54.516656307047995,71.72525886049573,76.24106741486136,1.2130124085410596,1.0317277145707342,1.1105328449717446,1.0750428481649417,1.0705241204692604,0.960360425672828,22.32986558232643,21.709101308648165,16.001875913928124,15.525276431220425,14.496430027939972,14.831624086352285,2.601362145046516,2.836979211330456,2.2137864877459026,2.0194540198604356,1.6280796580511607,1.8576173416552424
RG,0.01326358081181982,99.75530017645711,99.07208627911496,69.21708215354431,82.90082172591781,89.16887601516576,76.28830774597684,79.6542623500263,80.14413865240476,56.27030403642749,68.30150806762747,74.77712439922973,1.249007280024346,0.9819664297677737,0.9377326412491911,0.8739304087139825,1.238796081638331,0.7224811258302193,21.84462761108483,19.17831460739064,16.521040849784182,12.153202460144337,15.97182485588572,13.40838478391144,2.533034336742256,2.3219806530022638,2.104431259500527,2.5253001014112955,2.210476517545855,1.8641198616135535
RG,0.007691284276953508,90.45833939994706,95.20871264211698,92.68679637565025,78.14385999456627,95.05286659077548,84.18390222809785,73.40780782112711,78.39070729107303,73.80307754988183,61.51030138698165,78.41536878860849,1.3926824947398886,1.018390910815745,0.9865418289666408,1.254549284051526,0.8207704714764629,0.9539934546539715,19.630611831781664,11.132569676902325,13.841915607952489,15.137285114543495,10.666134606707395,10.338769690686352,2.0598238658639794,2.806542367635685,2.570480312945818,2.07846715283192,1.670788978497847,1.869890208092581
RG,0.0006567306146347991,90.1052162674004,90.08298610874763,82.63851612454026,94.88660976581653,91.89154199501758,73.13892402515158,74.05762437348571,74.61435666201946,66.52941888259488,77.92477174390368,75.46754876810965,1.086651633839217,1.0626633271406127,1.108642582756953,0.8599555300367955,1.0239742723277494,1.0036619676452776,13.150082913633337,15.807451595174209,18.847357373427776,13.491900468833068,8.463372190740497,17.59545837476793,3.202361420155631,2.9405069084037065,2.643560160077169,1.9439659294732434,2.2730391431328067,1.8439772128256564
RG,0.011664618225067454,91.65226744049312,92.0158173244466,87.89894940902036,83.93973915280371,88.88103442984682,82.14100141054803,72.92692487532965,75.71751728455743,71.36962351986365,68.50058090159833,67.68393997040262,1.1207807445154783,1.0076762687971093,1.0309180489774705,1.2078923413082379,1.1429697225796973,0.9410049011682948,18.411332658248433,15.42253324559447,18.016732158937973,17.840251816005196,11.622357869499485,9.542647046602703,2.785260966455555,3.0240396598774515,2.335657577719169,1.8975577953572627,2.208443952097613,1.8693142395797868
RG,0.0013894483204952767,98.00389267421488,90.73893378508797,80.01272639762367,79.57856406584457,78.82016119305285,72.12517131985989,77.8362230791799,69.72300818558857,67.93201989259259,64.51522217749545,60.952796760464025,1.0493606347493396,1.2017093397756864,1.0537945582760702,1.0808354255737074,0.78814998776362,0.7342624655151218,10.36017355531991,18.78919070380921,11.914181098509971,16.071138881923837,13.340519492470062,16.519327516075748,3.1368200699803173,2.0110631024228707,2.825601601089633,2.083171481038597,2.068249952236552,1.8409781373682208
RG,0.00737477713440667,98.47618501779608,96.99551057442895,88.56414112393782,73.90729110979602,91.3313533260555,80.89398102216883,80.93001299081422,76.35833150750368,69.57906137924621,66.5117418815864,76.6729862800949,1.1357033377876729,1.0626154813961493,1.0828003026069464,1.2412903382922649,0.7438660319462664,1.1114683057380526,17.69669007604739,17.091537850281327,18.308196377521973,13.642419947434126,13.541644805244452,9.48671383946735,2.381901216782058,2.5544500013322096,2.427550532916151,2.117434237979397,1.8285920949956993,1.8779472176461096
RG,0.0018705650111933182,95.82219611387394,94.73841001283766,79.01309878023797,89.16183908979994,77.42408122620093,75.2434503831969,81.744262877716,78.11157105036534,60.35765146379971,70.63711082916188,63.177859083575825,1.065203842004741,1.0790851993382515,1.0482810440886245,0.7475309105069683,0.7519464945061958,0.8757804083293336,17.200090985706243,17.546632341012526,17.490477354148748,13.718322868441176,14.003937257247658,13.058557490965734,2.5628807768393354,2.80611182740444,2.4084156259984164,1.9227599509476134,1.905541250701468,1.8656027432103843
RG,0.0015738585943409044,96.75219909204304,98.95106481848327,97.90764396601458,93.24929742447686,88.93467904159941,77.8282932395997,80.09732786496184,78.9387975978154,71.25752586751416,75.8331790667588,75.62827530595514,0.9468749679774213,1.164944795838617,0.8526480618171081,1.1238337812184824,1.0870006688569376,1.0008931989728194,18.69601565913929,17.12817862503928,14.016196539922039,17.569035638265532,12.559754486393029,13.653153711509631,2.6209883118033916,2.709138148621071,2.1327872071394833,1.8596685171424852,2.087990484494205,1.863376397915929
RG,0.009560967456645779,94.69926010191475,85.82625444091481,88.92525041529497,96.90016779964995,88.66389090601753,85.07158363541794,73.95455447683527,68.43076331801532,73.48642657095745,85.33160732488099,72.39748723144356,1.0213063344466282,1.0305762760235977,1.0058931988176827,1.0131789880211581,1.3163834846121352,0.8035263795473996,17.02904554985387,17.72163423889433,14.451027970374033,12.221721626030375,11.967013741388902,16.361464081540195,2.3200147946913225,2.486111103698034,2.421744167243195,1.7732681267837982,2.1740834279655608,1.8495694702028478
RG,0.005486539196462748,93.56774629848913,91.12517061652112,88.18604016807939,94.46809353465883,91.79832334986438,73.85933406731418,71.23163913028111,73.77624629212406,76.79580462784621,82.14590074688206,76.6114669961476,1.2236338674051384,1.0690748355740223,0.9576549990445156,1.1569040516445686,0.719786462627271,1.266857340505925,19.441539747293152,10.83119218012497,15.025743928392853,14.936281707303515,10.600033755044091,16.69161671530806,2.906010599173687,2.945673775243232,2.5715014168473234,1.4789366347690716,1.9584820480555192,1.8679910036055953
RG,0.0024167030752295284,99.766015864926,94.83621237041655,78.61317365664227,77.5116826750778,87.64745144643398,70.61487693297532,82.39172697048993,74.41062423850326,60.30484179555889,61.023685099178394,71.99438153176841,1.2570892300247534,1.0509383168557738,1.0740936771398428,1.2491533546857534,1.0329201301072195,0.749057616487179,19.95935341500613,16.55299781391009,17.792804202613393,14.536610799034808,14.3621900059637,9.43918322162562,2.5677612893251966,2.3169997418051036,2.5791364630318445,1.6673707682693344,2.2474426912844616,1.8521610714527224
RG,0.008169340705332694,96.03982282484581,95.84671614855398,93.50351524073687,84.18881689644326,87.65820490009044,83.77504900017468,77.71352007802834,76.6123861003083,75.90885409481885,65.71439718143645,69.22140726553228,1.136440842234856,1.034545318383818,1.0105260232041635,1.2325811630489814,0.6288796447893039,0.9975471120878056,14.718798188613551,18.321507897472017,12.718176554927474,15.640427173235624,13.030896240077126,12.210446187306621,2.629974665798816,2.8699884380309344,2.4555162510061144,1.8341706821882384,1.6783711028971031,1.8636688750235404
RG,0.005935218306253768,95.12524584856196,94.27893235734719,91.25851490182274,82.68551058720601,79.80225658709213,75.45290528505234,79.57215747218144,75.40916208985367,73.26288104660571,79.78342691608754,70.0284979633659,1.2314760666157685,1.111267013222684,1.0840764135750856,1.1453562839781615,0.8806877797134903,1.003816074106628,21.9989770812684,17.6761592642409,15.366186515079594,14.950500077944417,10.411365008279873,9.65810304212989,2.4876151345395896,2.3030211639128817,2.1110401107103436,1.9493531292652329,2.8024057915844147,1.8738383586291099
RG,0.00406463671795135,98.13761345368937,93.98397645586128,74.35471240732218,87.97975357653957,92.07073006158993,73.4368872350797,81.51118498269753,73.76862846816948,63.16702973941596,72.56584770208569,73.62101195793025,1.2319764206202557,0.9653674323645405,1.1484487167971604,1.045424393883435,0.860554823219076,1.0570955260307455,21.028271551828066,14.299949118338393,18.386897154634504,13.471901803959861,11.619021988696986,16.591354881911684,2.127591143918925,3.3103054084034147,2.5776656619132687,2.0337473513574986,1.6938652145839785,1.8440310062936223
RG,0.004514714247459786,99.94220349231396,98.04838377267542,80.38304737674173,91.00562128849592,90.05079855167419,76.21965246025515,82.77965573075436,75.60177543808106,59.18466802180433,77.52712779930197,67.96383356814147,0.9582185219988326,0.9251951177359309,1.095617397260102,0.9704236504234592,1.179049823313144,1.15208365943043,13.596405182612298,15.656045775674379,16.83179125947644,9.928433934514395,13.611869273924587,14.541942921752941,3.06050229556864,2.9945804265029228,2.5687399864790965,2.1311874347438313,1.9252560162801498,1.8479206467215916
RG,0.006506211252539428,97.25617789984024,99.26938161161556,98.95288158869582,90.25801240714924,97.05919528886703,76.32577427447046,82.04265861526035,78.6085166216278,82.29158236284852,71.14310298355517,80.65231126435172,1.0656017896498142,1.1289481459671107,1.2497634567959923,1.0004327494039011,0.9202442873808194,0.6141918088695901,17.84622531662126,17.370161851255883,15.900862710660107,15.793092439245454,11.941294928547869,16.009354185519932,2.388174436279313,3.5330333972011694,2.611808476421884,2.061046486391913,2.234512823881312,1.871117117056521
RG,0.000608424041770313,95.50374131736311,94.19417811229843,91.08121888190622,90.27558896183278,82.0691984481503,71.88690261175775,75.87110595814774,75.82849522235838,64.50417077986924,75.95929724440666,67.87353734100407,0.9672694973701926,0.9087727003142457,0.9720806363034258,1.1383143989593185,1.2822800852688734,0.6335305529956083,13.966969868769478,16.813380409135394,12.93251158869528,13.053227487063458,16.54022361656313,15.51605207926752,2.8253268231999025,2.887958597547943,2.6731258028144307,2.403897289698683,1.9093670116442167,1.8509955973319006
